268535960,0,9,0,"0,2,1,3"
284505324,0,9,1,"0,1,3,2"
285538933,0,10,0,"0,2,3,1"
289494173,0,10,2,"0,1,2,3"
289494204,0,10,3,"1,5,8,18"
289494280,0,10,3,"1,5,18,8"
294574920,0,10,4,"1,5,0,8"
294574988,0,10,5,"1,8,5,0"
294575044,0,10,5,"1,5,8,0"
294575105,0,10,5,"1,0,2,18"
294575229,0,10,5,"1,5,8,18"
294575288,0,10,5,"1,5,8,0"
294575348,0,10,5,"1,0,2,18"
304482157,0,10,0,"0,1,5,8"
305900726,0,10,6,"1,4,5,8"
305900765,0,10,6,"0,2,1,25"
305900823,0,10,6,"1,0,5,8"
305900884,0,10,6,"0,1,2,3"
305900925,0,10,6,"2,0,1,61"
305901017,0,10,6,"4,30,8,5"
305901079,0,10,6,"4,0,30,8"
305901125,0,10,6,"0,4,1,30"
305901166,0,10,6,"0,1,5,30"
305901206,0,10,6,"0,1,2,5"
305901398,0,10,6,"0,1,2,5"
305901282,0,10,6,"0,2,54,1"
305901456,0,10,6,"1,5,8,34"
305901545,0,10,6,"1,5,8,4"
317814964,0,11,4,"0,1,2,38"
330747739,0,11,4,"0,2,1,3"
355785344,0,0,0,"1,5,8,11"
359901093,0,0,0,"0,1,4,5"
359901162,0,0,0,"4,0,1,30"
359901249,0,0,0,"4,5,8,1"
378814387,0,0,4,"0,1,2,38"
363564459,0,0,4,"1,0,5,2"
363564562,0,0,4,"0,1,5,21"
363564670,0,0,4,"0,5,8,1"
363564790,0,0,4,"0,5,1,8"
363564895,0,0,4,"1,5,8,0"
3897396414,11,2,12,"1,5,4,8"
3897396506,11,2,12,"8,5,1,4"
3897396890,11,2,12,"4,8,5,1"
3896626901,11,2,12,"8,1,4,5"
3897406808,11,2,12,"1,5,8,18"
3958210724,11,8,7,"1,0,18,5"
3975370462,11,9,0,"1,0,2,3"
3974615507,11,9,0,"1,8,5,23"
3976976785,11,9,0,"1,8,5,11"
3979035468,11,9,13,"8,1,5,10"
4831976759,14,6,1,"1,0,2,3"
4832586726,14,6,2,"1,8,5,16"
4832589242,14,6,1,"2,3,1,0"
4832589824,14,6,1,"2,3,0,1"
4832590734,14,6,1,"2,0,1,3"
2069533881,16,10,16,"0,1,3,2"
2069535371,16,10,16,"1,0,3,2"
2069538001,16,10,10,"0,1,2,4"
2069539647,16,10,10,"1,0,8,4"
2070337272,16,10,10,"1,0,2,3"
2069545573,16,10,10,"1,8,5,0"
2069550159,16,10,10,"1,0,8,18"
2069547711,16,10,10,"1,0,8,18"
2070347086,16,10,10,"1,0,8,3"
2069555683,16,10,10,"1,0,2,4"
3364135988,16,2,2,"10,8,45,2"
3363319369,16,2,2,"0,2,3,1"
3363322685,16,2,2,"0,1,2,3"
3364145494,16,2,2,"0,2,1,6"
3709348279,16,6,9,"0,4,3,30"
3710162368,16,6,9,"2,0,3,1"
3710163590,16,6,9,"0,2,3,1"
3710164890,16,6,9,"0,3,1,2"
3710172190,16,6,9,"0,2,3,1"
3709362909,16,6,9,"2,0,3,1"
3710176236,16,6,9,"2,0,3,1"
3710177838,16,6,9,"0,2,3,1"
3710181096,16,6,9,"0,2,3,22"
3710183966,16,6,9,"0,3,1,22"
3710185756,16,6,9,"0,2,3,22"
3709376609,16,6,9,"0,3,1,2"
3710189690,16,6,9,"0,2,3,1"
3709380169,16,6,9,"0,2,3,1"
3710193490,16,6,9,"0,3,2,1"
3709384255,16,6,9,"0,2,3,22"
3710206082,16,6,9,"0,1,3,2"
3710207552,16,6,9,"0,3,1,2"
3710211570,16,6,9,"0,3,2,1"
3710213490,16,6,9,"0,2,3,1"
3710221858,16,6,9,"3,0,2,1"
3710223896,16,6,9,"0,2,3,1"
3710225270,16,6,9,"2,3,0,1"
3709416101,16,6,9,"0,3,2,1"
3710228286,16,6,9,"0,2,3,1"
3710229718,16,6,9,"0,2,1,3"
3710231816,16,6,9,"0,3,2,1"
3709422375,16,6,9,"2,0,3,1"
3710234506,16,6,9,"3,0,2,1"
3710235974,16,6,9,"2,3,0,1"
3710237148,16,6,9,"0,2,3,1"
3709427969,16,6,9,"2,0,3,1"
3710242788,16,6,9,"0,2,3,1"
3710244228,16,6,9,"2,0,3,1"
3709434799,16,6,9,"2,0,3,1"
3710246692,16,6,9,"1,3,0,2"
3709439043,16,6,9,"3,0,2,1"
3709443395,16,6,9,"2,0,3,1"
3710257594,16,6,9,"0,2,3,1"
3710260480,16,6,9,"0,2,3,1"
3709450433,16,6,9,"0,2,3,1"
3710263140,16,6,9,"0,2,3,1"
3710265812,16,6,9,"0,2,3,1"
3709456309,16,6,9,"0,3,2,1"
3710269774,16,6,9,"0,2,3,1"
3710271930,16,6,9,"0,2,3,1"
3709462135,16,6,9,"0,3,2,1"
3710275502,16,6,9,"3,0,2,1"
3710278780,16,6,9,"0,2,3,1"
3710281732,16,6,9,"0,2,3,1"
3709471675,16,6,9,"0,2,3,1"
3709474595,16,6,9,"0,3,1,2"
3710287342,16,6,9,"0,2,3,1"
3709479751,16,6,9,"0,3,2,1"
3710294014,16,6,9,"0,2,3,1"
3710294332,16,6,9,"0,2,3,1"
3709488745,16,6,9,"0,2,3,1"
3710303144,16,6,9,"0,2,3,1"
3709494807,16,6,9,"0,2,3,1"
3709498239,16,6,9,"0,1,2,4"
3710313282,16,6,9,"0,4,1,30"
3710314634,16,6,9,"0,3,2,1"
3710316944,16,6,9,"2,3,0,1"
3709509391,16,6,9,"3,0,1,2"
3710325426,16,6,9,"0,3,2,1"
3710349894,16,6,9,"0,3,2,1"
3710351670,16,6,9,"3,0,2,1"
3710353886,16,6,9,"0,3,2,1"
3710356938,16,6,9,"0,3,2,1"
3709549069,16,6,9,"0,3,2,1"
3710364322,16,6,9,"0,1,3,2"
3709551389,16,6,9,"0,3,1,2"
3710365786,16,6,9,"0,3,1,2"
5275430068,16,11,9,"3,1,0,2"
5274824769,16,11,9,"0,2,3,1"
5275438240,16,11,9,"0,2,3,1"
5274838595,16,11,9,"0,3,2,1"
5274841549,16,11,9,"0,3,2,1"
5274846347,16,11,9,"0,2,3,1"
5275456574,16,11,9,"0,2,3,1"
5275459996,16,11,9,"0,3,2,1"
5274855499,16,11,9,"0,3,2,22"
5274858821,16,11,9,"0,2,3,22"
5275470678,16,11,9,"0,2,1,22"
5275475184,16,11,9,"0,2,3,22"
5275479226,16,11,9,"0,3,2,22"
5274874065,16,11,9,"0,3,2,22"
5274877333,16,11,9,"0,3,1,2"
5274880903,16,11,9,"0,2,3,1"
5274884435,16,11,9,"0,3,2,1"
5275496588,16,11,9,"0,3,2,1"
5274890495,16,11,9,"1,3,0,18"
5275502656,16,11,9,"1,0,3,2"
5275506822,16,11,9,"0,1,3,2"
5274902679,16,11,9,"0,1,3,2"
5275519170,16,11,9,"0,3,2,1"
5275521514,16,11,9,"0,3,2,1"
5275524698,16,11,9,"0,2,3,1"
5274922047,16,11,9,"0,2,3,1"
5274925081,16,11,9,"0,3,2,1"
5275534970,16,11,9,"0,3,2,1"
5274930223,16,11,9,"0,3,2,1"
5275540398,16,11,9,"0,2,22,3"
5275544456,16,11,9,"0,2,1,3"
5274941113,16,11,9,"0,2,3,1"
5275553084,16,11,9,"0,2,3,22"
5274951015,16,11,9,"0,2,3,22"
5275563500,16,11,9,"0,2,3,1"
5274957799,16,11,9,"0,2,1,3"
5274959155,16,11,9,"0,2,3,1"
5274965187,16,11,9,"0,3,2,1"
6237907963,16,9,14,"3,0,2,1"
6237906373,16,9,14,"1,0,3,2"
6237911503,16,9,14,"1,0,3,18"
6238435984,16,9,14,"3,0,2,1"
6238439726,16,9,14,"0,3,2,1"
6237921437,16,9,14,"3,2,0,1"
6237919483,16,9,14,"0,3,2,1"
6238448088,16,9,14,"0,3,1,2"
6238450178,16,9,14,"0,3,2,1"
6237931153,16,9,14,"3,0,1,2"
6238459744,16,9,14,"0,2,3,1"
6238461974,16,9,14,"0,3,2,1"
6238466952,16,9,14,"0,3,2,1"
6238471630,16,9,14,"3,0,1,2"
6237952685,16,9,14,"3,0,1,2"
6237955451,16,9,14,"3,0,2,1"
6237959001,16,9,14,"3,0,2,1"
6237965749,16,9,14,"0,1,3,2"
6237968555,16,9,14,"0,3,2,1"
6237970873,16,9,14,"3,0,2,1"
6238496474,16,9,14,"0,3,1,2"
6237974249,16,9,14,"3,0,2,1"
6237976577,16,9,14,"0,3,2,1"
6238503262,16,9,14,"3,0,2,1"
6237983175,16,9,14,"3,0,2,1"
6237987353,16,9,14,"3,0,1,2"
6237992237,16,9,14,"3,0,1,2"
6238518206,16,9,14,"0,2,1,3"
6237998985,16,9,14,"0,3,2,1"
6238006625,16,9,14,"0,3,2,1"
6238526758,16,9,14,"0,2,3,1"
6238534604,16,9,14,"1,0,2,3"
6238539988,16,9,14,"0,3,1,2"
6238618263,16,9,14,"0,2,3,1"
6238546542,16,9,14,"0,2,1,3"
6239125166,16,9,14,"0,2,1,3"
6238609485,16,9,14,"0,2,1,3"
6241999104,16,9,14,"0,1,3,2"
6241494349,16,9,14,"0,2,3,1"
6242005148,16,9,14,"0,1,2,3"
6242003390,16,9,14,"1,0,3,2"
6241493365,16,9,14,"1,3,0,2"
6242014198,16,9,14,"0,1,3,2"
6241502661,16,9,14,"0,1,3,2"
6241506039,16,9,14,"3,1,0,2"
6241507225,16,9,14,"3,2,0,1"
6242025348,16,9,14,"0,3,1,2"
6241512879,16,9,14,"3,1,0,2"
6239132986,16,9,14,"0,1,3,2"
6239135232,16,9,14,"3,0,2,1"
6242031052,16,9,14,"0,3,2,1"
6241519045,16,9,14,"3,0,1,2"
6241531095,16,9,14,"0,3,2,1"
8169876118,16,10,15,"0,3,2,1"
8169847213,16,10,15,"2,3,0,1"
8169876504,16,10,15,"1,2,0,3"
8169876686,16,10,15,"3,2,0,1"
8169876952,16,10,15,"2,3,0,1"
8169877252,16,10,15,"0,3,2,1"
8169877588,16,10,15,"2,0,3,1"
8169848695,16,10,15,"2,0,3,1"
8169878488,16,10,15,"1,0,3,2"
8169849877,16,10,15,"0,2,3,1"
8169850767,16,10,15,"0,2,3,1"
8169851539,16,10,15,"2,0,3,1"
8169852243,16,10,15,"2,1,0,3"
8169852531,16,10,15,"1,0,2,3"
8169882450,16,10,15,"3,1,0,2"
8169853481,16,10,15,"2,3,0,1"
8169883478,16,10,15,"3,2,0,1"
8169855137,16,10,15,"0,3,1,2"
8169856325,16,10,15,"0,3,1,2"
8169886948,16,10,15,"3,0,2,1"
8169888092,16,10,15,"0,3,1,2"
8169859981,16,10,15,"1,0,3,2"
8169860555,16,10,15,"2,0,3,1"
8169890424,16,10,15,"0,1,3,2"
8169861201,16,10,15,"0,1,3,2"
8169891416,16,10,15,"0,3,1,2"
8169892876,16,10,15,"1,3,0,2"
8169865351,16,10,15,"0,2,3,1"
8169866543,16,10,15,"0,3,1,2"
8169867787,16,10,15,"0,1,3,2"
8169869961,16,10,15,"0,3,1,2"
8169898380,16,10,15,"0,3,1,2"
8169899798,16,10,15,"2,0,3,1"
8169870759,16,10,15,"2,3,0,1"
8169870893,16,10,15,"0,2,3,1"
8169871181,16,10,15,"3,0,1,2"
8169900816,16,10,15,"3,2,0,1"
8169871723,16,10,15,"0,2,3,1"
8169871977,16,10,15,"0,2,3,1"
8169901588,16,10,15,"0,3,2,1"
8169872515,16,10,15,"1,0,3,8"
8169872997,16,10,15,"0,3,1,2"
8169902898,16,10,15,"1,0,3,2"
8169904126,16,10,15,"0,3,1,2"
8169904488,16,10,15,"0,2,3,1"
8169875495,16,10,15,"0,3,1,2"
8169905286,16,10,15,"0,2,3,1"
8169905694,16,10,15,"0,1,3,2"
8169906184,16,10,15,"0,3,2,1"
8169877413,16,10,15,"1,18,3,0"
8169907454,16,10,15,"3,1,0,2"
8169878685,16,10,15,"0,1,2,3"
8169879929,16,10,15,"0,2,3,1"
8169908652,16,10,15,"0,3,1,2"
8169909888,16,10,15,"0,2,3,1"
8169910696,16,10,15,"0,1,3,2"
8169911820,16,10,15,"0,3,2,1"
8169883811,16,10,15,"1,3,0,2"
8169913800,16,10,15,"0,3,1,2"
8169884939,16,10,15,"0,2,3,1"
8169916712,16,10,15,"3,1,0,2"
8169888389,16,10,15,"1,3,0,2"
8169889099,16,10,15,"0,2,3,1"
8169889455,16,10,15,"0,2,3,1"
8169889929,16,10,15,"0,3,1,2"
8169890197,16,10,15,"0,2,3,1"
8169920080,16,10,15,"0,3,1,2"
8169920604,16,10,15,"0,2,3,1"
8169921458,16,10,15,"2,3,1,0"
8169893315,16,10,15,"3,0,2,1"
8169924064,16,10,15,"1,3,0,2"
8169925484,16,10,15,"3,1,0,2"
8169926272,16,10,15,"3,2,0,1"
8169927698,16,10,15,"0,2,3,1"
8169928470,16,10,15,"1,0,2,3"
8179934412,16,10,15,"0,3,2,1"
8179932724,16,10,15,"0,3,2,1"
8179899573,16,10,15,"0,2,3,1"
8169899645,16,10,15,"0,2,1,3"
8169929292,16,10,15,"0,3,1,2"
8169930444,16,10,15,"1,0,3,2"
8169931348,16,10,15,"1,3,0,2"
8169902939,16,10,15,"1,3,0,2"
10164522,19,3,6,"8,5,1,4"
11488226,19,3,15,"8,5,1,16"
12616347,19,4,6,"1,5,8,51"
12616314,19,4,6,"8,5,1,16"
138650213,19,4,9,"0,1,3,8"
138650404,19,4,9,"1,0,3,13"
138650633,19,4,9,"0,3,2,32"
138650927,19,4,9,"3,0,2,1"
138651173,19,4,9,"3,0,1,2"
138651473,19,4,9,"0,3,2,22"
138651720,19,4,9,"3,0,2,1"
138651972,19,4,9,"3,0,2,33"
138652174,19,4,9,"0,3,1,2"
138652456,19,4,9,"3,0,1,2"
138652744,19,4,9,"3,0,1,2"
138652958,19,4,9,"3,0,1,2"
138653308,19,4,9,"0,1,3,2"
138653538,19,4,9,"0,3,2,1"
138653764,19,4,9,"3,1,2,0"
138653909,19,4,9,"3,0,2,1"
138654282,19,4,9,"0,3,1,2"
138654698,19,4,9,"3,2,0,1"
138654952,19,4,9,"3,0,1,2"
165223161,19,5,9,"1,3,0,2"
165224075,19,5,9,"0,3,1,2"
165230436,19,5,9,"3,0,1,2"
165230138,19,5,9,"3,0,2,1"
165229716,19,5,9,"3,2,0,1"
165229488,19,5,9,"3,1,0,2"
165229275,19,5,9,"3,1,0,2"
165229079,19,5,9,"3,0,1,2"
165228874,19,5,9,"3,0,1,2"
165228748,19,5,9,"3,0,1,2"
165228560,19,5,9,"1,3,0,2"
165228337,19,5,9,"3,1,0,2"
165228108,19,5,9,"3,0,1,2"
165227860,19,5,9,"3,1,0,2"
165227639,19,5,9,"3,1,0,2"
219164258,19,7,17,"1,0,2,3"
219164725,19,7,12,"1,0,5,2"
219164886,19,7,12,"2,0,3,1"
236775593,19,8,9,"0,3,32,2"
236775037,19,8,9,"3,0,1,2"
236774586,19,8,9,"3,0,1,2"
236774131,19,8,9,"3,0,1,2"
236773843,19,8,9,"0,3,2,1"
236773514,19,8,9,"0,1,3,2"
236773011,19,8,9,"3,0,2,1"
236772673,19,8,9,"0,3,2,1"
236772349,19,8,9,"0,1,3,2"
236771974,19,8,9,"3,0,1,2"
236771666,19,8,9,"0,1,3,2"
236771313,19,8,9,"3,0,2,1"
236770963,19,8,9,"0,3,1,2"
236770631,19,8,9,"3,2,0,1"
236770074,19,8,9,"3,1,0,2"
480140530,19,4,15,"0,1,2,22"
480137572,19,4,15,"0,1,2,22"
480147559,19,4,15,"2,0,22,1"
480144995,19,4,15,"2,0,1,3"
480142277,19,4,15,"0,2,22,1"
480127536,19,4,6,"1,0,5,3"
480123934,19,4,4,"0,2,3,1"
480208991,19,4,4,"0,2,3,1"
480193390,19,4,4,"0,2,3,1"
480190272,19,4,4,"0,1,3,2"
480200435,19,4,4,"0,2,3,1"
480197523,19,4,4,"0,2,3,1"
480194459,19,4,4,"0,2,3,22"
480178592,19,4,4,"0,1,3,2"
480181267,19,4,4,"0,1,3,2"
480172054,19,4,4,"0,31,30,26"
480178111,19,4,4,"0,31,30,26"
480188081,19,4,4,"3,0,2,19"
480161930,19,4,4,"3,0,2,1"
480168259,19,4,4,"1,0,3,2"
480152322,19,4,4,"0,2,1,3"
480145958,19,4,4,"0,2,1,3"
480161617,19,4,4,"0,2,1,3"
480158856,19,4,4,"0,2,1,3"
1423690680,19,8,4,"0,2,1,22"
1423600156,19,8,4,"3,0,2,1"
1422707395,19,8,4,"2,0,3,22"
1422700781,19,8,4,"0,2,3,22"
1423580812,19,8,4,"0,2,1,3"
1422688825,19,8,4,"0,3,2,1"
1423569910,19,8,4,"0,1,2,3"
1422677677,19,8,4,"3,0,2,1"
1422671703,19,8,4,"2,0,1,3"
1423550712,19,8,4,"0,2,3,22"
1422659441,19,8,4,"0,2,22,1"
1422653781,19,8,4,"0,2,3,22"
1422646425,19,8,4,"2,0,3,22"
1422798047,19,8,4,"2,0,22,3"
1422789275,19,8,4,"0,1,2,22"
1423667040,19,8,4,"0,2,22,3"
1423659532,19,8,4,"0,2,22,3"
1423652454,19,8,4,"0,22,2,3"
1423644996,19,8,4,"0,2,22,1"
1422750599,19,8,4,"0,2,22,1"
1423628500,19,8,4,"2,0,3,22"
1423620756,19,8,4,"0,2,22,33"
1422729525,19,8,4,"0,2,22,3"
1422721471,19,8,4,"2,0,3,22"
2104720581,19,11,4,"8,5,1,11"
2114180433,19,11,15,"0,3,2,19"
2114180823,19,11,15,"0,2,3,1"
2114181131,19,11,15,"2,0,3,22"
2114959172,19,11,15,"3,0,2,19"
2114960086,19,11,15,"0,2,1,3"
2114965470,19,11,15,"3,2,0,1"
2114961338,19,11,15,"0,2,3,1"
2114966040,19,11,15,"3,2,0,19"
2114184801,19,11,15,"2,0,3,22"
2114185385,19,11,15,"0,2,3,1"
2114186039,19,11,15,"2,0,3,22"
2114964138,19,11,4,"3,2,0,1"
7568767758,23,8,0,"0,2,1,3"
7568766170,23,8,5,"0,1,2,3"
6827241454,26,2,13,"0,8,5,26"
6973375623,26,2,0,"1,5,8,11"
6973378953,26,2,14,"1,0,2,12"
6827285816,26,2,21,"0,30,31,43"
6973407825,26,2,14,"2,0,1,3"
6827294092,26,2,14,"2,0,1,40"
2906846381,31,6,9,"1,8,5,18"
2061755119,31,6,1,"1,5,8,0"
2061755479,31,6,3,"1,5,8,18"
2061755723,31,6,3,"2,0,1,3"
2907692070,31,6,3,"0,2,3,1"
3931314808,34,8,10,"1,8,5,18"
3930533749,34,8,10,"1,8,5,16"
3931317878,34,8,10,"1,0,2,18"
3931319258,34,8,10,"1,0,2,3"
3930537511,34,8,10,"0,2,1,3"
3931321234,34,8,10,"0,2,1,18"
3930539545,34,8,10,"0,2,1,3"
3931323428,34,8,10,"0,2,1,3"
3930542561,34,8,10,"0,1,2,20"
3931326712,34,8,10,"1,0,4,5"
3930545217,34,8,10,"1,8,5,16"
3931329348,34,8,10,"1,0,2,3"
3931330100,34,8,10,"8,5,1,30"
3931331930,34,8,10,"1,0,34,2"
3930550495,34,8,10,"0,1,2,3"
3931335288,34,8,10,"0,1,2,3"
3930554733,34,8,10,"0,1,3,2"
3931339290,34,8,10,"0,1,2,3"
3931340812,34,8,10,"8,5,1,16"
4611881549,34,4,0,"5,8,1,51"
4611884275,34,4,0,"1,5,0,18"
4612500844,34,4,0,"0,1,2,54"
4611891655,34,4,0,"1,0,18,2"
4612506562,34,4,0,"0,1,2,3"
4612509204,34,4,0,"1,0,2,53"
4612512294,34,4,0,"1,0,2,3"
4612514538,34,4,0,"8,5,1,16"
4612518048,34,4,0,"1,5,8,16"
4611907913,34,4,0,"1,5,8,18"
4611909915,34,4,2,"1,2,0,3"
4611912501,34,4,2,"1,0,5,18"
342366723,35,11,2,"0,2,22,3"
342366725,35,11,3,"3,0,2,1"
342366728,35,11,3,"0,2,1,3"
342370779,35,11,3,"3,1,0,2"
342370784,35,11,3,"0,1,3,2"
342370786,35,11,3,"0,1,3,2"
342370787,35,11,3,"1,0,18,2"
5544166922,37,2,15,"5,8,4,30"
5544171044,37,2,12,"0,2,1,3"
5544102230,37,2,1,"1,0,5,18"
8169666944,59,9,10,"1,8,5,13"
8169638803,59,9,10,"1,0,5,8"
8169666226,59,9,10,"1,0,34,2"
8169637929,59,9,10,"1,8,5,4"
8169665228,59,9,10,"1,0,5,8"
8169664856,59,9,10,"1,8,5,18"
8169636615,59,9,10,"8,1,5,18"
8169636341,59,9,10,"1,4,0,5"
8169663848,59,9,10,"1,0,5,8"
8169663486,59,9,10,"26,31,30,5"
8169663164,59,9,10,"1,0,2,3"
8169662866,59,9,10,"0,1,2,3"
8169632939,59,9,10,"0,4,1,30"
8169632485,59,9,1,"8,1,5,16"
8169659948,59,9,1,"1,8,5,18"
8169659742,59,9,1,"1,5,0,8"
8169631787,59,9,1,"1,5,8,34"
8169659176,59,9,1,"1,0,5,8"
8169662538,59,9,10,"2,0,1,3"
8169634529,59,9,10,"0,1,3,2"
8169662104,59,9,10,"0,1,2,3"
8169633907,59,9,10,"0,2,3,1"
8169660334,59,9,5,"0,2,22,1"
2697066344,65,6,5,"1,8,5,18"
2779623320,65,7,12,"1,0,2,18"
2779622716,65,7,12,"1,0,2,34"
2836455626,65,7,12,"0,2,22,1"
2836456256,65,7,12,"0,1,5,2"
1814450723,67,0,14,"0,2,1,3"
1838529859,67,0,14,"0,2,17,4"
1842890790,67,0,14,"0,2,33,17"
1838524271,67,0,14,"0,5,33,8"
1842894298,67,0,14,"0,2,33,3"
1842887586,67,0,14,"0,2,17,1"
1839353300,67,0,14,"0,2,4,30"
1839333722,67,0,1,"2,1,0,22"
1838504575,67,0,1,"2,0,1,24"
1838515055,67,0,1,"2,0,1,22"
1839337118,67,0,1,"2,3,0,1"
1814452383,67,0,14,"2,0,1,3"
7261170126,68,4,6,"1,8,5,0"
7264015902,68,4,3,"1,0,2,5"
7264098892,68,4,3,"1,8,3,18"
7267367006,68,4,1,"0,2,1,32"
7292993462,68,4,3,"1,8,5,18"
7415820616,68,5,9,"0,3,2,1"
7944175650,68,8,9,"1,0,6,18"
7944185428,68,8,9,"1,8,5,18"
7944522914,68,8,2,"0,2,1,3"
7954728454,68,8,9,"1,0,3,2"
7955381406,68,8,15,"2,0,3,1"
7955387228,68,8,15,"0,2,1,3"
8094211266,68,9,4,"2,0,3,1"
7706432220,71,6,3,"1,0,18,2"
7706431030,71,6,1,"8,1,5,18"
7706429942,71,6,1,"5,1,8,28"
7706428816,71,6,1,"1,5,8,18"
7706427672,71,6,1,"8,1,5,28"
7706426530,71,6,1,"0,1,2,3"
7706425200,71,6,1,"1,5,0,8"
7706423970,71,6,1,"1,5,8,18"
7706422786,71,6,16,"4,5,1,30"
7706421488,71,6,10,"1,5,8,18"
7706419706,71,6,10,"2,0,1,3"
7706418094,71,6,10,"1,0,34,20"
7706416080,71,6,10,"0,1,30,31"
7706414688,71,6,10,"1,8,5,4"
7706413202,71,6,10,"8,1,5,16"
7706411410,71,6,10,"1,5,8,4"
7706409936,71,6,10,"0,2,1,3"
7706408340,71,6,10,"0,1,3,2"
7706406776,71,6,10,"0,1,2,3"
7706405164,71,6,10,"0,1,2,3"
7706403628,71,6,10,"31,30,26,43"
7706402216,71,6,10,"8,5,1,30"
7706401056,71,6,10,"1,8,4,5"
7706399936,71,6,14,"0,1,2,3"
7706398724,71,6,14,"2,1,0,3"
7706397606,71,6,14,"2,0,1,3"
7706396320,71,6,14,"0,2,1,18"
7706395226,71,6,14,"1,0,18,3"
7706394136,71,6,0,"1,5,0,18"
7706392868,71,6,0,"1,0,5,18"
7706391626,71,6,0,"0,1,18,2"
7706384554,71,6,14,"1,0,2,3"
7706383534,71,6,7,"1,5,0,8"
7706382528,71,6,2,"1,0,5,18"
6184867986,76,8,5,"1,5,8,9"
6182305783,76,8,9,"1,5,8,0"
6414097957,78,10,12,"0,26,30,31"
6414099485,78,10,12,"5,0,8,33"
6414101143,78,10,17,"8,5,30,1"
6414103021,78,10,12,"8,1,5,4"
6414104625,78,10,17,"1,0,3,2"
6414107335,78,10,20,"0,1,2,3"
3675641831,86,5,1,"1,0,13,23"
3685914566,86,6,1,"2,0,1,3"
3686005054,86,6,12,"1,0,2,3"
3685916508,86,6,12,"0,1,2,3"
3685918104,86,6,12,"0,2,1,3"
3685112015,86,6,12,"0,2,3,1"
3685922440,86,6,12,"0,2,3,1"
3685116119,86,6,12,"0,2,3,1"
3685118325,86,6,12,"0,2,3,30"
3685119829,86,6,12,"0,3,2,1"
3685930082,86,6,12,"0,3,2,1"
3685932074,86,6,12,"0,3,2,1"
3685125485,86,6,12,"0,2,3,22"
3685936632,86,6,12,"1,0,5,8"
3685130991,86,6,12,"0,1,3,2"
3685133275,86,6,5,"1,0,5,8"
3685944366,86,6,1,"0,1,5,22"
3812054262,86,7,1,"0,1,2,3"
3901999322,86,8,5,"1,0,22,2"
4572344937,86,3,2,"0,2,1,3"
4858637092,86,6,5,"0,1,2,3"
4858658514,86,6,14,"1,2,0,22"
4858709856,86,6,11,"8,5,9,1"
5026905233,86,8,12,"0,1,18,3"
5026907875,86,8,12,"0,1,2,3"
8098358897,86,9,7,"0,1,2,18"
5439578190,87,1,21,"1,0,5,28"
5676679969,87,1,21,"0,2,1,20"
5439584522,87,1,21,"8,5,1,16"
5915732527,87,6,21,"0,1,30,5"
6267337177,87,9,0,"2,0,1,33"
6838376638,87,2,23,"2,0,1,12"
6985330789,87,2,23,"1,0,5,8"
6839210870,87,2,23,"1,5,8,0"
6839211924,87,2,23,"1,8,5,16"
6881026520,87,2,0,"2,0,3,1"
7027125869,87,2,0,"2,0,1,22"
6975521264,87,3,3,"2,0,1,3"
7129880363,87,3,1,"0,1,2,18"
7121600275,87,3,2,"1,5,8,0"
7121599181,87,3,2,"1,5,8,0"
7121597819,87,3,2,"8,5,1,16"
6975517412,87,3,2,"5,8,1,16"
7121596509,87,3,2,"8,1,5,16"
6975514388,87,3,2,"8,5,1,11"
7121594163,87,3,2,"0,1,2,6"
6975512498,87,3,2,"0,1,2,25"
6975511568,87,3,2,"1,0,2,3"
6975515996,87,3,2,"0,2,1,3"
7121590461,87,3,2,"0,1,2,51"
7144509333,87,4,0,"2,0,1,12"
6998428554,87,4,0,"2,0,1,22"
6999766702,87,4,0,"2,1,0,22"
6999767390,87,4,0,"2,0,1,27"
6999768268,87,4,0,"2,0,1,3"
6999768954,87,4,0,"2,0,1,19"
7264071814,87,4,0,"2,0,1,3"
7264070052,87,4,0,"2,3,0,1"
7274647680,87,4,0,"1,0,3,22"
7274646326,87,4,0,"1,0,2,3"
7178027501,87,5,0,"0,1,2,25"
7178026721,87,5,0,"0,1,2,3"
7363252170,87,5,0,"1,0,2,22"
7178025267,87,5,0,"0,1,2,3"
7178024263,87,5,0,"1,3,0,8"
7363249164,87,5,0,"1,8,5,13"
7363248214,87,5,0,"1,0,5,8"
7178021437,87,5,0,"0,22,2,3"
7375644768,87,5,0,"1,0,2,22"
7361033136,87,5,0,"0,1,2,12"
7375649310,87,5,0,"1,0,5,8"
7178019935,87,5,0,"0,1,22,2"
7363245178,87,5,0,"0,1,3,22"
7358438980,87,5,1,"0,1,2,22"
7358353004,87,5,1,"0,1,2,22"
7616667276,87,6,1,"1,0,5,13"
7616664580,87,6,1,"1,5,0,13"
7616661948,87,6,1,"0,1,22,2"
7616660170,87,6,1,"0,1,2,17"
7616658054,87,6,1,"0,1,22,2"
7616721978,87,6,1,"0,1,2,22"
7616719742,87,6,1,"0,22,1,2"
7616717374,87,6,1,"22,0,2,1"
7616715798,87,6,1,"0,1,3,22"
7616713614,87,6,1,"0,1,22,3"
7616711334,87,6,1,"22,0,1,19"
7616709186,87,6,1,"0,22,1,19"
7616706926,87,6,1,"0,2,22,1"
7616704714,87,6,1,"0,2,22,1"
7616702824,87,6,1,"0,22,2,1"
7616700770,87,6,1,"0,2,3,1"
7616698424,87,6,1,"0,1,2,3"
7616696242,87,6,1,"1,0,2,3"
7616691234,87,6,1,"0,1,2,3"
7616693588,87,6,1,"0,1,2,3"
7616687654,87,6,1,"0,1,2,3"
7616686150,87,6,1,"0,1,2,3"
7616683862,87,6,1,"0,1,3,2"
7616681578,87,6,1,"0,1,3,2"
7616679234,87,6,1,"1,0,2,3"
7616676960,87,6,1,"0,1,2,18"
7616674234,87,6,1,"0,1,2,25"
7616672154,87,6,1,"0,1,3,2"
7616689156,87,6,1,"1,0,2,13"
7645403370,87,6,5,"0,2,1,22"
7645401572,87,6,5,"0,2,22,3"
7645405862,87,6,5,"0,22,2,1"
7645404560,87,6,5,"0,1,22,3"
8297596278,87,11,0,"0,2,3,1"
8481385061,87,1,3,"0,2,1,15"
8514514112,87,1,6,"1,0,3,2"
8635525298,87,2,3,"1,5,8,15"
8635524856,87,2,3,"1,8,5,16"
8634417489,87,2,3,"1,8,5,16"
8635523874,87,2,3,"0,2,1,3"
8635523548,87,2,3,"1,0,2,3"
8533558647,87,2,3,"1,0,8,5"
8634416147,87,2,3,"0,1,2,20"
8634415741,87,2,3,"1,0,2,18"
8557329528,87,2,9,"0,1,2,24"
8576276431,87,2,6,"0,2,1,3"
8635520736,87,2,3,"0,3,2,1"
8637683026,87,2,2,"0,2,3,19"
8602447565,87,2,3,"1,0,3,2"
8608540935,87,3,7,"1,2,0,3"
8658395948,87,3,9,"0,2,1,32"
8707089705,87,4,0,"0,1,2,3"
8704857974,87,4,0,"2,0,1,22"
8704386679,87,4,0,"0,2,3,1"
8708194856,87,4,0,"2,0,3,1"
8705604682,87,4,0,"0,1,5,2"
8707220620,87,4,0,"0,2,1,3"
8711137578,87,4,0,"2,0,1,3"
8710546989,87,4,3,"0,2,3,1"
8721920484,87,4,12,"22,0,5,1"
8772878424,87,4,0,"3,2,0,1"
8796262117,87,4,3,"2,0,3,1"
9255599734,87,6,0,"0,2,1,3"
9255622110,87,6,0,"0,2,3,1"
9372598752,87,6,0,"2,0,3,24"
14002181902,87,3,2,"0,1,2,3"
3270306266,90,1,1,"2,1,0,3"
3270303532,90,1,1,"0,1,2,20"
3833496730,90,6,9,"0,1,3,8"
3833510140,90,6,9,"0,1,34,5"
3832699061,90,6,9,"0,1,2,17"
3832710017,90,6,9,"1,0,2,20"
2097330647,95,6,1,"8,5,1,16"
2097328369,95,6,1,"1,5,8,11"
2097333571,95,6,1,"5,8,1,51"
179613909,95,6,1,"1,8,5,18"
179613858,95,6,1,"1,8,5,18"
2098109852,95,6,1,"5,8,9,10"
2098120956,95,6,1,"1,0,2,3"
2098113068,95,6,1,"1,5,8,0"
2098115034,95,6,1,"1,8,5,0"
2098116598,95,6,1,"1,8,5,0"
2097343833,95,6,1,"0,1,2,12"
2097344853,95,6,1,"0,1,2,39"
179613877,95,6,3,"1,8,5,18"
179613889,95,6,1,"8,5,1,28"
1630271555,95,9,1,"1,0,8,18"
1630271585,95,9,1,"1,13,0,23"
2095617840,95,10,1,"0,3,1,2"
2094848505,95,10,1,"0,1,3,8"
2094850333,95,10,1,"1,8,0,5"
2095623366,95,10,1,"8,1,0,5"
2094853481,95,10,1,"8,1,5,31"
2319299152,95,2,3,"1,0,2,18"
11716966416,96,11,2,"0,3,2,1"
11716449913,96,11,3,"0,2,3,1"
2587045113,99,5,10,"8,5,1,16"
2587884034,99,5,10,"0,1,2,18"
2619325078,99,5,10,"0,2,1,3"
2587887972,99,5,10,"1,0,2,3"
2587891480,99,5,10,"0,2,1,47"
2587072189,99,5,10,"2,0,1,3"
2587059421,99,5,10,"2,0,1,18"
2587904072,99,5,10,"2,0,3,1"
2587083607,99,5,10,"0,2,1,33"
2587914880,99,5,10,"2,0,1,3"
2587086943,99,5,10,"2,0,1,3"
2587924862,99,5,10,"2,0,1,3"
2587093443,99,5,10,"2,0,1,33"
2587965062,99,5,10,"2,0,1,3"
2587133777,99,5,10,"2,0,1,3"
2587138113,99,5,10,"2,0,1,17"
2587975538,99,5,10,"2,0,1,3"
2587978606,99,5,10,"0,2,1,33"
2587982222,99,5,10,"0,2,1,47"
2587150387,99,5,10,"2,0,1,18"
2587997020,99,5,10,"0,2,1,3"
2588040478,99,5,10,"0,1,2,20"
2588018442,99,5,10,"0,2,1,18"
2587181971,99,5,10,"0,1,2,3"
2587195439,99,5,10,"0,1,2,20"
2588032496,99,5,5,"0,8,5,54"
2588035806,99,5,14,"2,0,1,3"
8818330474,104,4,4,"0,3,1,2"
8813036575,104,4,3,"1,5,8,16"
8926162863,104,5,3,"1,5,8,16"
4538096551,111,3,9,"1,8,5,13"
4545841969,111,3,0,"1,5,8,11"
5086461230,113,9,2,"1,0,2,3"
5089264508,113,9,14,"1,0,5,8"
5104666804,113,9,3,"0,2,1,17"
5166124715,113,10,9,"0,1,2,3"
5171232555,113,10,9,"0,1,2,17"
5194596501,113,10,14,"1,0,2,3"
5200424357,113,10,9,"0,2,3,1"
5217336125,113,10,9,"2,0,1,15"
5219900677,113,10,9,"1,8,5,16"
5221829344,113,10,3,"0,2,3,1"
5244383731,113,11,3,"0,4,30,1"
5287625353,113,11,2,"0,2,3,1"
5320320728,113,0,3,"1,0,2,22"
5326003533,113,0,9,"0,2,1,3"
5457927381,113,1,4,"0,2,3,1"
5531660114,113,2,9,"1,2,0,6"
5543067572,113,2,14,"0,2,1,3"
5602478465,113,3,4,"0,2,1,22"
5795946430,113,5,9,"0,1,2,18"
5820910477,113,5,5,"2,0,1,3"
5889776623,113,6,9,"0,2,1,3"
6060419206,113,7,9,"0,2,1,22"
6266717889,113,9,2,"2,0,1,3"
6298748582,113,9,7,"0,2,3,1"
6298297999,113,9,7,"0,2,3,1"
6334677338,113,10,9,"0,2,3,1"
6452604481,113,11,7,"1,2,0,22"
7056892197,113,3,7,"1,0,3,2"
5397950657,127,11,1,"8,1,5,16"
5397949657,127,11,1,"1,8,5,28"
5397948625,127,11,1,"8,1,5,16"
5397947503,127,11,1,"8,1,5,16"
5397946841,127,11,2,"1,8,5,18"
5394480178,127,0,1,"1,0,2,13"
5394480676,127,0,1,"1,0,2,3"
5394481128,127,0,1,"1,5,8,7"
5393884869,127,0,1,"0,1,3,2"
5393885321,127,0,1,"0,1,2,3"
5394482456,127,0,1,"0,1,2,3"
5394482828,127,0,1,"1,8,13,5"
5393886629,127,0,1,"1,5,0,8"
5393887099,127,0,1,"1,0,2,17"
5394484252,127,0,1,"1,0,13,17"
5394484758,127,0,1,"0,1,2,3"
5393888459,127,0,1,"1,13,8,5"
5394485578,127,0,1,"1,0,13,23"
5393889259,127,0,1,"1,13,5,0"
5394486410,127,0,1,"1,0,13,23"
5394486824,127,0,1,"1,0,13,23"
5394487498,127,0,1,"1,0,13,23"
5394487938,127,0,1,"1,0,2,3"
5393891511,127,0,1,"1,0,13,7"
5393891973,127,0,1,"0,1,2,3"
5394489280,127,0,1,"1,0,2,3"
5394489724,127,0,1,"1,5,0,8"
5393893427,127,0,1,"1,0,5,3"
5393893755,127,0,1,"1,0,13,23"
5393894121,127,0,1,"1,0,5,2"
5394491466,127,0,1,"0,1,2,3"
5394491894,127,0,1,"0,1,2,3"
5394492338,127,0,1,"1,0,2,7"
5393895885,127,0,1,"0,1,2,3"
5393896349,127,0,1,"1,0,3,2"
5394493828,127,0,1,"1,0,3,2"
5393897391,127,0,1,"1,0,13,7"
5394494728,127,0,1,"0,1,2,3"
5394495204,127,0,1,"1,0,2,5"
5394495644,127,0,1,"0,1,2,3"
5394496082,127,0,1,"0,1,13,25"
5394496616,127,0,1,"1,0,13,25"
5394496968,127,0,1,"1,0,3,2"
5394497398,127,0,1,"1,0,3,2"
5394497948,127,0,1,"1,0,3,13"
5394498468,127,0,1,"1,0,2,3"
5393902219,127,0,1,"0,1,2,3"
5394499422,127,0,1,"1,0,2,13"
5393902981,127,0,1,"0,1,2,3"
5393903419,127,0,1,"0,1,2,3"
5394500776,127,0,1,"1,0,13,23"
5394501264,127,0,1,"1,13,23,5"
5393905355,127,0,1,"1,13,23,8"
5394503114,127,0,1,"1,13,23,8"
5394503630,127,0,1,"1,0,3,23"
5394504096,127,0,1,"1,0,3,13"
375952734,129,0,3,"0,1,2,3"
375952741,129,0,15,"1,8,30,5"
426095919,129,2,18,"1,8,5,11"
428465852,129,2,21,"8,4,5,1"
4371748703,141,5,5,"1,0,5,18"
4371746181,141,5,5,"2,0,1,3"
4371747217,141,5,5,"1,8,5,13"
4371746629,141,5,10,"2,0,1,3"
4374594639,141,5,5,"0,1,2,40"
4372497770,141,5,5,"2,0,1,3"
8977502900,143,5,2,"0,2,1,3"
8979375415,143,5,14,"0,1,2,5"
8983989399,143,5,1,"1,8,5,16"
13423462334,143,2,10,"0,1,2,3"
13425580995,143,2,14,"0,2,1,15"
13426071624,143,2,1,"8,1,5,18"
13428132863,143,2,12,"1,0,2,3"
13428408253,143,2,12,"1,0,2,3"
13428470035,143,2,12,"0,2,1,3"
6656356241,144,7,18,"1,3,0,2"
6656357697,144,7,7,"0,2,1,3"
7734483858,145,11,1,"1,0,3,2"
7255079336,145,0,5,"1,5,8,7"
7255077350,145,0,9,"1,7,0,6"
7255079132,145,0,1,"1,0,2,3"
7264234608,145,0,9,"1,7,8,5"
7255078578,145,0,9,"1,5,7,8"
7255078300,145,0,9,"1,0,2,6"
7264235000,145,0,9,"1,0,2,7"
10808225325,147,10,10,"8,5,26,31"
10808354484,147,10,10,"0,31,5,26"
10808347784,147,10,10,"5,26,8,31"
10808204155,147,10,10,"8,5,1,31"
10808200866,147,10,10,"8,5,1,30"
10808195466,147,10,10,"1,4,0,8"
10808186005,147,10,10,"1,0,8,5"
10808175166,147,10,10,"8,1,5,18"
10808304624,147,10,10,"8,1,5,11"
10808301254,147,10,10,"8,1,5,10"
10808164006,147,10,10,"0,1,2,25"
10808156205,147,10,3,"1,5,8,18"
10808282704,147,10,1,"1,8,5,11"
10808142665,147,10,10,"1,8,5,16"
10808138436,147,10,10,"8,5,16,30"
10808063816,147,10,15,"8,5,1,28"
10808189794,147,10,15,"1,5,8,18"
10808172124,147,10,2,"5,8,1,10"
10808035135,147,10,3,"8,1,5,16"
10808031716,147,10,3,"1,8,5,10"
10808158994,147,10,3,"1,8,5,11"
10808021215,147,10,2,"8,1,5,11"
10808016885,147,10,2,"8,1,5,11"
10808146164,147,10,2,"0,1,2,3"
3083052788,156,11,1,"1,0,5,6"
3083053174,156,11,1,"1,5,8,0"
3083053544,156,11,1,"0,1,2,22"
3082216629,156,11,1,"1,5,0,8"
4893302791,156,7,5,"1,5,8,28"
5171769454,156,10,0,"0,2,1,5"
6053805124,156,7,3,"1,5,8,18"
2383783674,157,3,1,"0,2,1,3"
3095629423,157,11,1,"1,0,3,2"
3220028956,157,0,4,"5,8,0,1"
3268891565,157,0,4,"8,1,5,11"
3874393749,157,7,21,"1,0,22,2"
3968696709,157,8,5,"3,0,2,1"
4247698792,157,0,1,"0,1,3,2"
4363764898,157,1,21,"0,26,31,1"
5243230645,157,10,9,"1,0,3,2"
2546700233,162,3,10,"5,1,8,28"
2547524146,162,3,10,"0,5,1,8"
2547524526,162,3,10,"0,1,5,2"
2546701537,162,3,10,"0,2,1,18"
2547525284,162,3,10,"0,2,1,20"
2546702365,162,3,10,"0,1,18,3"
2547526020,162,3,10,"0,1,20,5"
2546703115,162,3,10,"1,0,2,3"
2546703519,162,3,10,"0,1,2,3"
2546704009,162,3,10,"4,8,5,16"
2547527814,162,3,10,"5,8,4,1"
2547528184,162,3,10,"31,30,1,0"
2546705301,162,3,10,"5,30,31,0"
2546705817,162,3,10,"4,1,5,0"
2546706359,162,3,10,"0,5,1,31"
2547530412,162,3,10,"0,1,5,31"
2547530754,162,3,10,"5,8,1,26"
2547531252,162,3,10,"0,2,1,3"
2452762452,162,3,10,"0,2,1,3"
2452766468,162,3,10,"0,1,5,8"
2451982645,162,3,10,"4,1,0,30"
2453041688,162,3,10,"0,1,31,26"
2452293471,162,3,10,"0,2,1,3"
2453132710,162,3,10,"0,1,20,34"
2452309365,162,3,10,"0,2,1,3"
2453140450,162,3,10,"1,0,2,12"
2453154178,162,3,14,"0,17,2,1"
2452336801,162,3,7,"0,22,19,2"
2547447177,162,4,0,"1,0,5,8"
2548270794,162,4,0,"1,0,5,20"
2548270996,162,4,0,"1,0,2,18"
2548271074,162,4,0,"2,0,1,3"
2457416912,162,4,14,"0,2,38,1"
2457427040,162,4,0,"0,1,2,20"
2457431942,162,4,0,"2,0,1,18"
2456607575,162,4,0,"1,0,5,8"
2457447264,162,4,5,"3,0,2,19"
2456636001,162,4,5,"0,2,1,3"
2457482256,162,4,1,"0,2,1,3"
8371769533,182,0,2,"0,1,2,3"
8436705513,182,0,3,"1,5,8,11"
8437786280,182,0,1,"8,5,1,16"
8436704391,182,0,1,"1,8,5,16"
8436702107,182,0,13,"1,3,0,2"
8436701669,182,0,13,"1,3,0,18"
8436701223,182,0,13,"1,0,3,2"
8436700259,182,0,13,"1,8,3,10"
8437782212,182,0,13,"1,3,7,8"
8437781030,182,0,13,"1,3,8,0"
8436697357,182,0,13,"1,3,8,0"
8436696441,182,0,13,"1,3,8,0"
8437778428,182,0,13,"1,8,3,7"
8436693137,182,0,13,"1,2,3,0"
8437777320,182,0,13,"1,2,0,3"
8436692217,182,0,13,"1,3,6,8"
8436691461,182,0,13,"1,8,3,5"
8436690529,182,0,13,"1,8,3,0"
8436689541,182,0,13,"1,8,3,10"
8437771430,182,0,13,"1,3,8,0"
8437770290,182,0,13,"1,3,0,8"
8437769340,182,0,13,"1,3,0,2"
8437768288,182,0,13,"1,8,5,9"
8436684453,182,0,13,"1,8,5,9"
8437766352,182,0,13,"1,8,5,18"
8436682783,182,0,13,"1,8,5,3"
8436681943,182,0,13,"1,8,3,5"
8436681179,182,0,13,"1,8,9,45"
8437763068,182,0,13,"1,8,7,5"
8436679453,182,0,13,"1,8,7,5"
8437761058,182,0,13,"1,8,5,7"
8436677661,182,0,13,"1,8,5,10"
8436676789,182,0,13,"1,8,0,3"
8437759102,182,0,13,"1,8,3,7"
8437758940,182,0,13,"1,3,0,2"
8436676327,182,0,13,"3,1,0,2"
8436676037,182,0,1,"1,0,3,8"
8437757752,182,0,1,"1,3,0,13"
8437756788,182,0,5,"0,3,1,8"
8436673541,182,0,5,"0,3,1,2"
8437755084,182,0,5,"0,2,33,30"
8437754062,182,0,5,"0,33,2,31"
8436670541,182,0,5,"0,2,1,3"
8436669587,182,0,5,"2,0,1,3"
8437750928,182,0,5,"0,31,8,1"
8436667425,182,0,5,"0,3,1,8"
8437748924,182,0,5,"0,33,2,3"
8436665257,182,0,5,"1,2,3,0"
8158100996,183,10,4,"0,30,5,8"
8158099452,183,10,4,"0,1,30,8"
8158065547,183,10,4,"0,1,5,8"
8158095992,183,10,4,"0,1,2,17"
8158094264,183,10,4,"0,1,30,2"
8158092646,183,10,4,"0,2,3,1"
8158091154,183,10,4,"1,5,8,0"
8158070477,183,10,4,"0,2,1,3"
8353483638,183,11,2,"1,0,3,2"
13934450655,183,3,0,"1,8,5,13"
6898891104,185,2,21,"0,1,2,20"
6056112103,185,6,12,"8,1,5,31"
8482218998,185,6,12,"0,31,26,30"
9878133103,185,2,10,"0,2,1,3"
10062429595,185,2,10,"0,2,1,40"
9986480414,185,2,10,"1,0,2,3"
7097919791,185,2,19,"1,4,30,8"
780764538,186,6,13,"8,5,1,11"
780775000,186,6,7,"1,0,2,3"
5845748289,187,9,1,"8,5,1,18"
5845748593,187,9,1,"8,1,5,11"
5846302814,187,9,1,"1,5,8,18"
5845760451,187,9,1,"1,5,8,0"
5845760587,187,9,1,"1,8,5,18"
5846314592,187,9,1,"1,0,5,18"
5846314796,187,9,1,"1,5,8,13"
5845761291,187,9,1,"1,0,5,59"
5846315132,187,9,1,"1,5,18,8"
5846320540,187,9,1,"1,8,5,28"
5845767123,187,9,1,"5,1,8,16"
5845767359,187,9,1,"5,1,8,18"
5845767535,187,9,1,"1,5,8,0"
5846323740,187,9,1,"1,8,5,18"
5845770295,187,9,1,"1,8,5,18"
5846324212,187,9,1,"1,8,5,18"
5846324366,187,9,1,"8,5,1,18"
5846324606,187,9,1,"1,5,8,11"
5845771093,187,9,1,"8,5,1,11"
5845771291,187,9,1,"8,1,5,11"
5846325178,187,9,1,"1,0,5,2"
5845771771,187,9,1,"1,0,18,5"
5845771991,187,9,1,"1,8,5,0"
5846325746,187,9,1,"5,1,8,0"
5820953593,187,10,1,"0,1,3,2"
5821554140,187,10,13,"1,8,5,10"
5821554524,187,10,13,"8,1,5,10"
5821554972,187,10,13,"8,1,5,10"
5820993159,187,10,13,"8,5,1,9"
5821555870,187,10,13,"8,5,9,1"
5820993947,187,10,13,"8,5,9,1"
5820994355,187,10,13,"8,5,1,9"
5821557108,187,10,13,"8,1,5,16"
5820995125,187,10,13,"8,5,9,10"
5821557886,187,10,13,"1,8,5,9"
5820996031,187,10,13,"8,5,9,1"
5821558704,187,10,13,"8,5,1,9"
5821559370,187,10,13,"8,5,9,1"
5821559736,187,10,13,"1,8,5,9"
5821560210,187,10,13,"8,9,5,1"
5821560646,187,10,13,"8,5,1,9"
5821561060,187,10,13,"8,5,9,1"
5821561506,187,10,13,"8,5,9,1"
5821561946,187,10,13,"8,9,5,1"
5820999911,187,10,13,"8,5,9,1"
5821000743,187,10,13,"1,8,5,3"
5821608802,187,10,1,"8,5,1,28"
5821609258,187,10,1,"1,8,5,18"
5821046349,187,10,1,"1,5,8,13"
5821046741,187,10,1,"1,5,8,0"
5821047365,187,10,1,"1,5,8,16"
5821047761,187,10,1,"1,5,8,13"
5821048163,187,10,1,"1,8,5,13"
5821612204,187,10,1,"1,8,5,18"
5821048967,187,10,1,"8,5,4,1"
5821612982,187,10,1,"8,5,1,4"
5821613366,187,10,1,"8,5,1,16"
5821050207,187,10,1,"1,5,4,8"
5821614202,187,10,1,"1,5,8,4"
5821051059,187,10,1,"1,8,5,4"
5821614994,187,10,1,"1,8,5,18"
5821051863,187,10,1,"1,8,5,18"
5821052269,187,10,1,"1,8,5,18"
5821052677,187,10,1,"1,8,5,18"
5821616846,187,10,1,"8,1,5,18"
2726189605,196,6,1,"1,8,5,0"
2727015988,196,6,10,"2,1,0,3"
2727017492,196,6,10,"0,2,3,1"
2726194543,196,6,10,"0,1,18,2"
2727020546,196,6,10,"8,5,1,16"
378350967,197,0,12,"1,0,3,2"
446509865,197,3,4,"1,8,5,18"
446510553,197,3,9,"0,1,2,3"
2720132861,197,6,12,"8,5,26,33"
3935226706,197,8,17,"8,5,1,30"
3934454087,197,8,17,"8,5,1,18"
3935252426,197,8,6,"8,5,11,10"
3934480387,197,8,6,"1,0,2,5"
2911279163,198,7,17,"8,5,30,31"
2912127980,198,7,12,"0,1,2,3"
2912128496,198,7,12,"0,2,1,3"
3617811026,198,4,12,"0,2,1,3"
3616993081,198,4,12,"0,1,2,15"
3616994675,198,4,12,"0,1,2,3"
3616996321,198,4,12,"0,1,2,31"
3616997963,198,4,12,"0,2,1,3"
3617819282,198,4,12,"0,2,3,1"
3617001065,198,4,12,"0,2,1,15"
3617822866,198,4,12,"0,1,2,3"
3617824806,198,4,12,"2,0,3,1"
3617826232,198,4,12,"0,1,2,3"
3617008023,198,4,12,"2,0,3,1"
3617009847,198,4,12,"0,1,3,15"
3617831784,198,4,12,"0,2,3,1"
3617833470,198,4,12,"0,2,1,3"
3617835230,198,4,12,"0,2,1,3"
3617017017,198,4,12,"0,3,2,1"
3617018623,198,4,12,"2,0,3,1"
3617020189,198,4,12,"2,3,0,1"
3617021819,198,4,12,"0,3,1,2"
3617843612,198,4,12,"3,2,0,1"
3617025275,198,4,12,"3,0,2,1"
3617847166,198,4,12,"0,3,2,1"
3617849044,198,4,12,"0,1,3,2"
3617030619,198,4,12,"1,0,2,18"
3617032381,198,4,12,"1,3,0,2"
3617033935,198,4,12,"0,1,22,2"
3617855816,198,4,12,"0,1,2,3"
3617857458,198,4,12,"0,2,1,3"
3617039135,198,4,12,"2,0,3,1"
3617860888,198,4,12,"0,1,2,3"
3617042273,198,4,12,"0,2,1,3"
3617044107,198,4,12,"1,0,2,3"
3617866484,198,4,12,"1,0,2,18"
3617048463,198,4,12,"0,1,2,3"
3617050167,198,4,12,"0,1,2,38"
3617052057,198,4,12,"0,2,1,12"
3617873756,198,4,12,"0,2,1,40"
3617875332,198,4,12,"0,1,2,3"
3617057099,198,4,12,"0,2,1,3"
3617878696,198,4,12,"0,1,2,3"
3617880694,198,4,12,"0,2,1,3"
3617882600,198,4,12,"0,1,2,3"
3617063813,198,4,12,"0,1,2,3"
3617065411,198,4,12,"0,2,1,17"
3617888240,198,4,12,"0,2,1,3"
3617069749,198,4,12,"0,2,1,3"
3617891752,198,4,12,"0,2,1,3"
3617893340,198,4,12,"0,2,1,3"
3617074767,198,4,12,"0,2,1,3"
3617076845,198,4,12,"0,1,3,2"
3617078625,198,4,12,"0,1,31,43"
3617900632,198,4,12,"0,1,2,24"
3617902058,198,4,12,"2,0,3,1"
3617903826,198,4,12,"2,0,1,3"
3617905580,198,4,12,"0,1,2,3"
3617907292,198,4,12,"0,1,2,3"
3617908952,198,4,12,"0,2,3,1"
3617910582,198,4,12,"0,1,2,17"
3617912412,198,4,12,"0,2,3,51"
3617093549,198,4,12,"0,2,1,56"
3617915686,198,4,12,"0,2,1,3"
3617917564,198,4,12,"0,2,1,3"
3617919094,198,4,12,"0,2,1,3"
3617100525,198,4,12,"2,0,1,3"
3617102269,198,4,12,"0,2,1,3"
3617924240,198,4,12,"0,2,20,54"
3617105375,198,4,12,"0,1,2,6"
3617106973,198,4,12,"1,2,0,5"
3617929148,198,4,12,"0,2,1,3"
3617930794,198,4,12,"2,0,1,3"
3617112707,198,4,12,"0,1,20,2"
3617114581,198,4,12,"8,0,33,5"
3617116113,198,4,12,"0,2,1,3"
3617938908,198,4,12,"1,2,3,0"
3617119491,198,4,12,"2,0,3,1"
3617941594,198,4,12,"0,2,3,40"
3617122493,198,4,12,"2,0,1,3"
3617124073,198,4,12,"0,1,2,3"
3617126031,198,4,12,"1,0,2,8"
3617127697,198,4,12,"0,1,2,3"
3617129359,198,4,12,"0,1,2,3"
3617951676,198,4,12,"0,2,1,3"
3617132441,198,4,12,"1,0,2,3"
3617954742,198,4,12,"0,2,1,3"
3617135653,198,4,12,"0,2,3,1"
3617957656,198,4,12,"0,2,1,3"
3617138921,198,4,12,"2,0,1,3"
3617140441,198,4,12,"0,2,1,3"
3617962680,198,4,12,"0,1,3,2"
3617963950,198,4,12,"0,2,3,1"
3617145177,198,4,12,"0,2,1,3"
3617146603,198,4,12,"0,1,3,2"
3617969222,198,4,12,"0,2,3,1"
3617971022,198,4,12,"0,1,2,3"
3617152439,198,4,12,"2,0,3,1"
3617154021,198,4,12,"0,2,1,3"
3617155647,198,4,12,"2,0,1,3"
3617157267,198,4,12,"0,2,1,3"
3617158933,198,4,12,"0,1,2,3"
3617160483,198,4,12,"2,0,3,1"
3617162429,198,4,12,"0,1,2,3"
3617164013,198,4,12,"0,2,3,1"
3617986128,198,4,12,"0,1,8,3"
3617987938,198,4,12,"0,1,3,2"
3617989440,198,4,12,"0,3,2,1"
3617170545,198,4,12,"1,0,18,3"
3617172295,198,4,12,"1,0,2,18"
3617173805,198,4,12,"0,1,2,3"
3617996162,198,4,12,"1,2,0,3"
3617997886,198,4,12,"0,1,3,2"
3617999736,198,4,12,"0,1,3,2"
3618001418,198,4,12,"1,0,3,2"
3618003362,198,4,12,"1,0,2,3"
3618005240,198,4,12,"0,2,1,3"
3618007322,198,4,12,"0,2,33,1"
3617188739,198,4,12,"0,2,1,3"
3618011100,198,4,12,"2,0,3,1"
3617192171,198,4,12,"2,0,1,3"
3618014536,198,4,12,"0,1,2,3"
3618016344,198,4,12,"2,0,1,3"
3617198717,198,4,12,"0,2,1,3"
3617200497,198,4,12,"0,2,1,12"
3618022992,198,4,12,"2,0,1,3"
3618024714,198,4,12,"0,2,1,22"
3618026628,198,4,12,"1,0,2,18"
3618028192,198,4,12,"0,2,1,3"
3617209951,198,4,12,"0,1,2,3"
3618033996,198,4,12,"0,2,3,1"
3617215457,198,4,12,"0,1,2,41"
3618037710,198,4,12,"0,2,1,3"
3617219103,198,4,12,"0,2,1,3"
3133352155,200,11,4,"0,1,2,3"
4158116451,200,10,2,"1,0,2,3"
4149815864,200,10,2,"0,1,18,33"
4149063413,200,10,4,"0,2,1,3"
4618719858,209,4,14,"0,1,2,3"
4618141137,209,4,5,"1,5,0,12"
2621546370,210,7,9,"1,5,8,7"
2620795321,210,7,0,"1,0,2,12"
2621626264,210,8,5,"1,8,5,16"
2620806657,210,8,14,"1,0,5,18"
2620810071,210,8,14,"0,1,3,2"
2621647144,210,8,9,"1,5,8,0"
2620828109,210,8,1,"1,5,0,8"
2621656656,210,8,12,"8,1,5,16"
2621658826,210,8,3,"1,5,8,11"
2621670978,210,8,7,"2,0,3,22"
3529462376,210,3,10,"1,0,2,3"
3529464630,210,3,10,"0,30,4,1"
7419976402,222,8,14,"0,3,2,1"
7419973392,222,8,7,"0,2,3,1"
4713261777,232,5,12,"1,0,2,3"
4713900996,232,5,6,"8,5,30,31"
4713901526,232,5,5,"1,0,2,3"
7804874110,239,7,7,"0,2,1,3"
7804879064,239,7,0,"0,1,3,2"
7804887656,239,7,0,"3,2,0,1"
7804895844,239,7,0,"0,3,2,1"
2474501250,242,4,17,"2,0,1,3"
2478735566,242,4,12,"1,8,5,18"
5601454020,255,3,10,"1,8,5,16"
5600877377,255,3,10,"1,8,5,16"
5601479736,255,3,10,"8,5,1,4"
5600899843,255,3,10,"1,8,18,5"
5601503920,255,3,10,"1,18,8,3"
5601437522,255,3,10,"0,1,2,3"
5654108373,255,3,4,"1,5,8,0"
5654676222,255,3,4,"1,0,5,8"
5654124107,255,3,4,"0,1,5,2"
5654117203,255,3,4,"0,1,5,21"
5654693394,255,3,4,"8,5,26,31"
5654128843,255,3,4,"0,1,2,12"
5654730310,255,3,17,"8,5,1,16"
5654720322,255,3,17,"0,1,2,3"
5719480050,255,4,3,"0,2,1,3"
5719497206,255,4,3,"0,3,1,2"
5718931665,255,4,3,"0,33,30,31"
5946890006,255,6,0,"0,1,2,20"
5947089470,255,6,0,"1,0,2,13"
5947103878,255,6,0,"1,0,13,23"
6241848474,255,6,1,"0,1,2,53"
6010192080,255,7,17,"5,8,30,31"
6059893259,255,7,1,"1,0,5,13"
6059898565,255,7,1,"0,1,2,13"
6057281840,255,7,1,"1,8,5,13"
6056885317,255,7,1,"1,0,5,13"
6060432344,255,7,1,"0,1,2,24"
6057283322,255,7,3,"1,5,8,13"
6057284796,255,7,3,"1,5,8,7"
6057426002,255,7,3,"1,0,5,7"
6057290824,255,7,3,"1,8,5,16"
6060436888,255,7,3,"1,8,5,11"
6414347903,255,10,1,"0,3,2,1"
7726151698,255,7,1,"0,1,26,8"
7735823880,255,7,1,"0,1,2,3"
7727722592,255,7,2,"0,1,2,20"
7726155404,255,7,3,"1,0,2,3"
7727719136,255,7,3,"2,0,1,3"
8106850041,255,9,7,"3,0,2,1"
8106848067,255,9,7,"0,2,1,3"
8109743821,255,9,7,"3,0,2,1"
8108052161,255,9,7,"0,3,1,2"
8109757012,255,9,7,"0,2,22,3"
8109734701,255,9,7,"0,2,3,22"
8321530751,255,11,5,"0,1,3,2"
8374959080,255,0,3,"1,8,5,3"
8373885021,255,0,3,"0,1,2,3"
8373884339,255,0,3,"1,3,0,2"
8503073697,255,1,1,"0,2,1,3"
8586297656,255,2,10,"5,8,1,18"
3910303391,258,7,3,"1,5,8,18"
3910306513,258,7,2,"5,1,8,9"
3911106012,258,7,2,"0,1,2,3"
3910324021,258,7,2,"8,5,10,11"
3910332647,258,7,19,"4,5,8,30"
3910352399,258,7,19,"30,0,31,43"
3911138584,258,7,19,"8,5,4,1"
3910366287,258,7,19,"0,30,5,46"
3911152316,258,7,0,"1,5,8,0"
3911154486,258,7,10,"8,5,1,28"
3911156842,258,7,10,"5,8,4,16"
3910375965,258,7,10,"1,0,5,8"
3911161902,258,7,10,"5,8,1,13"
3911164226,258,7,1,"1,8,5,18"
3910382863,258,7,3,"1,5,8,16"
3911169690,258,7,1,"2,0,3,1"
5100411806,266,9,11,"1,0,3,2"
5099818169,266,9,11,"1,3,0,2"
5100490130,266,9,11,"3,0,8,2"
5100490312,266,9,11,"0,3,2,1"
5099900325,266,9,11,"3,0,2,1"
6778210130,266,1,4,"3,0,2,1"
6778210508,266,1,4,"1,0,3,8"
6924327179,266,1,4,"0,1,8,3"
6778211314,266,1,4,"0,3,1,8"
6924327893,266,1,4,"1,3,0,8"
6924328275,266,1,4,"0,1,3,32"
6778212716,266,1,4,"1,3,0,2"
6924329229,266,1,4,"1,3,0,8"
6924329635,266,1,4,"3,1,0,2"
6924330035,266,1,4,"0,3,1,2"
6924330375,266,1,4,"0,3,1,2"
6924330771,266,1,4,"0,1,3,8"
6924331141,266,1,4,"1,0,8,3"
6924331531,266,1,4,"3,0,1,2"
6778237880,266,1,4,"3,0,1,2"
6924354629,266,1,4,"3,1,0,2"
6778239422,266,1,4,"3,1,0,2"
6778239880,266,1,4,"1,0,3,2"
6924356225,266,1,4,"3,1,0,2"
6924356789,266,1,4,"3,0,1,2"
6924357309,266,1,4,"1,3,8,0"
6924357665,266,1,4,"1,0,3,8"
6778242372,266,1,4,"0,3,1,2"
6924358537,266,1,4,"1,3,0,2"
6778243300,266,1,4,"1,3,0,8"
6924359595,266,1,4,"1,3,0,8"
6778244408,266,1,4,"3,0,2,22"
6778244948,266,1,4,"3,1,0,2"
6778245352,266,1,4,"1,3,0,8"
6924361641,266,1,4,"3,0,1,2"
6778246352,266,1,4,"3,0,2,1"
6778246836,266,1,4,"0,2,3,27"
6924363277,266,1,4,"3,1,0,8"
6924363621,266,1,4,"0,3,2,1"
6924363991,266,1,4,"1,3,0,8"
6778248684,266,1,4,"3,0,1,2"
6778249122,266,1,4,"3,0,2,1"
6778249576,266,1,4,"1,0,3,32"
6778250026,266,1,4,"3,1,0,2"
6778250618,266,1,4,"0,3,2,1"
6778251154,266,1,4,"1,0,3,2"
6924367731,266,1,4,"3,0,1,2"
6924368355,266,1,4,"3,0,1,2"
6778252830,266,1,4,"3,0,1,2"
6924369371,266,1,4,"3,0,1,2"
6778254112,266,1,4,"1,3,0,2"
6924370595,266,1,4,"1,0,3,2"
9479439390,266,7,9,"0,3,2,19"
9479439668,266,7,9,"3,0,2,1"
9476650801,266,7,9,"0,2,3,27"
9476650987,266,7,9,"0,3,27,32"
9479440170,266,7,9,"3,0,2,1"
9479440386,266,7,9,"0,3,2,1"
9479440562,266,7,9,"3,0,2,1"
9476651829,266,7,9,"3,0,2,19"
9479441104,266,7,9,"3,0,1,2"
9479441268,266,7,9,"0,3,1,2"
9479441484,266,7,9,"0,3,1,2"
9476652771,266,7,9,"0,3,1,2"
9479442036,266,7,9,"0,3,1,2"
9476653399,266,7,9,"1,3,0,2"
9476653621,266,7,9,"3,0,1,19"
9476653917,266,7,9,"0,3,2,1"
9476654147,266,7,9,"0,2,3,1"
9479443456,266,7,9,"0,3,1,2"
9476654709,266,7,9,"0,3,1,2"
9479444036,266,7,9,"0,3,1,2"
9476655267,266,7,9,"0,3,1,2"
9476655571,266,7,9,"0,1,3,2"
9479444874,266,7,9,"0,3,1,2"
9479445136,266,7,9,"0,3,1,2"
9743600298,266,8,9,"3,0,1,2"
9743600818,266,8,9,"3,0,2,1"
9743601010,266,8,9,"3,0,2,1"
9741487173,266,8,9,"1,0,3,2"
9743601722,266,8,9,"0,3,1,2"
9741487919,266,8,9,"3,0,2,1"
9743602496,266,8,9,"3,0,1,2"
9743602726,266,8,9,"3,0,2,1"
9741488885,266,8,9,"0,3,1,2"
9741489099,266,8,9,"3,0,2,1"
9741489341,266,8,9,"3,0,1,2"
9741489689,266,8,9,"0,3,1,19"
9741501063,266,8,9,"1,0,3,2"
9741501223,266,8,9,"3,0,2,1"
9741501401,266,8,9,"0,3,2,19"
9741501607,266,8,9,"0,1,3,2"
9743616382,266,8,9,"0,1,3,8"
9743616602,266,8,9,"0,3,1,2"
9741502735,266,8,9,"3,1,0,2"
9741502927,266,8,9,"3,0,1,2"
9743617588,266,8,9,"0,3,1,2"
9741503641,266,8,9,"0,3,2,1"
9741503921,266,8,9,"3,0,1,2"
9741504187,266,8,9,"3,0,8,1"
9741504461,266,8,9,"0,3,1,19"
9743618830,266,8,9,"0,3,1,2"
9741505145,266,8,9,"3,1,0,2"
9743650838,266,8,9,"1,3,0,2"
9743651154,266,8,9,"1,3,0,13"
9743651370,266,8,9,"0,3,2,19"
9743651722,266,8,9,"0,3,1,19"
9741537813,266,8,9,"0,3,1,2"
9743652712,266,8,9,"0,3,8,1"
9741538439,266,8,9,"0,3,2,1"
9741538635,266,8,9,"3,1,0,2"
9741538805,266,8,9,"3,1,0,2"
9741539109,266,8,9,"0,3,2,1"
9741539539,266,8,9,"0,1,3,2"
9743654498,266,8,9,"0,3,1,2"
9743654652,266,8,9,"3,0,1,2"
9743654734,266,8,9,"3,0,1,2"
9741540549,266,8,9,"3,0,1,2"
9741540733,266,8,9,"0,3,2,1"
9741541071,266,8,9,"0,2,3,22"
9741541225,266,8,9,"0,3,2,22"
9743655946,266,8,9,"0,3,2,22"
9743656258,266,8,9,"3,0,1,2"
9743656412,266,8,9,"0,3,2,1"
9743656630,266,8,9,"0,3,2,1"
9743591322,266,8,9,"0,3,22,19"
9741477193,266,8,9,"0,22,2,3"
9743591958,266,8,9,"0,3,1,2"
9741477767,266,8,9,"0,3,22,19"
9741478215,266,8,9,"3,1,0,2"
9743592758,266,8,9,"0,3,2,1"
331915038,272,11,2,"1,0,2,18"
331914293,272,11,2,"0,1,2,15"
331847304,272,11,14,"1,0,2,3"
4095709,277,1,0,"1,0,3,2"
4104373,277,1,0,"1,0,2,3"
5267393,277,1,0,"1,3,0,2"
27998901,277,6,0,"0,2,1,3"
242295325,277,6,2,"2,0,1,3"
242295323,277,6,2,"2,0,1,22"
242295310,277,6,2,"0,2,3,22"
242295316,277,6,2,"0,2,1,3"
242295312,277,6,2,"0,3,2,1"
231225198,277,7,3,"1,0,2,3"
231293630,277,7,3,"0,1,2,3"
231293629,277,7,3,"1,8,10,5"
231293628,277,7,3,"1,3,0,2"
231293627,277,7,3,"1,0,2,3"
541505642,277,5,4,"0,1,2,25"
1018557818,277,6,12,"0,2,1,3"
1018555404,277,6,12,"0,2,1,3"
1018552412,277,6,12,"0,2,1,22"
1017685481,277,6,12,"0,1,2,22"
1017682839,277,6,12,"0,2,3,1"
2036080050,277,9,9,"1,0,3,8"
2035279991,277,9,9,"0,3,1,2"
2035278029,277,9,9,"1,0,3,2"
2035283465,277,9,9,"3,1,0,2"
2036084072,277,9,9,"1,0,3,8"
2035284763,277,9,9,"1,0,3,2"
2036208340,277,9,14,"2,0,3,1"
2035413829,277,9,14,"0,1,3,2"
2035415187,277,9,14,"0,1,3,2"
2036212362,277,9,14,"0,3,1,2"
2036213710,277,9,14,"0,3,1,2"
2035419231,277,9,14,"0,1,3,2"
2035422873,277,9,14,"0,1,3,2"
2035425517,277,9,14,"1,3,0,2"
2035427337,277,9,14,"0,1,3,8"
2036224710,277,9,14,"0,1,3,2"
2036226008,277,9,14,"0,2,1,3"
2454781456,277,3,2,"0,3,1,2"
2453946587,277,3,2,"1,0,3,8"
2454771650,277,3,2,"0,3,2,1"
2454761352,277,3,2,"1,0,3,2"
2454759814,277,3,9,"1,3,0,19"
2453929433,277,3,9,"1,0,3,13"
2442138842,277,3,9,"1,0,3,8"
2442135088,277,3,9,"0,3,1,8"
2441293963,277,3,9,"3,0,2,1"
3547084056,277,4,2,"2,0,1,3"
5138933023,277,8,16,"2,0,3,1"
2618217562,282,5,2,"1,0,5,8"
2617395637,282,5,2,"1,0,5,8"
2617396269,282,5,2,"1,0,8,5"
2617396971,282,5,2,"1,0,5,2"
2617397695,282,5,2,"0,1,2,12"
2690264907,282,6,12,"1,2,0,40"
2691079734,282,6,12,"0,2,1,3"
2691080952,282,6,12,"0,2,1,3"
2690252795,282,6,12,"2,0,1,3"
2691081742,282,6,12,"0,2,3,1"
2691082318,282,6,12,"8,10,5,33"
2702661004,282,6,12,"0,1,2,3"
2702662268,282,6,12,"0,2,1,3"
3118712799,282,11,5,"1,0,2,5"
3118713503,282,11,5,"8,1,5,0"
3118714299,282,11,5,"1,5,8,0"
5882311377,282,5,15,"1,8,5,4"
6496376395,282,11,14,"2,0,3,1"
6496378113,282,11,14,"2,0,3,1"
