8429015977,2,0,7,"2,3,0,4"
8464205683,2,1,8,"3,2,4,0"
8496751941,2,1,9,"0,2,4,19"
14018627681,2,3,10,"2,0,4,3"
13999820816,2,3,10,"2,3,4,0"
1667920402,3,8,6,"0,11,1,12"
1667920460,3,8,6,"2,0,11,1"
1667920472,3,8,6,"0,1,8,11"
1667920498,3,8,6,"0,11,1,2"
3277177439,3,0,7,"0,8,1,9"
3287663982,3,0,7,"0,2,1,8"
3277999268,3,0,7,"0,8,1,6"
3277178941,3,0,7,"0,8,1,6"
3278000924,3,0,7,"0,8,1,6"
3286845621,3,0,7,"0,8,19,20"
3286846239,3,0,7,"0,2,8,1"
3277180979,3,0,7,"0,19,8,1"
3287665780,3,0,7,"0,8,1,9"
3278002610,3,0,7,"0,8,1,19"
3287666416,3,0,7,"0,2,1,8"
3278003362,3,0,7,"0,1,8,2"
3277183353,3,0,7,"0,8,1,9"
3277184173,3,0,7,"0,1,8,9"
3278005680,3,0,7,"0,2,1,8"
3277185995,3,0,7,"0,8,1,19"
3278007390,3,0,7,"0,8,1,9"
3277187451,3,0,7,"0,1,8,19"
3287666966,3,0,7,"0,2,3,19"
3286848447,3,0,7,"0,2,3,4"
3286848939,3,0,7,"0,2,3,4"
3287668674,3,0,7,"0,2,3,4"
3287669192,3,0,7,"0,2,3,4"
3286850619,3,0,7,"0,2,3,4"
3287670494,3,0,7,"0,2,3,4"
3286851987,3,0,7,"2,0,1,3"
3286852605,3,0,7,"0,1,8,19"
3277193093,3,0,7,"0,1,8,2"
3277193911,3,0,7,"0,2,8,1"
3287672312,3,0,7,"0,1,8,9"
3277194627,3,0,7,"0,2,8,1"
3286853747,3,0,7,"0,8,1,22"
3277195403,3,0,7,"0,2,3,44"
3277196211,3,0,7,"0,2,3,4"
3277197023,3,0,7,"0,2,3,4"
3277197895,3,0,7,"2,0,3,4"
3286854225,3,0,7,"0,2,3,19"
3296256755,3,2,11,"0,1,8,32"
3296257365,3,2,11,"0,1,8,2"
3297083148,3,2,11,"0,1,8,2"
3296258589,3,2,11,"8,1,0,9"
3297084304,3,2,11,"2,0,1,14"
3297084866,3,2,11,"0,2,1,15"
3296260385,3,2,11,"0,1,2,19"
3297086080,3,2,11,"0,2,3,4"
3297086688,3,2,11,"0,1,2,23"
3296262411,3,2,11,"0,1,2,8"
3296263049,3,2,11,"0,1,2,8"
3297088692,3,2,11,"1,0,8,14"
2933313926,3,2,6,"0,1,2,8"
2933315156,3,2,6,"0,1,8,12"
2933316194,3,2,6,"0,1,2,11"
2932459409,3,2,6,"0,1,2,8"
2933318398,3,2,6,"0,1,2,8"
2932461603,3,2,6,"0,1,2,8"
2932462777,3,2,6,"2,0,1,15"
2933321794,3,2,6,"0,1,2,11"
2933323170,3,2,6,"2,3,0,25"
1669014082,3,9,6,"11,12,15,14"
2910817317,3,10,9,"8,0,1,6"
2911674558,3,4,6,"2,1,0,8"
2998070818,3,9,6,"0,2,1,14"
2997239283,3,9,6,"0,2,3,1"
2997253549,3,9,6,"0,1,8,2"
2997264883,3,9,6,"8,1,0,9"
2997275489,3,9,6,"0,2,1,14"
2998129628,3,9,6,"0,2,6,1"
2998139000,3,9,6,"0,2,3,4"
2998149276,3,9,6,"0,1,7,8"
2997319437,3,9,6,"0,2,1,8"
2997329021,3,9,6,"0,2,1,3"
2998179884,3,9,6,"0,8,1,9"
2997358871,3,9,5,"2,0,3,4"
3048681869,3,10,1,"2,0,3,4"
3048684915,3,10,1,"2,0,3,4"
3048688301,3,10,1,"2,0,3,20"
3049532048,3,10,1,"2,0,3,4"
3049535760,3,10,1,"2,0,3,4"
3048700181,3,10,1,"2,0,3,4"
3049548038,3,10,1,"2,0,3,4"
3048711353,3,10,1,"2,0,3,37"
3048720753,3,10,1,"2,3,0,21"
3049564150,3,10,1,"2,0,3,37"
3049567960,3,10,1,"2,0,3,6"
3048731591,3,10,1,"2,0,37,21"
3031806738,3,10,11,"2,0,21,3"
3031811464,3,10,11,"0,2,37,6"
3031814080,3,10,11,"2,3,0,4"
3031816526,3,10,11,"8,1,0,2"
3031818706,3,10,11,"2,0,3,21"
3030981633,3,10,11,"2,0,37,21"
3030983699,3,10,1,"2,0,21,3"
3031825620,3,10,1,"2,3,0,21"
3030988621,3,10,1,"2,0,1,8"
3031833830,3,10,1,"2,0,21,3"
3030996615,3,10,1,"2,0,37,21"
3031838642,3,10,1,"2,0,3,37"
3031003489,3,10,1,"2,0,32,3"
3031005829,3,10,1,"0,2,21,37"
3031848606,3,10,1,"2,0,3,37"
3031011299,3,10,1,"2,0,3,4"
3031856278,3,10,1,"2,3,0,32"
3031858762,3,10,1,"2,3,0,32"
3031021035,3,10,1,"2,0,3,37"
3031025647,3,10,1,"2,8,1,27"
3031031579,3,10,1,"2,0,3,21"
3031038267,3,10,1,"2,0,3,37"
3031883594,3,10,1,"2,0,3,21"
3031102573,3,10,6,"2,0,1,6"
3031947988,3,10,6,"2,0,3,21"
3031953560,3,10,6,"2,3,0,32"
3031959214,3,10,6,"2,0,3,21"
3031964806,3,10,6,"2,0,1,8"
3031969720,3,10,6,"2,0,3,4"
3031136005,3,10,6,"2,3,0,32"
3031981902,3,10,6,"2,3,0,32"
3031147877,3,10,6,"2,0,3,21"
3031153917,3,10,6,"2,3,0,4"
3031160153,3,10,6,"2,0,37,21"
3032011060,3,10,6,"2,0,3,32"
3031176831,3,10,6,"2,3,4,0"
3047913790,3,10,12,"1,0,8,11"
3047916980,3,10,12,"0,8,1,9"
3047083849,3,10,12,"8,1,11,0"
3047089687,3,10,12,"0,8,1,9"
3033612409,3,10,6,"2,0,3,4"
3106658286,3,11,13,"0,8,1,9"
3105834287,3,11,1,"14,2,8,15"
3105840301,3,11,1,"14,8,15,0"
3106681900,3,11,1,"14,8,15,1"
3106688206,3,11,1,"2,14,0,15"
3105864119,3,11,1,"2,14,15,0"
3106706610,3,11,1,"14,0,8,2"
3106714076,3,11,1,"2,0,14,15"
3106720110,3,11,1,"15,1,14,12"
3105894145,3,11,1,"2,0,4,3"
3105902109,3,11,1,"2,0,14,8"
3105909097,3,11,1,"2,0,14,15"
3105915205,3,11,1,"2,0,14,15"
3105921075,3,11,1,"2,14,0,15"
3105926773,3,11,1,"2,0,14,15"
3105932527,3,11,1,"2,15,14,0"
3105938851,3,11,1,"2,0,14,15"
3105944539,3,11,1,"2,0,14,15"
3106783070,3,11,1,"2,0,14,15"
3105955441,3,11,1,"0,8,11,1"
3106794150,3,11,1,"11,0,2,8"
3278163906,3,1,7,"0,1,8,9"
3277346265,3,1,7,"2,0,3,4"
3277350253,3,1,7,"0,2,3,4"
3278174920,3,1,7,"0,2,3,4"
3278177234,3,1,7,"1,8,0,53"
3277359317,3,1,7,"0,2,3,4"
3278184002,3,1,7,"0,1,8,2"
3277366717,3,1,7,"0,1,8,2"
3277370015,3,1,7,"0,1,8,46"
3277374061,3,1,7,"0,8,1,19"
3299799536,3,1,0,"2,0,37,21"
3298978099,3,1,0,"2,0,6,1"
3299810712,3,1,0,"2,0,37,6"
3299817136,3,1,0,"2,3,0,4"
3299821252,3,1,0,"2,0,3,32"
3299828368,3,1,0,"2,0,32,3"
3299006435,3,1,0,"2,0,37,6"
3299010581,3,1,0,"0,2,37,6"
3299845392,3,1,0,"0,1,8,11"
3299020323,3,1,0,"0,2,6,37"
3299853862,3,1,0,"0,2,1,8"
3299857254,3,1,0,"0,2,37,6"
3299865142,3,1,0,"2,0,6,37"
3299877298,3,1,11,"2,0,3,4"
3299880600,3,1,11,"0,2,21,37"
3299055261,3,1,11,"0,1,2,8"
3299058967,3,1,11,"0,2,3,1"
3299893000,3,1,11,"0,1,8,32"
3299069631,3,1,11,"0,1,2,8"
3299074489,3,1,11,"0,1,8,2"
3299078069,3,1,11,"0,1,8,6"
3299910664,3,1,11,"0,8,1,9"
3299087701,3,1,11,"1,8,15,14"
3299092029,3,1,11,"0,2,1,8"
3299097473,3,1,11,"0,2,14,8"
3299929308,3,1,11,"0,2,1,39"
3299103877,3,1,11,"0,2,6,1"
3299936538,3,1,11,"0,1,8,2"
3299941904,3,1,1,"2,0,15,14"
3299947284,3,1,1,"0,8,15,12"
3299950920,3,1,1,"0,8,1,9"
3299125679,3,1,1,"0,8,1,9"
3299958686,3,1,1,"14,8,1,15"
3299963356,3,1,1,"0,8,1,11"
3299140561,3,1,1,"14,15,8,12"
3299145367,3,1,1,"1,8,0,9"
3299150945,3,1,1,"1,8,0,12"
3299155175,3,1,1,"2,3,0,41"
3299160809,3,1,1,"8,1,11,12"
3299995986,3,1,1,"15,1,12,31"
3300000010,3,1,1,"0,8,1,14"
3300003476,3,1,1,"3,2,0,5"
3299179227,3,1,1,"0,1,8,9"
3299184555,3,1,1,"0,8,1,6"
3300017502,3,1,1,"2,1,0,8"
3299194015,3,1,1,"1,8,0,11"
3300028466,3,1,1,"2,0,32,3"
3299205771,3,1,1,"11,12,15,14"
3299210719,3,1,1,"0,2,19,20"
3299215087,3,1,1,"1,8,0,12"
3299219709,3,1,4,"8,1,9,11"
3299224471,3,1,4,"1,8,0,11"
3299228371,3,1,6,"0,8,1,2"
3300061506,3,1,6,"0,8,1,6"
3299236165,3,1,6,"2,15,14,0"
3459413002,3,3,13,"0,2,1,11"
3518478876,3,4,10,"2,3,4,0"
3518482820,3,4,10,"0,8,1,6"
3518487620,3,4,10,"0,8,1,6"
3517682163,3,4,10,"0,8,1,9"
3518498408,3,4,10,"0,8,1,19"
3518502400,3,4,10,"0,8,1,6"
3518506894,3,4,10,"0,2,1,8"
3518512426,3,4,10,"0,1,8,2"
3517706347,3,4,10,"0,1,8,9"
3518522464,3,4,10,"0,2,25,4"
3518529048,3,4,10,"2,0,3,4"
3518534414,3,4,10,"1,0,8,6"
3517728553,3,4,10,"0,1,8,6"
3518544084,3,4,10,"0,2,1,20"
3517737671,3,4,10,"0,1,8,19"
3517743365,3,4,10,"0,2,1,20"
3518558702,3,4,10,"0,1,8,19"
3518563414,3,4,10,"0,1,8,9"
3517758283,3,4,10,"8,0,1,9"
3518573402,3,4,10,"0,2,3,4"
3517767717,3,4,10,"0,1,8,35"
3518584958,3,4,10,"0,8,1,19"
3518590588,3,4,10,"0,1,8,9"
3517784777,3,4,10,"0,1,8,9"
3518455638,3,4,10,"0,8,1,9"
3517789901,3,4,10,"0,2,1,3"
3518605428,3,4,10,"0,8,1,19"
3517801833,3,4,10,"0,2,8,1"
3517807191,3,4,10,"2,0,3,4"
3518622892,3,4,7,"0,1,8,19"
3517818805,3,4,10,"2,3,0,44"
3518632300,3,4,7,"0,19,20,8"
3518637664,3,4,7,"8,0,1,6"
3518642034,3,4,7,"0,8,1,6"
3518648816,3,4,9,"0,1,8,7"
3518654790,3,4,9,"0,8,1,6"
3518661954,3,4,5,"0,2,7,3"
3517857331,3,4,9,"0,1,8,35"
3517864677,3,4,9,"0,1,8,2"
3517870431,3,4,9,"0,19,1,8"
3517874817,3,4,9,"8,1,0,22"
3518690160,3,4,5,"0,8,1,19"
3517886403,3,4,7,"0,8,1,9"
3517894103,3,4,7,"0,2,8,1"
3517899055,3,4,7,"0,8,1,9"
3517905489,3,4,7,"0,8,1,19"
3517911755,3,4,7,"0,1,8,19"
3518727514,3,4,7,"0,2,1,8"
3517924937,3,4,7,"0,2,1,7"
3517930095,3,4,7,"0,2,35,1"
3517934733,3,4,7,"0,1,8,35"
3517954069,3,4,0,"0,1,8,9"
3517959861,3,4,0,"0,8,1,14"
3517964313,3,4,0,"8,0,1,19"
3518777520,3,4,0,"0,8,1,19"
3517973821,3,4,0,"3,0,2,30"
3517980533,3,4,0,"3,2,0,4"
3517988181,3,4,0,"0,2,1,19"
3517996327,3,4,0,"0,2,4,19"
3518002857,3,4,0,"0,8,1,9"
3518010937,3,4,0,"8,0,1,9"
3518825912,3,4,0,"0,8,1,6"
3518832726,3,4,0,"0,8,1,19"
3518839228,3,4,0,"8,0,1,6"
3518038553,3,4,0,"0,8,1,6"
3518855762,3,4,0,"2,3,0,4"
3518054345,3,4,0,"0,8,1,19"
3518061525,3,4,0,"3,2,0,4"
3518068575,3,4,0,"8,1,0,15"
3518885396,3,4,0,"1,8,0,22"
3575804288,3,4,4,"0,2,1,6"
3575808116,3,4,4,"0,2,6,1"
3575811660,3,4,4,"0,2,1,6"
3575006631,3,4,4,"0,1,8,6"
3575817906,3,4,4,"0,2,1,6"
3575012823,3,4,4,"0,1,6,2"
3575017179,3,4,4,"0,2,6,1"
3575023095,3,4,4,"0,2,1,6"
3575835960,3,4,4,"0,2,3,4"
3575030231,3,4,4,"0,1,8,6"
3575033511,3,4,4,"2,0,3,30"
3657135058,3,5,0,"0,1,8,2"
3656345623,3,5,0,"0,8,1,6"
3833546110,3,7,5,"0,2,3,4"
3833550626,3,7,5,"0,2,25,6"
3968154927,3,8,7,"4,2,0,3"
3968923182,3,8,7,"3,2,0,4"
3968151671,3,8,7,"3,2,4,0"
3968933778,3,8,7,"0,2,3,4"
4229336439,3,11,5,"2,0,1,25"
4333130191,3,0,7,"3,2,0,4"
4377687263,3,1,12,"0,1,2,14"
4377690981,3,1,12,"2,0,8,1"
4378458442,3,1,7,"0,8,1,6"
4573906921,3,4,3,"0,8,1,9"
4573909263,3,4,3,"0,1,8,7"
4574544956,3,4,3,"0,2,3,4"
4574546746,3,4,3,"0,2,1,35"
4573915065,3,4,3,"8,0,1,22"
4574550808,3,4,3,"1,8,0,9"
4574552756,3,4,3,"0,2,1,15"
4573921095,3,4,3,"8,1,0,9"
4574556744,3,4,3,"8,1,0,9"
4573925255,3,4,3,"8,1,0,9"
4573928881,3,4,3,"1,2,0,8"
4573930939,3,4,3,"0,1,8,9"
4573932685,3,4,3,"8,1,0,9"
4573934671,3,4,3,"1,8,0,9"
4574570432,3,4,3,"0,2,1,8"
4574571950,3,4,3,"0,2,3,1"
4573940415,3,4,3,"0,2,1,8"
4574576912,3,4,3,"2,0,14,15"
4574579332,3,4,3,"2,0,3,52"
4573947405,3,4,3,"0,1,2,8"
4574584420,3,4,3,"14,15,2,12"
4574586546,3,4,3,"0,2,3,1"
4574588780,3,4,3,"2,0,1,15"
4574590576,3,4,3,"2,0,15,14"
4574591906,3,4,3,"2,0,3,4"
4574593940,3,4,3,"0,1,8,14"
4573962073,3,4,3,"0,8,1,22"
4573965695,3,4,3,"1,8,2,12"
4574601620,3,4,3,"8,1,12,15"
4574603410,3,4,3,"0,1,8,9"
4573971313,3,4,3,"2,3,0,25"
4574607142,3,4,3,"2,0,3,6"
4573975777,3,4,3,"0,2,1,8"
4574610794,3,4,3,"0,1,8,22"
4574613652,3,4,3,"1,0,8,11"
4574615878,3,4,3,"1,8,0,22"
4573984117,3,4,3,"0,2,3,25"
4574619400,3,4,3,"0,2,1,8"
4573987565,3,4,3,"0,2,1,3"
4573988887,3,4,3,"1,8,0,9"
4573990357,3,4,3,"0,8,1,22"
4573992493,3,4,3,"0,1,8,19"
4573994093,3,4,3,"0,1,8,2"
4573995965,3,4,3,"3,2,4,0"
4574631514,3,4,3,"2,0,8,38"
4574633652,3,4,3,"0,2,38,1"
4574002141,3,4,3,"0,2,1,19"
4574637118,3,4,3,"0,2,3,1"
4574639130,3,4,3,"0,1,8,19"
4574640682,3,4,3,"0,2,4,3"
4574009165,3,4,3,"3,0,2,4"
4574644338,3,4,3,"0,1,2,8"
4574645904,3,4,3,"0,1,8,9"
4574014379,3,4,3,"0,8,1,9"
4574015925,3,4,3,"8,1,0,22"
4574767518,3,4,7,"14,15,8,1"
4574136429,3,4,7,"11,8,1,12"
4574139503,3,4,7,"14,8,11,15"
4574144013,3,4,7,"2,14,1,15"
4574147989,3,4,7,"2,1,8,0"
4574151973,3,4,7,"14,8,11,15"
4574156151,3,4,7,"8,1,11,12"
4574792870,3,4,7,"11,8,1,2"
4574523836,3,4,3,"0,8,1,9"
4677557440,3,5,4,"8,11,1,0"
4677087489,3,5,0,"0,1,2,8"
4677090209,3,5,0,"0,2,4,3"
4677722116,3,5,0,"2,0,3,4"
4677094845,3,5,0,"0,8,1,9"
4677097099,3,5,0,"0,1,8,6"
4677099875,3,5,0,"0,2,1,25"
4677785892,3,5,5,"0,8,1,19"
4677788716,3,5,7,"2,0,3,52"
4738194416,3,5,0,"2,0,1,38"
4782510310,3,5,13,"0,8,1,6"
4804192608,3,6,13,"11,14,8,1"
4959461384,3,8,5,"0,2,3,6"
4959463648,3,8,7,"2,3,0,4"
4958871793,3,8,7,"2,3,0,4"
4959468532,3,8,7,"0,1,8,2"
4958877861,3,8,5,"2,0,3,8"
4956464288,3,8,0,"0,2,3,1"
4963362864,3,8,6,"0,2,3,4"
4963365978,3,8,6,"0,2,3,4"
4963369134,3,8,6,"2,0,3,4"
4963372196,3,8,6,"3,0,2,4"
4963498538,3,8,0,"2,0,4,3"
4962910669,3,8,5,"2,3,0,4"
4962914313,3,8,5,"0,2,3,4"
5183211131,3,10,5,"0,2,3,32"
5183214905,3,10,5,"0,2,1,8"
5183219115,3,10,5,"8,1,10,9"
5210643265,3,10,6,"0,2,3,7"
5210651511,3,10,0,"0,2,11,1"
5250771836,3,11,9,"0,8,1,9"
5250172219,3,11,8,"0,4,2,8"
5250235261,3,11,14,"0,14,8,1"
5356878152,3,0,13,"8,1,0,9"
5356282487,3,0,9,"0,1,8,19"
5541756704,3,2,5,"0,2,1,6"
5775215165,3,4,10,"2,0,3,4"
5775217527,3,4,10,"0,2,3,4"
5803585638,3,5,9,"0,8,1,2"
5803588192,3,5,9,"0,8,1,9"
5803034235,3,5,9,"0,1,8,2"
5803037269,3,5,9,"0,8,1,2"
5803597328,3,5,9,"0,8,1,2"
5803600006,3,5,9,"0,8,1,19"
5803046329,3,5,9,"0,8,1,22"
5803604248,3,5,9,"0,1,8,2"
5803050443,3,5,9,"0,8,1,22"
5803053007,3,5,9,"0,2,8,1"
5803611500,3,5,9,"0,8,1,6"
5803613798,3,5,9,"0,8,5,26"
5803616004,3,5,9,"0,1,8,14"
5803617898,3,5,9,"0,1,2,8"
5803620852,3,5,9,"0,1,8,24"
5803623888,3,5,9,"0,8,2,1"
5803626248,3,5,9,"0,8,1,22"
5803072207,3,5,9,"0,1,2,8"
5803074637,3,5,9,"0,2,1,8"
5803076431,3,5,9,"0,2,1,8"
5803633730,3,5,9,"0,1,8,2"
5803635856,3,5,9,"0,1,8,2"
5803082415,3,5,9,"0,1,2,8"
5803639862,3,5,9,"0,2,1,19"
5803086215,3,5,9,"0,2,1,8"
5803644166,3,5,9,"2,0,3,1"
5803090567,3,5,9,"0,1,8,26"
5803648090,3,5,9,"0,8,1,26"
5803650072,3,5,9,"0,8,1,22"
5803651878,3,5,9,"0,1,2,8"
5803654172,3,5,9,"2,0,3,4"
5803100693,3,5,9,"2,0,1,23"
5801926177,3,5,9,"2,0,1,3"
5801929965,3,5,8,"0,8,1,2"
5802490660,3,5,8,"2,0,24,4"
5802494848,3,5,8,"0,8,1,2"
5801942709,3,5,8,"0,2,24,4"
5802503190,3,5,9,"0,1,2,8"
5801951207,3,5,9,"2,1,0,12"
5802513192,3,5,8,"0,8,1,2"
5802516806,3,5,9,"2,0,14,24"
5874881425,3,5,3,"0,2,3,1"
5874884495,3,5,3,"0,2,1,8"
5875448696,3,5,3,"0,2,3,7"
5875451774,3,5,3,"0,2,3,41"
5875454626,3,5,3,"0,1,8,2"
5874896603,3,5,3,"0,2,1,3"
5875460616,3,5,3,"0,2,1,8"
5875462968,3,5,3,"0,1,8,6"
5874904685,3,5,3,"0,1,8,19"
5875468590,3,5,3,"0,1,8,2"
5875471652,3,5,3,"0,1,8,19"
5875474298,3,5,3,"8,1,0,9"
5875477096,3,5,3,"1,8,0,9"
5874918941,3,5,3,"0,2,3,1"
5874921659,3,5,3,"0,8,1,9"
5874924337,3,5,3,"1,8,0,9"
5875487548,3,5,3,"0,1,8,9"
5875490886,3,5,3,"0,8,1,19"
5875492768,3,5,3,"0,1,2,25"
5875531120,3,5,7,"0,1,2,8"
5874975833,3,5,7,"14,1,0,2"
5874981503,3,5,7,"8,0,1,14"
5874987385,3,5,7,"0,1,14,2"
5874990817,3,5,7,"0,8,1,9"
5875554244,3,5,7,"8,1,0,19"
5874999125,3,5,7,"8,1,15,14"
5875002679,3,5,7,"0,2,4,3"
5875006329,3,5,7,"2,3,0,4"
5875009955,3,5,5,"0,2,3,19"
5875392418,3,5,3,"0,8,1,2"
5874835053,3,5,3,"0,8,1,6"
5874842537,3,5,3,"0,1,8,2"
5875406166,3,5,3,"0,1,8,9"
5874848795,3,5,3,"0,1,8,19"
5875411896,3,5,3,"0,1,8,22"
5968753667,3,6,5,"0,8,1,9"
5968790603,3,6,5,"2,0,3,4"
5968793043,3,6,5,"2,0,3,37"
5973167937,3,6,8,"1,8,0,9"
5973164243,3,6,7,"0,8,1,6"
5973166419,3,6,10,"0,3,2,4"
6162245445,3,8,7,"0,8,1,22"
6162783568,3,8,3,"0,2,3,21"
6162787262,3,8,3,"0,1,8,21"
6162257183,3,8,3,"2,0,21,37"
6162794348,3,8,3,"0,8,1,9"
6162263237,3,8,3,"0,1,8,9"
6162266999,3,8,3,"0,8,1,22"
6162313101,3,8,7,"0,1,8,19"
6162849806,3,8,5,"0,2,1,6"
6162852782,3,8,5,"0,8,1,19"
6162856040,3,8,5,"0,1,8,9"
6162860264,3,8,5,"0,2,1,35"
6161427422,3,8,9,"0,8,1,9"
6160915673,3,8,5,"0,1,8,10"
6161069747,3,8,3,"0,1,8,2"
6161612570,3,8,3,"2,0,3,4"
6161618224,3,8,3,"1,0,8,2"
6161094643,3,8,3,"0,2,19,20"
6162242847,3,8,7,"0,8,1,9"
6202239075,3,9,5,"2,0,3,4"
6225450090,3,9,5,"0,2,8,4"
6225447688,3,9,5,"2,0,4,3"
6276205522,3,9,6,"2,0,3,4"
6276208958,3,9,6,"0,2,4,3"
6276211924,3,9,6,"2,0,4,3"
6275690931,3,9,4,"8,0,11,1"
6275692459,3,9,1,"0,1,8,6"
6275693789,3,9,1,"0,8,1,6"
6275695249,3,9,15,"8,1,0,11"
6276257268,3,9,15,"11,8,1,0"
6275735493,3,9,15,"0,8,1,22"
6276259954,3,9,15,"8,1,22,10"
6276260512,3,9,15,"8,1,0,22"
6275738881,3,9,15,"0,1,8,10"
6276263462,3,9,15,"0,2,1,20"
6276264598,3,9,15,"4,0,2,3"
6275742629,3,9,15,"4,0,2,3"
6276267066,3,9,15,"4,2,0,3"
6276268306,3,9,15,"4,2,3,0"
6275746223,3,9,15,"2,3,4,0"
6305966092,3,9,8,"3,2,0,4"
6305967886,3,9,8,"3,2,0,4"
6305445121,3,9,8,"2,3,4,0"
6305446869,3,9,8,"2,3,4,0"
6305448631,3,9,8,"2,0,3,4"
6305975204,3,9,8,"2,3,0,4"
6305977012,3,9,8,"2,3,4,0"
6305979210,3,9,8,"2,3,0,4"
6305981130,3,9,8,"2,3,4,0"
6305458681,3,9,8,"2,3,4,0"
6305461363,3,9,8,"2,3,4,0"
6305463413,3,9,8,"2,0,3,4"
6305990710,3,9,8,"1,8,0,9"
6305468955,3,9,8,"0,2,3,4"
6305995540,3,9,8,"0,1,8,2"
6305473975,3,9,8,"0,1,8,2"
6361434783,3,10,7,"8,1,0,10"
6361451141,3,10,7,"8,0,1,9"
6361454421,3,10,7,"0,1,8,2"
6361457295,3,10,5,"0,1,8,9"
6361460011,3,10,5,"3,0,2,51"
6361463673,3,10,5,"2,0,3,42"
6361440173,3,10,7,"0,2,3,4"
6381045509,3,10,5,"0,2,4,8"
6381050203,3,10,5,"2,0,3,4"
6381053009,3,10,5,"0,2,7,4"
6381057241,3,10,5,"0,2,3,4"
6381059695,3,10,5,"2,0,3,4"
6445929217,3,11,0,"2,0,3,4"
6445932653,3,11,0,"0,1,8,46"
6604330997,3,11,9,"15,14,12,1"
6604339423,3,11,9,"8,1,0,11"
6604344453,3,11,9,"1,8,0,12"
6604348595,3,11,9,"8,1,0,11"
6604352569,3,11,10,"2,0,3,4"
6604249929,3,11,9,"1,0,12,8"
6604283969,3,11,9,"1,8,0,12"
6950914361,3,1,5,"0,1,8,2"
6950916565,3,1,5,"0,8,1,20"
6950918517,3,1,5,"3,0,2,4"
7176369152,3,4,7,"2,3,0,4"
7176373014,3,4,10,"2,0,3,4"
7176394670,3,4,8,"0,1,19,8"
7176399840,3,4,8,"11,0,1,8"
7176403666,3,4,8,"2,0,3,4"
7176410010,3,4,8,"11,0,8,1"
7176414930,3,4,10,"0,2,19,20"
7176420720,3,4,9,"2,0,3,4"
7181059326,3,4,4,"0,8,1,9"
7181062128,3,4,4,"8,0,1,6"
7181064702,3,4,4,"1,8,0,6"
7181070962,3,4,4,"8,11,1,0"
7181074320,3,4,4,"0,11,1,8"
7181077134,3,4,4,"0,8,1,19"
7181086674,3,4,2,"11,8,1,0"
7181091900,3,4,2,"14,15,1,12"
7181094536,3,4,1,"8,11,1,0"
7181098068,3,4,1,"11,1,0,8"
7181102090,3,4,1,"11,8,1,0"
7181106312,3,4,1,"2,14,0,15"
7181109696,3,4,1,"0,8,1,9"
7181114052,3,4,1,"0,2,1,8"
7181117404,3,4,1,"0,2,19,20"
7181133130,3,4,4,"8,1,0,14"
7181136302,3,4,4,"8,1,14,0"
7181141728,3,4,9,"0,8,6,1"
7181150990,3,4,6,"0,2,1,34"
7181154188,3,4,6,"0,2,3,4"
7181156224,3,4,6,"0,1,6,8"
7254921658,3,4,7,"0,2,3,4"
7353806124,3,5,10,"0,2,4,8"
7353808196,3,5,10,"0,2,4,3"
7891560946,3,6,5,"0,19,20,29"
7891720306,3,7,6,"0,2,25,4"
7891730464,3,7,9,"0,1,8,2"
7891734232,3,7,8,"2,0,3,8"
8088952202,3,8,5,"2,3,0,4"
8088961347,3,8,16,"0,1,8,2"
8088963504,3,8,16,"2,0,11,1"
8088965120,3,8,16,"2,0,3,4"
8088966531,3,8,16,"2,0,3,4"
8088968830,3,8,16,"0,2,8,1"
8088970366,3,8,16,"2,0,8,1"
8088971688,3,8,16,"0,8,1,9"
8088972631,3,8,16,"0,1,8,9"
8088974168,3,8,16,"0,8,1,9"
8147567369,3,9,14,"0,8,1,6"
8147568429,3,9,14,"8,0,1,6"
8150378704,3,10,1,"1,8,14,0"
8150379942,3,10,1,"0,1,8,19"
8150380380,3,10,1,"0,2,8,1"
8150381420,3,10,11,"0,2,3,4"
8150386001,3,10,11,"0,3,2,4"
8150413464,3,10,11,"2,0,3,4"
8150388261,3,10,11,"2,3,4,0"
8150415452,3,10,11,"3,2,0,4"
8150390343,3,10,11,"2,3,0,4"
8150417428,3,10,11,"2,3,4,0"
8150418266,3,10,11,"0,2,3,6"
8150419320,3,10,11,"0,2,3,1"
8150420496,3,10,11,"3,0,2,4"
8150395351,3,10,11,"2,3,0,4"
8150396121,3,10,11,"0,2,3,25"
8150397235,3,10,11,"0,2,3,25"
8150398055,3,10,11,"0,2,1,3"
8150425048,3,10,11,"0,1,2,3"
8150426086,3,10,11,"3,2,4,0"
8150401029,3,10,11,"2,0,4,3"
8150402067,3,10,11,"2,4,3,0"
8150403221,3,10,11,"4,3,2,0"
8150430226,3,10,11,"2,0,3,4"
8150431428,3,10,11,"2,4,3,0"
8150432478,3,10,11,"2,3,0,4"
8150433734,3,10,11,"3,2,4,0"
8150408715,3,10,11,"0,2,3,4"
8150435856,3,10,11,"2,0,3,4"
8150410943,3,10,11,"2,3,0,4"
8150438048,3,10,11,"2,0,3,4"
8150413125,3,10,11,"2,0,3,7"
8150440468,3,10,11,"2,0,3,4"
8150415503,3,10,11,"2,3,0,4"
8150442918,3,10,11,"2,0,3,4"
8150417817,3,10,11,"2,3,0,4"
8150445096,3,10,11,"2,0,3,4"
8150420001,3,10,11,"0,3,2,41"
8150447258,3,10,11,"3,2,0,4"
8150448162,3,10,11,"2,3,0,4"
8150423197,3,10,11,"2,0,3,39"
8150450724,3,10,11,"2,3,0,6"
8150451864,3,10,11,"2,3,0,4"
8150452898,3,10,11,"0,2,3,4"
8150427971,3,10,11,"2,0,3,4"
8150455658,3,10,11,"2,3,0,4"
8150456636,3,10,11,"2,0,3,4"
8150431495,3,10,11,"4,2,0,3"
8150458498,3,10,11,"3,0,2,4"
8152458150,3,10,1,"0,8,2,1"
8152459480,3,10,1,"3,2,0,4"
8152460726,3,10,1,"4,3,2,0"
8152436303,3,10,1,"3,0,2,4"
8152757988,3,10,1,"8,1,0,12"
8152593992,3,10,1,"2,0,12,1"
8152595296,3,10,1,"1,12,0,15"
8152570233,3,10,1,"3,2,0,4"
8152607658,3,10,1,"1,8,12,11"
8152609060,3,10,1,"0,3,2,4"
8152610010,3,10,1,"8,1,0,11"
8152610832,3,10,1,"0,1,53,2"
8152585489,3,10,1,"2,0,1,12"
8152586969,3,10,1,"0,2,1,8"
8152615024,3,10,1,"0,2,1,8"
8152615780,3,10,1,"0,3,2,4"
8152616648,3,10,1,"3,2,0,25"
8152617888,3,10,1,"1,8,0,12"
8152619172,3,10,1,"0,1,11,8"
8152620156,3,10,1,"3,0,2,30"
8152594667,3,10,1,"1,0,8,11"
8260748570,3,10,5,"2,0,3,25"
8477971118,3,1,9,"0,4,2,8"
8476881741,3,1,9,"0,2,4,3"
8476882675,3,1,9,"0,2,8,14"
8477973838,3,1,9,"2,0,4,8"
8476884457,3,1,9,"2,4,24,0"
8476885257,3,1,9,"0,8,4,2"
8477976402,3,1,9,"0,2,4,8"
8476886851,3,1,9,"0,4,2,17"
8476887623,3,1,9,"2,4,0,3"
8485505654,3,1,8,"2,3,0,4"
8485506506,3,1,8,"2,0,3,4"
8485507352,3,1,8,"2,3,0,4"
8485508308,3,1,8,"2,3,0,4"
8484416185,3,1,8,"2,3,0,4"
8484417091,3,1,8,"0,2,4,3"
8485510728,3,1,8,"2,0,3,1"
8484418881,3,1,8,"2,0,3,4"
8484419707,3,1,8,"2,3,0,4"
8484420397,3,1,8,"2,3,0,4"
8485513772,3,1,8,"2,3,55,27"
8485514670,3,1,8,"2,27,3,4"
8485515616,3,1,8,"2,3,0,4"
8485516382,3,1,8,"3,2,27,10"
8485517352,3,1,8,"2,0,3,4"
8485518440,3,1,8,"2,0,3,4"
8484426833,3,1,8,"0,3,2,10"
8484427687,3,1,8,"2,3,0,4"
8484428607,3,1,8,"2,0,3,4"
8485522234,3,1,8,"2,1,27,28"
8485523174,3,1,8,"0,1,2,3"
8484431703,3,1,8,"2,0,8,3"
8485524998,3,1,8,"2,3,0,4"
8485525656,3,1,8,"2,3,0,41"
8484434091,3,1,8,"2,3,0,7"
8485527360,3,1,8,"2,3,0,4"
8484435771,3,1,8,"2,0,8,3"
8485529362,3,1,8,"2,0,3,4"
8484437711,3,1,8,"2,0,3,4"
8484438517,3,1,8,"2,0,3,4"
8484439367,3,1,8,"2,0,3,4"
8484440069,3,1,8,"2,3,0,4"
8484440905,3,1,8,"2,0,3,1"
8485534290,3,1,8,"2,0,1,3"
8485535188,3,1,8,"2,0,3,4"
8485535946,3,1,8,"2,3,0,4"
8485537088,3,1,8,"2,0,1,12"
8485537744,3,1,8,"0,1,10,8"
8484445855,3,1,8,"2,3,0,49"
8484446503,3,1,8,"2,3,0,4"
8484447299,3,1,8,"2,0,1,8"
8485540516,3,1,8,"0,2,1,8"
8484448719,3,1,8,"2,0,3,4"
8484449265,3,1,8,"2,27,3,4"
8484449517,3,1,8,"1,2,0,8"
8484450715,3,1,8,"2,1,0,8"
8484451591,3,1,8,"2,0,1,51"
8484452733,3,1,8,"2,3,0,36"
8484453761,3,1,8,"2,3,0,4"
8485547498,3,1,8,"3,2,4,0"
8484455839,3,1,8,"2,0,4,3"
8484456913,3,1,8,"2,3,4,0"
8484457825,3,1,8,"4,2,0,3"
8484458223,3,1,8,"0,4,2,3"
8484459143,3,1,8,"2,3,0,4"
8543957045,3,2,6,"0,2,3,1"
8543958509,3,2,6,"3,2,4,0"
8543959481,3,2,6,"0,2,3,4"
8543960239,3,2,6,"2,3,0,4"
8543961123,3,2,6,"0,3,2,4"
8543961939,3,2,6,"3,4,2,0"
8543962709,3,2,6,"0,2,3,4"
8543963461,3,2,6,"3,4,2,0"
8543964285,3,2,6,"0,2,3,34"
8545061750,3,2,6,"0,3,2,4"
8545062500,3,2,6,"3,4,2,0"
8543966955,3,2,6,"4,3,2,26"
8545064464,3,2,6,"0,4,3,2"
8545065248,3,2,6,"3,2,0,4"
8543969395,3,2,6,"3,2,0,4"
8545066818,3,2,6,"3,4,2,0"
8545067542,3,2,6,"4,0,2,3"
8545068434,3,2,6,"0,2,3,4"
8545069284,3,2,6,"4,3,2,0"
8545070012,3,2,6,"4,3,2,0"
8543974219,3,2,6,"3,4,2,0"
8543975269,3,2,6,"2,0,3,4"
8543976313,3,2,6,"3,0,2,4"
8545074168,3,2,6,"3,4,2,0"
8543978453,3,2,6,"4,0,8,2"
8545076196,3,2,6,"2,0,4,3"
8543980253,3,2,6,"2,0,34,4"
8543981003,3,2,6,"4,3,2,0"
8545078744,3,2,6,"4,3,2,0"
8706983556,3,4,6,"2,0,3,20"
9376528942,3,4,5,"0,1,19,20"
9373744633,3,4,9,"0,1,8,2"
9373764285,3,4,5,"8,1,0,22"
9373768991,3,4,5,"0,2,35,3"
9373719379,3,4,5,"2,4,0,3"
9376563472,3,4,5,"2,0,3,48"
9373721737,3,4,5,"2,0,4,3"
9373725947,3,4,5,"2,3,0,4"
9373723767,3,4,5,"0,2,4,3"
9376508292,3,4,8,"0,2,11,8"
9373729731,3,4,10,"0,19,8,20"
9376561518,3,4,10,"0,20,19,2"
9376513762,3,4,16,"3,2,0,4"
9376492184,3,5,13,"2,1,27,0"
9376484744,3,5,13,"8,1,0,11"
9373794207,3,5,5,"0,1,8,6"
9373700205,3,5,5,"0,2,3,4"
9376482954,3,5,5,"0,1,8,2"
9373690627,3,5,5,"0,2,3,4"
9373688885,3,6,5,"0,2,3,4"
10015111353,3,6,5,"0,2,3,4"
10015048576,3,6,5,"0,4,2,3"
10014992394,3,6,5,"2,0,3,4"
10015127453,3,6,5,"0,3,2,35"
9376589570,3,6,5,"0,3,2,35"
9376591366,3,6,5,"0,2,35,4"
10015131533,3,6,5,"2,0,3,4"
9376464542,3,6,5,"2,0,3,4"
13345989394,3,1,7,"0,8,1,9"
13345746553,3,1,7,"0,1,8,2"
13346052724,3,2,5,"0,2,19,20"
13188606384,3,2,2,"8,0,1,9"
13188618574,3,2,2,"0,8,1,2"
13188630634,3,2,2,"8,1,12,11"
13188464083,3,2,2,"8,1,14,15"
13188659294,3,2,2,"2,24,0,5"
13188671494,3,2,1,"0,2,1,8"
13188390345,3,2,1,"0,1,8,2"
13188398275,3,2,0,"0,1,8,2"
13188699084,3,2,0,"0,8,2,1"
13188423555,3,2,0,"2,0,3,4"
13188571143,3,2,1,"0,8,2,1"
13188763204,3,2,1,"0,8,2,1"
13188486915,3,2,11,"2,0,14,15"
13188608383,3,2,11,"0,2,14,15"
13188622483,3,2,11,"0,2,19,14"
13188528865,3,2,11,"0,2,14,19"
13188830934,3,2,11,"2,0,14,15"
13188843044,3,2,11,"0,2,14,15"
13188672363,3,2,11,"0,2,14,29"
13188866404,3,2,11,"0,2,15,14"
13188693433,3,2,11,"2,0,15,14"
13188705613,3,2,11,"0,2,14,15"
13188719423,3,2,11,"0,2,19,29"
13188623025,3,2,11,"0,2,14,15"
13188925314,3,2,11,"0,2,14,29"
13188755123,3,2,11,"0,2,14,19"
13188658375,3,2,11,"0,2,14,1"
13188961684,3,2,11,"0,2,29,14"
13188682455,3,2,11,"0,2,19,29"
13188803843,3,2,11,"0,2,14,15"
13188998404,3,2,11,"0,2,14,1"
13189009114,3,2,1,"8,1,0,14"
13346060084,3,2,0,"0,2,8,1"
13346066204,3,2,0,"2,0,3,4"
13345688515,3,2,5,"2,3,0,42"
13346118644,3,2,5,"0,2,1,8"
13345740215,3,2,5,"0,8,1,6"
13345748515,3,2,5,"0,8,1,6"
13345754765,3,2,5,"0,8,1,6"
13346145424,3,2,5,"0,2,3,7"
13345765565,3,2,5,"0,8,1,6"
13345772995,3,2,5,"0,8,1,6"
13345913043,3,2,2,"11,8,1,0"
13345789705,3,2,2,"2,14,0,15"
13345928473,3,2,2,"11,0,1,8"
13345800705,3,2,2,"2,3,0,5"
13345805785,3,2,2,"0,2,3,7"
13345947333,3,2,2,"11,0,1,8"
13346209934,3,2,2,"0,2,11,12"
13346218134,3,2,2,"2,0,3,4"
13345972573,3,2,2,"8,1,0,11"
13346234214,3,2,2,"2,14,15,11"
13345993073,3,2,2,"11,8,1,12"
13346263404,3,2,2,"11,8,1,14"
13346020023,3,2,2,"2,11,0,12"
13345898115,3,2,2,"11,8,1,12"
13346294164,3,2,2,"11,8,1,0"
13345917335,3,2,2,"11,8,1,12"
13346060693,3,2,2,"11,8,1,12"
13346321274,3,2,2,"11,0,8,1"
13346331294,3,2,2,"11,8,1,0"
13345954665,3,2,2,"11,8,1,0"
13345960575,3,2,2,"2,0,4,24"
13345969355,3,2,2,"11,2,0,33"
439641008,6,2,8,"8,1,9,0"
563360488,6,5,5,"0,2,3,8"
572337500,6,5,11,"2,4,0,3"
572337872,6,5,11,"2,0,3,4"
572789947,6,5,2,"0,8,11,2"
13378320374,9,2,2,"2,12,15,31"
13378319374,9,2,1,"0,1,2,8"
13378317094,9,2,0,"2,0,3,4"
13378314954,9,2,1,"2,0,19,20"
13378312514,9,2,0,"0,2,1,6"
4400356427,15,1,10,"0,8,1,6"
4401123320,15,1,19,"15,12,8,14"
4401123372,15,1,19,"1,8,15,14"
4401123718,15,1,19,"2,0,14,8"
4400357781,15,1,19,"2,0,4,3"
4401123828,15,1,19,"2,0,4,3"
4401123872,15,1,19,"2,3,0,4"
4400357901,15,1,19,"0,2,8,1"
4400357303,15,2,19,"0,8,15,1"
10725993895,17,10,1,"2,3,0,4"
10727425465,17,10,4,"2,3,4,0"
10727526066,17,10,0,"3,2,0,4"
10726946456,17,10,5,"3,2,0,41"
10727154693,17,10,5,"3,2,0,41"
10726856955,17,10,5,"2,3,4,0"
10726955164,17,10,5,"2,3,0,54"
10727157763,17,10,5,"3,2,0,54"
10727049773,17,10,5,"0,2,3,4"
10726845466,17,10,1,"3,2,0,4"
10778076775,17,10,10,"0,2,4,3"
10726846496,17,10,10,"0,2,4,3"
10740306606,17,10,6,"2,3,0,4"
10740307496,17,10,6,"2,3,0,4"
10740528373,17,10,6,"2,3,0,12"
10740308706,17,10,1,"0,2,4,3"
10778343363,17,10,6,"4,2,3,0"
10777707554,17,10,1,"11,8,12,1"
10777708744,17,10,1,"8,1,0,10"
11027744246,17,10,1,"0,2,11,8"
11420358324,17,11,5,"2,0,3,4"
11477694605,17,11,10,"2,3,0,4"
11477800226,17,11,10,"2,3,0,4"
11477832833,17,11,5,"2,0,4,3"
13910338206,17,3,5,"2,3,0,4"
4600953019,21,4,4,"11,0,8,1"
4601569174,21,4,4,"0,8,11,1"
4600956501,21,4,4,"2,0,3,4"
5383809227,21,0,7,"2,0,1,24"
5401673148,21,0,9,"0,8,1,12"
5522413588,24,11,0,"8,1,10,36"
5522417226,24,11,5,"2,15,12,14"
5522420948,24,11,9,"15,12,14,31"
5522423724,24,11,5,"15,12,14,1"
5522425868,24,11,5,"1,8,9,12"
5522428610,24,11,5,"1,8,10,27"
5522431312,24,11,5,"8,1,10,12"
5522435034,24,11,5,"2,11,12,15"
5521847575,24,11,5,"2,15,14,31"
5521849849,24,11,5,"2,12,15,31"
5521852939,24,11,5,"2,0,3,4"
5521855845,24,11,5,"8,11,1,12"
12252460484,28,1,16,"8,1,0,14"
12261531254,28,1,7,"2,4,0,3"
13921628332,28,3,5,"2,0,4,3"
13945183904,28,3,5,"0,2,15,4"
13921613751,28,3,5,"0,2,4,8"
6052215313,30,7,5,"2,0,4,3"
6424582801,30,10,5,"0,2,1,8"
7764280076,30,7,5,"2,3,0,4"
8042356636,30,8,7,"0,2,6,3"
8227559161,30,10,5,"2,0,4,3"
9155360489,30,4,9,"2,0,3,7"
9155361519,30,4,9,"2,3,0,4"
9157586018,30,4,9,"2,0,3,4"
9158225520,30,5,7,"0,8,1,34"
9158268210,30,5,5,"2,0,4,3"
9158268878,30,5,5,"2,3,0,4"
11489831765,30,11,5,"2,0,3,4"
11489842165,30,11,5,"0,2,3,4"
11489844775,30,11,5,"2,0,3,4"
11489881434,30,11,5,"0,2,3,4"
11489962883,30,11,5,"3,2,4,0"
11489855565,30,11,5,"2,3,4,0"
11489970483,30,11,5,"3,2,0,4"
11489896834,30,11,5,"3,2,0,4"
11993452446,30,0,5,"0,2,4,3"
11992934093,30,0,5,"0,2,4,3"
11992936073,30,0,5,"0,2,35,3"
12712440943,30,1,5,"1,0,8,9"
12836134644,30,1,5,"0,1,8,10"
3217997340,52,0,10,"3,2,4,0"
5210738034,52,10,19,"2,0,1,15"
5437994791,52,1,8,"2,4,0,3"
5438618772,52,1,8,"2,3,0,4"
5438623194,52,1,8,"0,2,3,4"
5571362422,52,2,1,"0,2,4,3"
5847485017,52,5,0,"2,3,0,1"
6057564187,52,7,12,"0,2,3,4"
6441223833,52,11,1,"2,3,0,4"
6689253929,52,0,15,"0,3,8,2"
6689313753,52,0,15,"2,0,8,1"
6689390653,52,0,15,"2,3,0,5"
6821535009,52,1,2,"0,2,3,1"
6890844347,52,1,5,"2,3,4,0"
6865119446,52,2,7,"0,2,4,3"
6865150902,52,2,7,"2,3,4,5"
7012986659,52,2,7,"2,3,0,4"
6866880852,52,2,7,"2,3,4,0"
6866890112,52,2,7,"2,3,4,0"
6866894058,52,2,7,"3,2,0,4"
7013008783,52,2,7,"3,2,4,0"
6866907438,52,2,7,"2,3,0,4"
7013023805,52,2,7,"3,2,0,4"
7013063819,52,2,7,"2,3,0,4"
7013068571,52,2,7,"3,2,0,4"
7013071005,52,2,7,"3,2,4,0"
6866967844,52,2,7,"3,2,4,0"
7013082715,52,2,7,"2,3,4,0"
7013085223,52,2,7,"3,2,4,0"
7013089521,52,2,7,"0,3,2,4"
6866981222,52,2,7,"3,2,4,0"
7013096915,52,2,7,"2,3,4,0"
7013100529,52,2,7,"3,2,4,0"
7013106005,52,2,7,"3,2,4,0"
7031265895,52,2,15,"0,8,1,2"
6969326856,52,3,10,"2,3,0,4"
6969334646,52,3,10,"3,2,4,0"
7272306660,52,4,5,"2,0,4,3"
7413245344,52,5,7,"2,3,4,0"
7613885246,52,6,8,"2,0,3,4"
7614251078,52,6,10,"2,3,0,4"
7813206918,52,7,5,"2,0,3,4"
7905804228,52,8,7,"2,4,3,0"
8194655663,52,10,0,"2,3,4,27"
8290013531,52,11,7,"2,0,3,4"
8472333071,52,1,15,"2,3,4,0"
8473524930,52,1,15,"3,2,4,0"
8472448193,52,1,15,"2,3,4,0"
8473968376,52,1,15,"3,2,4,0"
8498985531,52,1,5,"3,4,2,0"
8522665273,52,2,19,"2,0,4,46"
8523782932,52,2,19,"2,0,3,4"
8522710429,52,2,19,"8,4,2,0"
8581537063,52,2,1,"4,3,2,0"
8582666052,52,2,1,"3,2,4,0"
8673992229,52,3,7,"2,3,4,27"
8675114404,52,3,7,"3,2,4,0"
8675123968,52,3,7,"3,2,4,0"
8674052885,52,3,7,"2,4,24,3"
8674098531,52,3,7,"2,3,0,4"
8674104435,52,3,7,"2,0,3,42"
8674119629,52,3,7,"2,3,4,0"
8674205357,52,3,7,"2,4,3,0"
8750676924,52,4,2,"0,8,19,1"
8749667869,52,4,1,"2,27,12,8"
9229206454,52,6,9,"3,2,0,4"
9229224700,52,6,9,"3,2,0,5"
9622216032,52,7,10,"2,3,4,0"
9622392890,52,7,8,"2,0,3,42"
10218743863,52,9,0,"3,4,2,0"
10219780724,52,9,0,"2,3,0,4"
10220126433,52,9,5,"2,4,5,0"
10473485866,52,9,5,"2,3,4,5"
11666417626,52,11,7,"3,2,4,5"
11667359903,52,11,7,"3,2,4,5"
12534765494,52,1,0,"2,3,0,4"
12987389494,52,2,15,"0,4,3,2"
12987411194,52,2,15,"2,0,8,4"
12987086815,52,2,15,"2,0,3,4"
12987333345,52,2,15,"2,0,3,4"
12987983094,52,2,15,"2,3,4,0"
12987838575,52,2,15,"3,2,4,0"
12988199075,52,2,15,"2,3,4,0"
13481283774,52,2,0,"2,3,0,42"
13982073045,52,3,6,"2,3,4,0"
6157875691,55,8,11,"2,4,3,0"
6196395569,55,8,10,"2,3,4,0"
6196913916,55,8,10,"3,2,4,0"
6196391751,55,8,10,"3,2,0,4"
6196910636,55,8,10,"3,2,0,4"
6196915186,55,8,8,"0,2,3,4"
6196905756,55,8,10,"3,2,4,0"
6196904948,55,8,10,"3,2,4,39"
6196912980,55,8,10,"2,3,4,0"
6196390937,55,8,10,"2,3,0,4"
6196896194,55,8,10,"3,2,0,4"
6196380471,55,8,8,"3,2,4,0"
6196900154,55,8,10,"3,2,4,0"
4073907941,56,10,7,"2,3,4,0"
5141957945,56,10,0,"0,2,3,4"
5142586932,56,10,0,"3,0,2,4"
5142675280,56,10,0,"2,3,0,5"
5142219021,56,10,0,"0,4,2,3"
5222928713,56,11,10,"0,4,2,3"
5604741973,56,3,8,"3,2,4,0"
5605466638,56,3,10,"2,3,0,4"
5767298547,56,4,16,"0,2,4,3"
7109163899,56,3,5,"0,2,4,3"
7344492562,56,5,10,"0,2,1,8"
7344511928,56,5,10,"2,3,0,4"
7961161918,56,8,9,"2,3,0,5"
8115446662,56,9,6,"2,3,0,4"
8118866891,56,9,10,"3,2,4,0"
8226941126,56,10,4,"2,0,4,3"
