4766938019,9,5,10,"4,10,2,37"
4767576622,9,5,10,"4,3,2,5"
4766937841,9,5,15,"4,3,14,15"
4766937925,9,5,15,"4,3,2,5"
4766938087,9,5,15,"4,3,14,10"
4770923156,9,5,23,"3,39,9,2"
4770283789,9,5,23,"4,5,2,10"
4770923346,9,5,19,"3,4,8,14"
12229773606,12,4,26,"4,2,5,28"
12229198595,12,4,15,"4,5,2,10"
12229770536,12,4,26,"14,3,4,15"
3989642439,13,8,13,"5,4,2,13"
3990396852,13,8,13,"5,13,4,2"
3990396966,13,8,8,"4,3,14,15"
3990397082,13,8,8,"2,5,4,12"
3989642991,13,8,1,"5,2,4,13"
3990397408,13,8,13,"5,13,2,12"
3990411370,13,8,25,"4,11,3,10"
3989657089,13,8,25,"4,11,5,10"
3990411614,13,8,25,"4,11,10,5"
3990411736,13,8,20,"5,2,13,12"
3989682391,13,8,20,"5,2,13,4"
3990436820,13,8,21,"3,5,2,1"
3989682929,13,8,5,"5,2,4,13"
3989683183,13,8,5,"5,2,4,17"
2119226934,15,10,7,"14,3,4,15"
2180008120,15,10,7,"3,14,4,15"
2119229082,15,10,17,"5,2,12,6"
2119230514,15,10,8,"3,4,15,1"
2118466435,15,10,4,"3,4,15,14"
2119237958,15,10,13,"2,5,13,4"
2118456139,15,10,27,"5,2,6,7"
2179220871,15,10,12,"2,4,3,37"
2119234290,15,10,12,"2,4,3,37"
2179222649,15,10,1,"3,4,14,2"
2119241088,15,10,25,"4,2,5,10"
2118459869,15,10,15,"3,14,4,15"
3409961043,16,10,20,"5,13,4,20"
3831203412,16,9,17,"4,5,2,11"
3831212980,16,9,17,"4,5,2,11"
3831218748,16,9,11,"4,5,15,2"
3831222738,16,9,17,"3,4,15,14"
3831229852,16,9,17,"4,3,14,15"
3831236360,16,9,17,"3,14,4,15"
3831243426,16,9,17,"3,15,14,4"
3830456301,16,9,17,"4,5,15,2"
3831261068,16,9,17,"4,5,2,11"
3830475755,16,9,17,"4,3,15,14"
3830485661,16,9,17,"4,3,10,15"
3831291886,16,9,17,"4,15,3,5"
3831301870,16,9,17,"4,3,39,5"
3830515895,16,9,17,"4,5,10,11"
3831321352,16,9,17,"4,5,10,2"
3830536001,16,9,17,"4,5,10,11"
3830590735,16,9,7,"4,5,2,19"
3830597329,16,9,7,"4,15,3,14"
3831399718,16,9,7,"4,3,15,5"
3831406316,16,9,7,"4,3,15,14"
3831413104,16,9,7,"4,15,3,10"
3830624203,16,9,7,"4,15,3,10"
3831428970,16,9,7,"3,4,15,14"
3830641491,16,9,7,"3,4,14,15"
3830648337,16,9,7,"3,4,15,14"
3830655109,16,9,7,"3,4,14,15"
3830661089,16,9,7,"4,3,15,10"
3831465038,16,9,7,"4,15,3,5"
3831473346,16,9,7,"4,15,3,5"
3831479434,16,9,7,"4,3,15,14"
3830688281,16,9,7,"4,3,15,14"
3831690168,16,9,7,"4,5,3,10"
3831696830,16,9,7,"4,5,2,10"
3831705020,16,9,7,"4,3,15,14"
3830917609,16,9,7,"4,3,5,15"
3830923599,16,9,7,"4,3,15,5"
3831725282,16,9,7,"4,5,3,15"
3913445397,16,8,1,"4,5,10,15"
3914231424,16,8,1,"5,4,15,9"
3913447417,16,8,1,"5,2,4,12"
3914238476,16,8,1,"4,5,15,3"
3914240274,16,8,1,"4,3,15,5"
4465139368,16,9,28,"5,4,3,15"
4464365985,16,9,28,"5,2,0,9"
4465147986,16,9,5,"5,4,2,7"
4464375799,16,9,5,"4,5,3,2"
4465158382,16,9,28,"3,4,5,0"
4465164158,16,9,29,"5,2,4,12"
4464390605,16,9,29,"5,2,4,12"
4465173852,16,9,29,"5,4,2,0"
4465178450,16,9,29,"5,2,4,1"
5086783356,17,9,19,"4,3,14,15"
5086834912,17,9,10,"3,14,4,15"
5538956359,17,0,15,"14,3,4,15"
5538957331,17,0,6,"4,3,14,15"
5467477199,17,0,6,"3,4,14,15"
6303514347,17,9,2,"3,9,5,0"
3299936665,22,11,10,"3,14,15,4"
3299938853,22,11,10,"3,4,14,15"
3300853528,22,11,0,"5,2,4,13"
3300025153,22,11,0,"4,5,2,10"
3300037523,22,11,7,"4,2,5,11"
3300872364,22,11,11,"4,5,2,7"
3300878570,22,11,8,"5,2,13,4"
3300051413,22,11,8,"4,3,2,14"
3300889796,22,11,13,"4,5,2,7"
3300061377,22,11,13,"4,5,2,7"
6107246399,22,6,24,"4,5,2,19"
6107247849,22,6,24,"5,2,4,6"
6107248761,22,6,24,"3,4,14,15"
6107798062,22,6,24,"4,5,2,10"
6107251855,22,6,16,"4,5,2,7"
6107801202,22,6,31,"5,2,4,7"
6107254993,22,6,11,"2,5,4,7"
6107804690,22,6,11,"5,2,4,8"
6107258407,22,6,11,"4,5,2,10"
6107807674,22,6,14,"2,5,4,13"
6107261561,22,6,13,"2,4,5,7"
6107812908,22,6,13,"2,5,4,12"
6107814486,22,6,7,"4,5,2,7"
6107268213,22,6,7,"4,5,2,10"
6107817794,22,6,11,"4,5,2,7"
6107818914,22,6,7,"3,4,17,14"
6107820532,22,6,7,"3,4,14,15"
9571774415,22,8,25,"5,2,4,11"
9571776927,22,8,25,"4,2,5,11"
9571779263,22,8,25,"2,5,4,11"
9574571986,22,8,25,"3,14,4,15"
9574573774,22,8,25,"4,2,5,10"
9571780507,22,8,7,"4,3,14,2"
9571783001,22,8,7,"3,4,14,22"
9574580112,22,8,7,"4,2,5,3"
9574586556,22,8,7,"4,2,33,5"
9571785623,22,8,7,"4,3,15,14"
9574583286,22,8,7,"3,4,22,14"
9574582348,22,8,17,"3,14,4,15"
9574587688,22,8,8,"4,3,10,14"
730122463,24,5,30,"3,4,14,15"
730129719,24,5,11,"4,5,2,7"
731005696,24,5,11,"4,5,2,7"
731013904,24,5,11,"5,2,8,4"
731020754,24,5,14,"2,5,13,12"
731028856,24,5,14,"5,2,4,13"
730171019,24,5,0,"2,5,4,13"
730178707,24,5,0,"5,2,4,13"
730182761,24,5,0,"2,5,4,17"
731056070,24,5,0,"4,2,5,19"
731062638,24,5,13,"4,10,2,5"
731073078,24,5,8,"2,4,5,7"
730215917,24,5,8,"4,5,2,0"
731092482,24,5,1,"2,4,5,7"
731099958,24,5,1,"2,5,17,12"
730243383,24,5,1,"2,5,4,7"
730252213,24,5,1,"2,5,13,12"
730260815,24,5,1,"2,5,4,12"
730269787,24,5,1,"2,5,17,7"
731141786,24,5,1,"2,5,4,7"
731150946,24,5,1,"5,2,4,12"
730292405,24,5,1,"4,5,2,11"
731166552,24,5,1,"4,2,5,7"
730309811,24,5,8,"5,8,2,4"
730317445,24,5,8,"5,4,2,6"
730328225,24,5,8,"2,4,5,1"
731202698,24,5,8,"3,4,14,15"
731211062,24,5,8,"5,2,4,7"
730352929,24,5,7,"5,4,2,10"
730360781,24,5,17,"5,2,4,7"
730368617,24,5,17,"4,5,2,7"
730376287,24,5,17,"2,5,4,7"
730383337,24,5,17,"5,2,4,11"
730390867,24,5,7,"3,14,4,15"
731264752,24,5,7,"4,2,5,10"
730407083,24,5,7,"5,2,4,11"
731277500,24,5,7,"4,5,2,10"
731285522,24,5,7,"3,14,4,15"
730520233,24,5,30,"4,2,5,3"
730533443,24,5,18,"5,2,4,7"
730539729,24,5,18,"5,2,8,4"
3193099203,32,10,19,"4,3,15,2"
3193945320,32,10,19,"4,3,14,24"
3193099915,32,10,19,"3,4,14,15"
3193946066,32,10,19,"3,4,14,16"
3193100481,32,10,23,"2,5,4,7"
3193946798,32,10,23,"3,4,2,39"
3193948134,32,10,11,"4,5,2,7"
3193102681,32,10,11,"4,2,5,7"
3193948840,32,10,18,"3,4,2,1"
3193103897,32,10,31,"4,5,2,7"
3193103225,32,10,31,"3,4,31,14"
3193949308,32,10,25,"4,5,2,10"
3193103635,32,10,25,"4,5,2,19"
3193104099,32,10,25,"4,3,10,14"
9519660828,34,7,14,"4,3,15,28"
9618650164,34,7,27,"2,5,4,12"
335988716,39,5,22,"4,2,5,10"
335988675,39,5,22,"4,2,10,3"
335988644,39,5,22,"4,2,5,7"
335988608,39,5,22,"2,5,22,4"
335988583,39,5,22,"4,3,2,10"
335988546,39,5,22,"4,5,2,31"
335988511,39,5,22,"3,4,18,14"
335988469,39,5,22,"2,5,4,17"
335988432,39,5,22,"2,5,17,1"
335988392,39,5,22,"5,2,4,17"
335988357,39,5,22,"3,4,8,17"
335988321,39,5,22,"5,2,8,4"
335988291,39,5,22,"2,5,8,17"
335988256,39,5,22,"17,1,32,3"
335988234,39,5,22,"3,4,14,18"
335988198,39,5,22,"3,4,14,18"
335988148,39,5,22,"5,8,2,4"
335988103,39,5,22,"4,14,3,16"
335988082,39,5,22,"3,14,4,16"
335988043,39,5,22,"4,2,5,37"
335988006,39,5,22,"4,2,3,5"
335987972,39,5,22,"2,5,1,17"
335987908,39,5,22,"2,5,8,7"
335987875,39,5,22,"5,2,6,12"
335987836,39,5,22,"5,2,6,4"
335987801,39,5,22,"2,4,8,5"
335987756,39,5,22,"2,4,5,7"
335987712,39,5,22,"5,2,8,7"
335987669,39,5,22,"2,5,7,4"
335987630,39,5,22,"3,2,9,5"
335987598,39,5,22,"2,5,4,7"
335987564,39,5,22,"5,2,4,7"
335987535,39,5,22,"3,4,2,18"
335987498,39,5,22,"3,14,4,16"
335987457,39,5,22,"3,4,14,18"
335987419,39,5,22,"2,5,4,17"
335987383,39,5,22,"5,2,40,6"
335987340,39,5,22,"2,5,4,7"
335987304,39,5,22,"2,4,5,3"
335987267,39,5,22,"4,2,5,8"
335987231,39,5,22,"2,4,5,3"
335987206,39,5,22,"5,2,4,7"
335987178,39,5,22,"2,5,17,1"
335987152,39,5,22,"3,4,18,14"
335987115,39,5,22,"4,2,3,5"
335987077,39,5,22,"3,4,25,14"
335987032,39,5,22,"5,2,4,7"
335986996,39,5,22,"2,4,5,3"
335986969,39,5,22,"5,2,7,12"
335986937,39,5,22,"3,22,2,4"
335986898,39,5,22,"3,4,14,25"
335986859,39,5,22,"2,5,9,6"
335986815,39,5,22,"8,5,2,4"
335986774,39,5,22,"5,2,8,4"
335986727,39,5,22,"4,3,2,5"
335986691,39,5,22,"2,5,4,1"
335986642,39,5,22,"5,2,4,7"
335986610,39,5,22,"4,5,2,7"
335986579,39,5,22,"3,2,4,5"
335986525,39,5,22,"3,2,5,4"
335986461,39,5,22,"5,3,2,9"
335986411,39,5,22,"5,2,0,1"
335996779,39,5,25,"3,4,37,14"
335996521,39,5,25,"2,5,4,7"
335996474,39,5,25,"5,2,4,6"
335996438,39,5,25,"3,14,4,15"
335996384,39,5,25,"5,2,4,12"
335996336,39,5,25,"4,3,10,14"
335996303,39,5,25,"2,5,12,7"
335996257,39,5,25,"2,5,12,6"
335996208,39,5,25,"5,2,4,12"
335996174,39,5,25,"5,2,12,9"
335996144,39,5,25,"5,2,4,12"
335996113,39,5,25,"2,5,12,7"
335996082,39,5,25,"2,5,12,9"
335996050,39,5,25,"2,5,4,12"
335995993,39,5,25,"4,2,5,3"
335995902,39,5,25,"2,5,4,7"
335995795,39,5,25,"3,14,15,4"
335995737,39,5,25,"3,14,15,4"
335995688,39,5,25,"3,14,4,15"
335995653,39,5,25,"3,14,4,15"
335995619,39,5,25,"14,3,15,4"
335995582,39,5,25,"3,4,14,15"
335995530,39,5,25,"3,14,4,15"
335995488,39,5,25,"3,4,15,14"
335995444,39,5,25,"3,14,4,15"
335995381,39,5,25,"3,4,15,1"
335995347,39,5,25,"3,14,4,15"
335995305,39,5,25,"4,3,10,2"
335995272,39,5,25,"4,3,10,14"
5556926600,40,2,25,"2,5,4,11"
5556957736,40,2,25,"4,2,5,11"
5556762644,40,2,25,"3,4,14,29"
5557043386,40,2,25,"4,2,5,7"
5556347561,40,2,25,"3,4,14,15"
5556933966,40,2,25,"3,14,4,15"
5556936034,40,2,25,"3,4,14,15"
5556937622,40,2,25,"3,14,4,15"
5556939202,40,2,25,"3,14,4,15"
5556356341,40,2,25,"3,14,4,15"
5556942650,40,2,25,"3,4,15,14"
5556944082,40,2,25,"3,4,14,15"
5556945632,40,2,25,"3,4,14,15"
5556362413,40,2,25,"3,14,4,15"
5556948378,40,2,25,"3,14,4,10"
5556364997,40,2,25,"14,3,4,10"
5556951390,40,2,25,"3,4,14,15"
5556930918,40,2,25,"4,3,10,15"
5556369887,40,2,25,"4,3,14,31"
5556955666,40,2,25,"3,14,4,15"
5556956762,40,2,25,"3,4,14,15"
5556929252,40,2,25,"4,3,14,49"
5556970984,40,2,25,"4,2,5,10"
5556972164,40,2,25,"2,5,4,7"
5556388733,40,2,25,"5,4,2,6"
5556390361,40,2,25,"4,3,5,2"
5556976248,40,2,25,"2,5,7,51"
5556977404,40,2,25,"4,5,2,13"
5556978668,40,2,25,"5,2,4,7"
5556395035,40,2,25,"3,4,14,2"
5556396127,40,2,25,"4,3,2,5"
5556397303,40,2,25,"2,4,5,7"
5556983290,40,2,25,"4,5,2,6"
5557023252,40,2,15,"4,2,5,19"
5557024778,40,2,15,"4,3,2,5"
5557027020,40,2,15,"4,2,3,5"
5555477293,40,2,4,"4,5,2,11"
5555478239,40,2,4,"4,3,15,14"
5555479493,40,2,4,"4,3,15,5"
5556068568,40,2,4,"4,3,14,15"
5556997238,40,2,20,"4,5,2,31"
5555475061,40,2,4,"4,5,2,10"
5555476481,40,2,4,"4,5,3,2"
5557015382,40,2,15,"4,3,15,14"
5557014156,40,2,15,"5,2,4,8"
5556431125,40,2,15,"4,2,5,10"
5557017572,40,2,15,"4,2,5,10"
5557019094,40,2,15,"3,2,4,37"
5556459287,40,2,10,"4,5,2,10"
5557045704,40,2,10,"4,2,5,3"
5556069646,40,2,4,"4,5,2,7"
5556396530,40,2,23,"3,4,14,15"
5556474030,40,2,23,"14,3,15,4"
5556473052,40,2,23,"3,14,4,15"
5556481396,40,2,23,"14,3,4,15"
5555912601,40,2,23,"3,14,4,15"
5556414392,40,2,23,"3,14,15,4"
5555830303,40,2,23,"3,4,14,15"
5555887259,40,2,23,"3,4,14,15"
5556489784,40,2,23,"14,3,15,4"
5556480444,40,2,23,"3,14,4,15"
5556492860,40,2,23,"3,14,4,25"
5555901969,40,2,23,"4,3,14,15"
5555899227,40,2,23,"3,14,4,37"
5556450794,40,2,23,"3,4,14,15"
5556452148,40,2,23,"3,14,4,16"
5556453164,40,2,23,"4,3,15,14"
5556454210,40,2,23,"3,4,14,15"
5556455222,40,2,23,"3,14,4,15"
5555886227,40,2,23,"3,14,4,15"
5555833961,40,2,23,"3,14,4,45"
5555832643,40,2,23,"4,14,3,15"
5556502424,40,2,23,"3,14,4,15"
5555815555,40,2,23,"3,14,15,4"
5555818599,40,2,23,"3,14,4,15"
5556401826,40,2,23,"3,14,15,4"
5555821899,40,2,23,"3,14,15,24"
5556408012,40,2,23,"3,4,15,14"
5556460840,40,2,23,"3,4,14,15"
5556462338,40,2,23,"4,3,15,5"
5556413602,40,2,23,"3,14,4,15"
5556464424,40,2,23,"14,3,4,15"
5555835547,40,2,23,"4,3,14,5"
5555884255,40,2,23,"3,14,9,4"
5555880467,40,2,23,"14,3,4,15"
5556397816,40,2,23,"3,14,4,15"
5556497864,40,2,23,"3,14,4,15"
5555851331,40,2,23,"3,14,4,15"
5556416648,40,2,23,"3,14,4,15"
5555881529,40,2,23,"3,14,4,15"
5555878373,40,2,23,"3,14,4,15"
5555919535,40,2,23,"3,14,4,15"
5556408976,40,2,23,"14,3,4,15"
5555826465,40,2,23,"4,3,14,55"
5556431478,40,2,23,"14,3,4,15"
5555916537,40,2,23,"14,3,4,15"
5555882839,40,2,23,"3,14,4,15"
5555827407,40,2,23,"14,3,4,15"
5555849913,40,2,23,"4,3,15,14"
5555871471,40,2,23,"4,3,14,15"
5556457926,40,2,23,"4,3,14,15"
5555874745,40,2,23,"3,14,4,15"
5555911687,40,2,23,"4,3,14,15"
5556420002,40,2,23,"14,3,15,4"
5555909753,40,2,23,"3,4,15,14"
5556495098,40,2,23,"3,15,14,4"
5556479462,40,2,23,"4,3,14,15"
5555897853,40,2,23,"3,14,15,4"
5556487210,40,2,23,"14,3,15,4"
5556422064,40,2,23,"3,4,14,15"
5555838079,40,2,23,"3,14,15,4"
5556424770,40,2,23,"3,4,14,15"
5555840763,40,2,23,"3,14,4,15"
5556427002,40,2,23,"3,4,14,15"
5556428630,40,2,23,"3,4,14,15"
5555845095,40,2,23,"3,14,15,4"
5556437772,40,2,23,"3,4,14,15"
5555864641,40,2,30,"3,8,14,65"
5555210387,40,2,8,"2,5,4,8"
5555798772,40,2,8,"4,2,5,11"
5556515032,40,2,8,"5,2,4,13"
5556094015,40,2,11,"4,5,2,13"
5556178257,40,2,8,"5,2,12,4"
5555572164,40,2,8,"3,4,14,31"
5555799658,40,2,8,"4,3,19,27"
5554985599,40,2,1,"4,5,2,7"
5555213975,40,2,7,"4,5,2,10"
5555215927,40,2,7,"4,2,5,10"
5555804512,40,2,7,"4,3,2,18"
5555218709,40,2,7,"5,2,4,7"
5555219391,40,2,7,"4,3,10,2"
5555220829,40,2,7,"2,5,4,7"
5555575124,40,2,17,"4,3,14,2"
5555809406,40,2,7,"3,4,14,15"
5555223377,40,2,7,"4,15,3,14"
5555810980,40,2,7,"3,4,14,15"
5555811944,40,2,7,"4,3,14,15"
5555225879,40,2,7,"14,3,4,10"
5555226547,40,2,7,"3,14,39,51"
5555814300,40,2,7,"3,14,4,10"
5555228311,40,2,7,"4,15,3,14"
5555815974,40,2,7,"3,14,4,15"
5555229649,40,2,7,"3,14,4,15"
5555817260,40,2,7,"3,4,14,15"
5555231085,40,2,7,"3,14,4,15"
5555231699,40,2,7,"4,3,14,25"
5555819196,40,2,7,"3,4,14,31"
5555233185,40,2,7,"4,5,2,13"
5554989085,40,2,17,"4,5,2,6"
5555822080,40,2,7,"4,2,3,25"
5555576718,40,2,17,"2,5,4,10"
5555577248,40,2,17,"2,4,5,7"
5554991501,40,2,17,"3,4,14,10"
5554992045,40,2,17,"4,2,5,7"
5555579750,40,2,17,"2,5,4,7"
5554992987,40,2,17,"5,2,4,12"
5555237393,40,2,7,"4,5,2,10"
5554993659,40,2,17,"5,4,2,10"
5554994889,40,2,1,"5,2,4,7"
5555012571,40,2,1,"4,5,2,6"
5555134139,40,2,1,"3,4,14,15"
5555135029,40,2,1,"3,4,14,15"
5555135975,40,2,1,"3,14,4,15"
5555013151,40,2,1,"3,14,4,15"
5555601052,40,2,1,"3,14,4,15"
5555014557,40,2,1,"3,4,14,16"
5555724228,40,2,1,"3,14,4,9"
5555726170,40,2,1,"3,4,14,2"
5555602468,40,2,1,"3,15,4,14"
5555603014,40,2,1,"3,4,15,14"
5555824848,40,2,1,"3,4,14,16"
5555603464,40,2,1,"3,4,14,25"
5555604062,40,2,1,"3,14,22,4"
5555141555,40,2,1,"2,3,14,4"
5555142301,40,2,1,"3,4,14,25"
5555729178,40,2,1,"5,4,2,14"
5555143569,40,2,1,"4,3,25,14"
5555144221,40,2,1,"3,14,15,9"
5555604876,40,2,1,"14,3,15,4"
5555018371,40,2,1,"3,14,15,4"
5555730934,40,2,1,"2,9,5,4"
5555731618,40,2,1,"4,3,14,15"
5555732408,40,2,1,"3,15,14,4"
5555733070,40,2,1,"3,8,14,4"
5555733820,40,2,1,"14,3,4,16"
5555734426,40,2,1,"8,5,2,17"
5555735100,40,2,1,"8,5,17,2"
5555149389,40,2,1,"5,9,2,12"
5555150131,40,2,1,"4,14,3,2"
5555738216,40,2,1,"8,3,17,62"
5555152741,40,2,1,"4,3,14,15"
5555153129,40,2,1,"3,4,14,15"
5555153817,40,2,1,"3,4,14,16"
5555740638,40,2,1,"3,4,14,25"
5555018969,40,2,1,"3,14,4,22"
5555606876,40,2,1,"3,14,15,4"
5555021299,40,2,1,"3,4,14,15"
5555741374,40,2,1,"3,4,14,37"
5555022051,40,2,1,"4,3,14,10"
5555022615,40,2,1,"3,4,14,15"
5555825456,40,2,1,"4,14,3,15"
5555023191,40,2,1,"4,14,3,15"
5555023783,40,2,1,"4,3,5,15"
5555024323,40,2,1,"3,4,14,2"
5555611886,40,2,1,"3,14,4,15"
5555612352,40,2,1,"4,5,2,3"
5555612826,40,2,1,"3,14,4,15"
5555613258,40,2,1,"4,5,3,2"
5555027465,40,2,1,"14,3,4,15"
5555028707,40,2,1,"14,3,22,4"
5555743046,40,2,1,"3,14,15,4"
5555616376,40,2,1,"3,4,14,2"
5555826556,40,2,1,"3,14,39,4"
5555157379,40,2,1,"14,4,3,16"
5555029795,40,2,1,"14,3,4,39"
5555031387,40,2,1,"3,4,14,29"
5555031815,40,2,1,"3,14,4,29"
5555032459,40,2,1,"3,2,5,4"
5555033215,40,2,1,"3,14,4,39"
5555158061,40,2,1,"3,14,4,61"
5555158847,40,2,1,"3,14,15,4"
5555159715,40,2,1,"3,14,9,15"
5555746952,40,2,1,"3,14,9,5"
5555161185,40,2,1,"3,14,4,29"
5555748274,40,2,1,"14,3,4,16"
5555162405,40,2,1,"14,3,4,9"
5555240535,40,2,1,"14,3,4,15"
5555162989,40,2,1,"4,14,3,10"
5555163623,40,2,1,"3,14,9,4"
5555750884,40,2,1,"3,14,8,4"
5555164921,40,2,1,"14,3,9,5"
5555033685,40,2,1,"14,3,4,15"
5555621206,40,2,1,"14,4,3,39"
5555034531,40,2,1,"14,3,4,22"
5555034975,40,2,1,"3,14,4,16"
5555166451,40,2,1,"14,3,15,4"
5555622516,40,2,1,"3,14,9,4"
5555036073,40,2,1,"4,3,14,10"
5555623476,40,2,1,"3,14,4,9"
5555036997,40,2,1,"3,14,4,15"
5555753482,40,2,1,"14,3,15,16"
5555167857,40,2,1,"3,14,4,15"
5555755216,40,2,1,"3,14,9,15"
5555828172,40,2,1,"3,14,4,16"
5555829954,40,2,1,"3,14,15,4"
5555169405,40,2,1,"14,4,3,15"
5555169913,40,2,1,"14,3,4,22"
5555243877,40,2,1,"3,14,9,5"
5555170479,40,2,1,"3,14,9,16"
5555625198,40,2,1,"4,3,2,8"
5555626118,40,2,1,"3,8,17,5"
5555627304,40,2,1,"3,8,17,1"
5555628036,40,2,1,"3,9,5,17"
5555171091,40,2,1,"3,8,4,2"
5555758698,40,2,1,"14,3,4,15"
5555628522,40,2,1,"4,5,2,14"
5555042033,40,2,1,"3,14,4,16"
5555629538,40,2,1,"3,4,14,2"
5555630250,40,2,1,"3,8,17,1"
5555043699,40,2,1,"3,4,14,2"
5555044273,40,2,1,"3,4,14,2"
5555173015,40,2,1,"4,3,14,23"
5555760272,40,2,1,"3,15,4,14"
5555044821,40,2,1,"14,3,4,16"
5555632498,40,2,1,"3,14,4,22"
5555045697,40,2,1,"3,14,4,16"
5555633524,40,2,1,"3,14,4,16"
5555174623,40,2,1,"14,3,16,15"
5555046841,40,2,1,"14,3,15,4"
5555175465,40,2,1,"4,3,15,14"
5555048297,40,2,1,"14,3,4,15"
5555176265,40,2,1,"4,3,2,5"
5555636578,40,2,1,"3,14,4,15"
5555050911,40,2,1,"3,14,4,40"
5555051453,40,2,1,"3,14,4,15"
5555052183,40,2,1,"14,4,3,15"
5555640570,40,2,1,"3,14,15,4"
5555054523,40,2,1,"4,5,2,3"
5555641788,40,2,1,"4,3,31,14"
5555244403,40,2,1,"4,14,10,3"
5555831844,40,2,1,"14,3,4,16"
5555762826,40,2,1,"3,4,2,14"
5555763244,40,2,1,"14,3,4,9"
5555055685,40,2,1,"14,3,4,22"
5555056123,40,2,1,"14,3,4,15"
5555177695,40,2,1,"3,14,9,4"
5555764502,40,2,1,"3,14,9,40"
5555764924,40,2,1,"4,3,14,16"
5555179307,40,2,1,"3,4,14,25"
5555179837,40,2,1,"14,3,4,15"
5555180807,40,2,1,"3,14,4,9"
5555181559,40,2,1,"3,9,14,5"
5555245369,40,2,1,"3,4,2,14"
5555833130,40,2,1,"3,14,4,15"
5555833604,40,2,1,"3,4,8,14"
5555182657,40,2,1,"3,4,14,5"
5555183495,40,2,1,"3,14,4,15"
5555643614,40,2,1,"3,14,9,4"
5555644442,40,2,1,"3,14,22,17"
5555248201,40,2,1,"5,2,4,13"
5555248877,40,2,1,"2,5,4,12"
5555249699,40,2,1,"2,5,8,0"
5555250303,40,2,7,"4,5,2,10"
5555252723,40,2,7,"4,3,14,30"
5556788062,40,2,25,"4,10,11,5"
5556273343,40,2,25,"4,15,3,14"
5556274957,40,2,25,"3,15,14,4"
5556276239,40,2,25,"15,3,14,4"
5556279177,40,2,25,"4,3,15,10"
5556206413,40,2,25,"4,3,14,10"
5556790128,40,2,25,"3,4,14,15"
5556868448,40,2,25,"3,4,14,15"
5556856882,40,2,25,"4,3,14,15"
5556206683,40,2,25,"4,3,14,10"
5556866592,40,2,25,"3,14,15,4"
5555902544,40,2,21,"5,4,2,13"
5556414417,40,2,20,"5,2,13,4"
5556409317,40,2,20,"4,5,31,10"
5555313911,40,2,21,"5,4,2,10"
5556993004,40,2,20,"4,5,2,8"
5556410667,40,2,20,"4,5,2,31"
5556425889,40,2,0,"13,5,4,20"
5555544613,40,2,0,"4,5,3,15"
5556986500,40,2,7,"4,5,2,10"
5556987830,40,2,7,"4,5,2,10"
5556418079,40,2,0,"4,3,15,10"
5557005500,40,2,0,"4,3,15,10"
5555962941,40,2,30,"4,5,2,3"
5556568366,40,2,31,"4,2,5,11"
5555985571,40,2,31,"4,3,14,10"
5556637710,40,2,31,"3,4,14,37"
5555987851,40,2,31,"4,2,5,11"
5555787261,40,2,6,"4,2,5,3"
5556376432,40,2,6,"4,3,2,15"
5556377432,40,2,6,"3,4,14,15"
5555810733,40,2,6,"3,14,4,15"
5556391446,40,2,6,"4,14,3,15"
5555808869,40,2,6,"4,3,14,2"
5556378680,40,2,6,"3,14,4,15"
5556386378,40,2,6,"3,15,14,4"
5555804393,40,2,6,"14,3,4,15"
5555799297,40,2,6,"14,4,3,15"
5555802409,40,2,6,"14,4,3,15"
5556385344,40,2,6,"3,15,4,14"
5556373752,40,2,6,"14,3,15,4"
5555794747,40,2,6,"14,4,3,15"
5556381136,40,2,6,"14,3,4,15"
5556383208,40,2,6,"4,14,3,15"
5555786061,40,2,24,"4,5,2,6"
5556002821,40,2,31,"3,14,4,15"
5556005647,40,2,31,"4,3,15,14"
5556008663,40,2,31,"3,15,4,14"
5556004329,40,2,31,"3,15,14,4"
5556010353,40,2,31,"3,14,15,4"
5556595906,40,2,31,"3,14,15,4"
5556598484,40,2,31,"3,15,4,14"
5556016127,40,2,31,"14,3,4,15"
5556017721,40,2,31,"3,4,15,14"
5556022793,40,2,31,"3,15,4,14"
5556024309,40,2,31,"4,3,15,14"
5556026671,40,2,31,"4,15,3,14"
5556614220,40,2,31,"4,3,15,43"
5556617524,40,2,31,"3,14,15,4"
5556636082,40,2,31,"4,3,15,14"
5556035335,40,2,31,"3,4,14,15"
5556632680,40,2,31,"4,15,3,14"
5556630228,40,2,31,"4,15,14,3"
5556037815,40,2,31,"3,14,15,4"
5556625772,40,2,31,"3,14,4,15"
5556627948,40,2,31,"3,14,4,15"
5556633698,40,2,31,"3,4,15,14"
5556603598,40,2,31,"3,4,15,5"
5556631566,40,2,31,"4,15,14,3"
5555990749,40,2,31,"4,3,15,10"
5556126944,40,2,0,"5,2,4,7"
5557012732,40,2,0,"4,5,2,7"
5556988908,40,2,7,"5,4,2,13"
5556525152,40,2,32,"3,4,14,2"
5555939665,40,2,32,"2,5,4,37"
5555847522,40,2,30,"3,15,14,4"
5556573690,40,2,31,"3,15,14,4"
5556649028,40,2,31,"3,14,15,4"
5556638988,40,2,31,"3,14,15,4"
5556058801,40,2,31,"4,3,15,14"
5556062853,40,2,31,"3,14,15,4"
5555996719,40,2,31,"3,14,4,15"
5556583814,40,2,31,"3,4,14,15"
5555993511,40,2,31,"3,15,14,4"
5556574778,40,2,31,"3,14,22,15"
5556640974,40,2,31,"4,3,15,14"
5556646062,40,2,31,"4,15,3,14"
5556120212,40,2,0,"15,4,14,3"
5555550469,40,2,0,"3,14,15,4"
5556131744,40,2,0,"15,4,14,3"
5555534921,40,2,0,"4,3,15,14"
5556132482,40,2,0,"14,15,3,4"
5556129200,40,2,0,"14,15,3,4"
5555547461,40,2,0,"15,3,14,4"
5556134574,40,2,0,"15,3,4,14"
5556122320,40,2,0,"4,15,14,3"
5556123450,40,2,0,"3,14,4,15"
5555538343,40,2,0,"4,15,3,14"
5555539665,40,2,0,"4,3,14,15"
5556138194,40,2,0,"3,4,14,39"
5555549357,40,2,0,"15,14,3,4"
5556510434,40,2,11,"5,2,7,1"
5556665040,40,2,11,"5,2,4,10"
5556668262,40,2,11,"4,5,2,10"
5556669590,40,2,11,"2,5,4,7"
5556513584,40,2,11,"5,2,8,4"
5555920859,40,2,18,"4,3,2,5"
5556505954,40,2,18,"4,5,2,7"
5556507068,40,2,18,"3,4,15,14"
5556350398,40,2,18,"4,2,5,10"
5556351268,40,2,18,"4,2,5,10"
5556353770,40,2,18,"3,4,14,10"
5556356970,40,2,18,"4,3,14,10"
5556361066,40,2,18,"4,3,2,10"
5555779009,40,2,18,"4,3,10,2"
5555782561,40,2,18,"4,3,15,14"
5556368524,40,2,18,"4,2,5,3"
5556369434,40,2,18,"4,3,10,23"
5556370226,40,2,18,"5,2,4,7"
5555553147,40,2,18,"4,14,3,15"
5556141314,40,2,18,"4,3,2,10"
5555556595,40,2,18,"4,2,5,3"
5556143724,40,2,18,"4,5,2,10"
5555558903,40,2,18,"2,4,5,3"
5556990792,40,2,25,"4,2,5,19"
5556991700,40,2,25,"4,3,2,5"
5556284699,40,2,25,"4,5,2,10"
5556291871,40,2,25,"4,11,2,5"
5556870726,40,2,25,"3,4,14,15"
5556294655,40,2,25,"2,5,4,7"
5556882780,40,2,25,"5,4,2,7"
5556883630,40,2,25,"2,5,7,4"
5556886452,40,2,25,"5,2,4,12"
5556889516,40,2,25,"5,2,4,12"
5556340033,40,2,25,"4,2,5,7"
5556306247,40,2,25,"4,3,5,14"
5556912366,40,2,25,"5,2,4,7"
5556905158,40,2,25,"4,3,2,5"
5556323619,40,2,25,"4,3,2,5"
5556894672,40,2,25,"5,2,4,7"
5556901894,40,2,25,"5,2,4,7"
5556328671,40,2,25,"5,4,2,7"
5556897646,40,2,25,"5,4,2,7"
5556314233,40,2,25,"4,2,5,7"
5556917422,40,2,25,"4,5,2,10"
5556338215,40,2,25,"5,2,4,12"
5556335455,40,2,25,"5,2,4,12"
5556314829,40,2,25,"5,2,4,11"
5557002292,40,2,20,"4,5,2,13"
5555489025,40,2,28,"14,3,4,15"
5555489967,40,2,28,"3,14,4,15"
5556077540,40,2,28,"4,3,15,14"
5555491839,40,2,28,"4,3,14,15"
5555493171,40,2,28,"4,14,3,15"
5556080618,40,2,28,"14,3,15,4"
5556083560,40,2,28,"3,14,4,15"
5556084898,40,2,28,"3,14,4,15"
5555499289,40,2,28,"3,14,4,15"
5556086672,40,2,28,"3,4,14,15"
5555532659,40,2,28,"4,5,2,10"
5556984492,40,2,5,"4,5,2,7"
5556421239,40,2,20,"2,5,12,13"
5555512005,40,2,29,"5,2,4,3"
5556111976,40,2,27,"5,2,4,3"
5556423793,40,2,20,"5,2,12,7"
5555512637,40,2,27,"2,5,7,12"
5555516103,40,2,29,"5,2,12,9"
5556109630,40,2,29,"5,4,2,10"
5556100046,40,2,29,"4,2,5,3"
5555518893,40,2,29,"5,2,4,17"
5556100970,40,2,29,"2,5,13,4"
5556110894,40,2,29,"3,4,5,10"
5555515253,40,2,29,"5,2,4,7"
5556550088,40,2,30,"5,2,4,11"
5556085295,40,2,11,"5,2,4,7"
5556681072,40,2,11,"4,3,15,14"
5556096651,40,2,11,"3,14,4,15"
5556097673,40,2,11,"3,4,14,15"
5556684106,40,2,11,"14,3,4,15"
5556099683,40,2,11,"3,4,14,15"
5556101275,40,2,11,"3,14,4,16"
5556102401,40,2,11,"3,14,4,15"
5556103587,40,2,11,"4,3,15,14"
5556108459,40,2,11,"3,4,15,14"
5556109595,40,2,11,"4,3,14,15"
5556696684,40,2,11,"3,4,15,14"
5556698920,40,2,11,"4,3,15,14"
5556114581,40,2,11,"14,3,4,15"
5556702304,40,2,11,"3,0,1,32"
5556117469,40,2,11,"4,3,14,15"
5556118383,40,2,11,"3,4,15,5"
5556121309,40,2,11,"3,14,15,4"
5556124063,40,2,11,"3,14,4,15"
5556711058,40,2,11,"4,3,15,14"
5556126297,40,2,11,"3,4,15,14"
5556713410,40,2,11,"3,4,14,15"
5556104955,40,2,11,"3,14,4,10"
5556691616,40,2,11,"4,3,14,10"
5556692660,40,2,11,"3,4,14,23"
5556128951,40,2,11,"3,14,4,15"
5556715954,40,2,11,"4,3,15,14"
5556717054,40,2,11,"3,14,4,15"
5556132201,40,2,11,"3,4,14,15"
5556564682,40,2,11,"3,4,15,5"
5556087530,40,2,28,"14,3,4,15"
5555502213,40,2,28,"14,3,15,4"
5555503599,40,2,28,"14,3,4,15"
5556091402,40,2,28,"14,3,15,4"
5555506213,40,2,5,"4,3,14,15"
5556093896,40,2,28,"4,3,14,8"
5555508567,40,2,28,"4,3,14,10"
5555509727,40,2,28,"14,3,4,15"
5556097182,40,2,28,"3,14,4,15"
5555526705,40,2,28,"4,3,14,15"
5555527683,40,2,28,"4,3,15,14"
5555528623,40,2,28,"4,5,2,7"
5555529583,40,2,28,"4,3,2,5"
5530519172,47,2,12,"5,2,8,4"
5530520264,47,2,8,"5,2,4,12"
5530521854,47,2,8,"5,2,4,12"
5530585212,47,2,12,"5,2,4,12"
5530586568,47,2,12,"5,2,12,4"
5530587526,47,2,12,"5,2,6,17"
5530588800,47,2,1,"4,3,10,2"
5530590040,47,2,1,"3,4,2,14"
5530005453,47,2,14,"5,2,4,12"
5530592112,47,2,14,"3,5,2,4"
5530007981,47,2,14,"13,5,2,12"
5533240068,47,2,14,"2,5,12,4"
5805361741,47,4,12,"4,5,2,28"
5805395281,47,4,12,"4,5,2,3"
5805395301,47,4,17,"3,4,14,10"
5805395311,47,4,17,"4,5,10,2"
5805395327,47,4,17,"5,4,2,12"
5809188069,47,4,17,"4,5,2,11"
5809269609,47,5,18,"4,3,2,33"
5809865694,47,5,18,"3,4,15,14"
5809865716,47,5,18,"4,3,14,22"
5809865726,47,5,18,"3,4,14,22"
5809865744,47,5,18,"3,22,14,4"
2873081089,49,8,17,"5,4,2,7"
3031617281,49,8,7,"4,3,14,15"
4769218839,55,5,5,"2,5,4,17"
4769857764,55,5,8,"5,2,12,7"
4769911974,55,5,31,"4,3,15,14"
4769269383,55,5,25,"4,2,3,19"
1544993694,63,9,4,"3,4,14,15"
1544460439,63,9,3,"4,3,5,15"
10296129004,67,6,11,"5,4,2,13"
10296235665,67,6,11,"4,5,2,10"
10296138294,67,6,14,"5,4,2,13"
10296357713,67,6,13,"5,2,4,7"
10296366803,67,6,20,"5,2,4,7"
10296153564,67,6,20,"5,2,4,8"
10296253516,67,6,20,"5,4,2,7"
10296375533,67,6,20,"5,2,12,17"
10296377183,67,6,19,"4,3,15,5"
10296162254,67,6,19,"14,15,3,4"
10296267895,67,6,19,"15,3,4,14"
10296166974,67,6,19,"3,22,4,14"
10296272375,67,6,19,"2,5,4,17"
10296387633,67,6,19,"4,2,5,7"
10296272086,67,6,19,"4,5,2,7"
10296391753,67,6,19,"4,2,5,7"
10296178284,67,6,19,"4,5,2,10"
10296403233,67,6,11,"3,4,10,14"
10296404803,67,6,11,"4,3,14,15"
10296288346,67,6,11,"4,3,15,14"
10296408663,67,6,11,"3,4,15,14"
10296297155,67,6,11,"4,3,15,14"
10296412733,67,6,11,"4,15,3,14"
10296199754,67,6,11,"4,3,10,15"
10296299426,67,6,11,"4,3,15,14"
10296420063,67,6,11,"3,4,15,14"
10296205284,67,6,11,"4,3,14,15"
10296207604,67,6,11,"5,2,4,10"
10296314075,67,6,17,"4,5,2,6"
10296311326,67,6,17,"3,4,14,15"
10296318665,67,6,8,"5,2,4,12"
10296434213,67,6,8,"5,2,4,12"
10296220964,67,6,8,"5,2,4,7"
10296437983,67,6,8,"5,2,4,7"
10296439813,67,6,8,"5,2,4,7"
10296324376,67,6,8,"3,14,15,4"
10296334115,67,6,17,"4,3,5,2"
10296451343,67,6,17,"4,5,2,3"
10296337026,67,6,17,"4,5,2,7"
10296243104,67,6,7,"5,2,4,10"
10296341746,67,6,7,"5,2,4,10"
10296344566,67,6,7,"4,5,2,10"
10296464803,67,6,17,"5,2,4,7"
10296347546,67,6,17,"5,4,2,10"
10296253414,67,6,17,"4,5,2,11"
10296358015,67,6,17,"4,5,2,7"
10296359985,67,6,17,"4,5,2,11"
10296361905,67,6,17,"4,2,3,5"
10296363875,67,6,17,"4,2,5,7"
10296265124,67,6,17,"5,2,4,6"
10296267464,67,6,17,"5,2,4,7"
10296270114,67,6,17,"4,2,3,5"
10296374445,67,6,17,"5,4,2,7"
10269165895,67,8,5,"4,5,2,10"
10269170705,67,8,5,"5,2,4,0"
10269094734,67,8,17,"3,4,14,23"
10269187776,67,8,7,"4,5,2,7"
10269115134,67,8,7,"4,5,2,7"
10269209896,67,8,7,"5,4,2,0"
10269214856,67,8,7,"4,10,5,2"
10269216916,67,8,7,"4,5,2,7"
10269229945,67,8,7,"5,4,2,10"
10269234305,67,8,7,"4,5,2,11"
10269139234,67,8,7,"5,2,10,4"
10269343643,67,8,7,"4,5,2,10"
10269148454,67,8,7,"5,2,4,10"
10269252985,67,8,7,"4,2,5,7"
10269159944,67,8,7,"4,3,2,5"
10269362793,67,8,7,"5,2,4,12"
10269266355,67,8,7,"5,2,4,6"
10269262836,67,8,17,"4,2,5,11"
10269275605,67,8,7,"4,5,2,7"
10269271306,67,8,17,"4,5,2,7"
10269184194,67,8,17,"2,5,4,7"
10269188844,67,8,17,"4,2,5,7"
10269284806,67,8,17,"5,4,2,7"
10269290196,67,8,17,"4,5,2,10"
10269304335,67,8,17,"4,14,3,10"
10269212224,67,8,17,"4,3,14,37"
10269315075,67,8,17,"4,2,5,11"
10269419943,67,8,17,"4,3,2,5"
10269317726,67,8,17,"5,4,2,7"
10269429483,67,8,17,"5,2,4,7"
10269378985,67,8,24,"4,5,2,7"
10269377716,67,8,24,"4,5,2,7"
10269307374,67,8,24,"4,3,2,5"
10269508553,67,8,24,"5,2,4,7"
10269405726,67,8,24,"4,5,2,10"
10269519903,67,8,24,"4,5,2,10"
10269326304,67,8,24,"4,5,2,10"
10269431305,67,8,24,"5,2,4,13"
10269335254,67,8,24,"4,3,14,15"
10269431286,67,8,24,"4,3,2,5"
10269445015,67,8,24,"4,3,2,5"
10269080846,67,8,24,"3,4,14,15"
10269549483,67,8,24,"3,4,15,19"
10269353924,67,8,24,"5,2,7,4"
10269358894,67,8,24,"4,2,5,7"
10269453086,67,8,24,"4,5,2,10"
10269469525,67,8,24,"4,5,2,7"
10269462076,67,8,2,"5,2,4,7"
10269477596,67,8,24,"5,2,4,6"
2133621016,68,11,10,"3,4,14,15"
2132842185,68,11,10,"3,4,15,1"
2133618686,68,11,10,"3,15,14,4"
2132838597,68,11,10,"5,2,12,9"
3151545154,68,11,8,"4,3,15,14"
3152517205,68,11,8,"5,2,6,12"
8844731813,88,5,7,"4,5,2,7"
8845354322,88,5,7,"5,2,4,6"
8845355480,88,5,7,"4,5,2,10"
8844735071,88,5,17,"4,5,2,6"
8844736239,88,5,7,"4,5,2,6"
8844737475,88,5,25,"4,5,2,11"
8845360070,88,5,14,"13,46,20,5"
8844741479,88,5,0,"4,5,2,19"
8845363966,88,5,2,"2,5,1,0"
8845365112,88,5,3,"5,2,8,4"
380574797,90,9,0,"5,2,4,7"
380574800,90,9,8,"5,2,4,12"
3976907720,93,8,10,"4,3,14,15"
3976144357,93,8,8,"5,4,2,15"
3976903906,93,8,1,"4,5,2,15"
3976137407,93,8,7,"4,5,2,11"
3039246618,94,10,21,"3,4,2,5"
3039246624,94,10,21,"3,4,14,15"
3039228980,94,10,17,"4,2,5,3"
3039228986,94,10,13,"4,5,13,10"
3039228994,94,10,13,"4,3,14,15"
2948312212,98,8,0,"5,8,17,4"
2947460403,98,8,13,"13,5,2,12"
2947462755,98,8,13,"5,13,2,4"
2948319260,98,8,13,"5,2,12,6"
2947466733,98,8,13,"4,5,2,7"
2947468647,98,8,11,"5,2,4,13"
5625269228,99,3,4,"4,5,2,10"
5624676037,99,3,4,"4,2,10,5"
5625272248,99,3,4,"4,5,10,2"
5625603234,99,3,4,"4,2,5,19"
5632325623,99,3,4,"4,3,5,2"
5624483608,99,3,4,"3,4,14,2"
5624479832,99,3,4,"3,4,14,15"
5624477942,99,3,4,"3,4,15,14"
5624475720,99,3,4,"4,14,3,15"
5624470996,99,3,4,"4,3,14,15"
5623875345,99,3,4,"3,4,14,31"
5624469222,99,3,4,"3,4,14,15"
5624466636,99,3,4,"3,4,15,14"
5624473308,99,3,4,"3,4,15,14"
5624462470,99,3,4,"3,15,4,14"
5624459962,99,3,4,"3,4,14,1"
5623892609,99,3,4,"3,4,14,42"
5625608428,99,3,15,"4,3,15,14"
5632985624,99,3,15,"4,3,14,15"
5632981606,99,3,15,"3,4,2,18"
5632979318,99,3,15,"4,3,14,15"
5625605836,99,3,15,"3,15,14,4"
5625596844,99,3,15,"3,4,14,15"
5632942936,99,3,15,"3,4,14,2"
5632939908,99,3,15,"3,4,14,15"
5632937112,99,3,15,"3,4,15,14"
5632374537,99,3,0,"4,2,5,3"
5632377917,99,3,0,"3,4,14,25"
5632954950,99,3,0,"4,10,5,2"
5632951872,99,3,0,"4,3,10,14"
5632281611,99,3,0,"3,4,14,15"
5625572164,99,3,0,"3,4,14,15"
5624978385,99,3,0,"4,3,14,15"
5630743841,99,3,13,"2,4,5,13"
5630741359,99,3,21,"2,5,12,13"
5632413323,99,3,8,"3,4,14,15"
5625565418,99,3,8,"3,14,4,15"
5625559552,99,3,8,"4,5,2,13"
5624966129,99,3,8,"5,4,2,12"
5625538938,99,3,8,"3,2,1,0"
5625542486,99,3,8,"5,2,4,17"
5632421825,99,3,8,"4,2,5,10"
5625534306,99,3,1,"4,2,3,5"
5633007810,99,3,1,"3,4,2,14"
5632428509,99,3,1,"3,14,4,15"
5632444193,99,3,1,"4,2,3,25"
5633034004,99,3,1,"3,4,14,15"
5632447471,99,3,1,"3,14,37,4"
5632998262,99,3,1,"4,2,3,5"
5632418777,99,3,1,"4,3,14,10"
5633023966,99,3,1,"3,4,14,15"
5632434927,99,3,1,"3,4,14,25"
5632431733,99,3,1,"3,14,51,37"
5632437231,99,3,1,"3,14,15,4"
5625440184,99,3,8,"14,3,4,16"
5624853709,99,3,8,"3,9,2,17"
5624936427,99,3,7,"4,3,15,5"
5624934627,99,3,7,"4,3,14,2"
5624931987,99,3,7,"4,3,14,15"
5624913649,99,3,7,"4,3,14,23"
5638692552,99,3,7,"4,3,2,5"
5625498872,99,3,7,"3,4,14,23"
5625504944,99,3,7,"4,3,14,15"
5625495366,99,3,7,"4,3,14,15"
5638669724,99,3,7,"4,3,10,2"
5638666778,99,3,7,"3,4,14,10"
5625485426,99,3,7,"4,3,14,10"
5638724982,99,3,7,"3,4,14,15"
5638643040,99,3,7,"3,14,4,15"
5638062265,99,3,7,"3,4,14,25"
5625515740,99,3,7,"4,2,5,3"
5638250549,99,3,7,"5,4,2,10"
5625509522,99,3,7,"4,3,15,14"
5652918373,99,3,7,"14,3,4,15"
5625482304,99,3,17,"4,3,14,15"
5624879881,99,3,7,"4,3,5,10"
5625475838,99,3,7,"3,4,14,37"
5625479108,99,3,17,"14,3,15,4"
5652817585,99,3,7,"3,4,14,25"
5653423720,99,3,7,"14,3,4,15"
5652836335,99,3,7,"3,14,15,4"
5653384720,99,3,7,"14,3,4,15"
5653366978,99,3,7,"2,4,3,5"
5652880883,99,3,7,"3,14,4,15"
5652833939,99,3,7,"5,2,3,4"
5653420096,99,3,7,"3,14,4,15"
5652841467,99,3,7,"3,14,4,15"
5653364862,99,3,7,"3,14,4,9"
5653376174,99,3,7,"3,14,4,16"
5653409434,99,3,7,"3,14,4,15"
5653414316,99,3,7,"3,14,4,15"
5653446176,99,3,7,"3,14,4,15"
5653417680,99,3,7,"14,3,4,15"
5652868495,99,3,7,"3,15,4,14"
5653453898,99,3,7,"14,3,4,15"
5653479916,99,3,7,"4,3,14,15"
5652900805,99,3,7,"3,4,14,15"
5652904061,99,3,7,"4,3,14,15"
5652820591,99,3,7,"3,14,4,15"
5653467792,99,3,7,"14,4,3,15"
5652891975,99,3,7,"14,3,4,15"
5653465114,99,3,7,"3,14,4,15"
5652857937,99,3,7,"3,14,15,4"
5653381728,99,3,7,"3,14,4,15"
5653371800,99,3,7,"3,14,4,5"
5653497734,99,3,7,"3,14,4,15"
5652921779,99,3,7,"3,14,4,15"
5653436848,99,3,7,"4,14,3,15"
5652889013,99,3,7,"14,3,4,23"
5653401538,99,3,7,"3,14,4,15"
5652828873,99,3,7,"3,14,4,15"
5653434308,99,3,7,"3,4,14,24"
5652861093,99,3,7,"3,4,15,14"
5653426116,99,3,7,"3,14,4,15"
5652799787,99,3,7,"3,14,4,25"
5653476894,99,3,7,"4,3,14,15"
5652792497,99,3,7,"4,3,25,14"
5653448392,99,3,7,"3,14,4,15"
5653457570,99,3,7,"4,3,15,14"
5652823799,99,3,7,"3,4,14,10"
5652825955,99,3,7,"4,3,2,5"
5653442760,99,3,7,"4,3,15,14"
5652790737,99,3,7,"3,14,4,15"
5652924579,99,3,7,"3,14,4,25"
5653483190,99,3,7,"14,3,4,15"
5652915957,99,3,7,"4,3,2,19"
5638653826,99,3,7,"5,2,4,13"
5646724463,99,3,7,"4,2,5,7"
5638656754,99,3,17,"3,2,5,9"
5638073929,99,3,17,"3,4,14,25"
5646713561,99,3,7,"4,3,14,15"
5647199876,99,3,7,"3,14,4,15"
5647224494,99,3,7,"3,14,15,4"
5647232532,99,3,7,"3,14,4,15"
5646665369,99,3,7,"3,4,14,1"
5646641377,99,3,7,"4,3,14,10"
5647280918,99,3,7,"3,14,15,4"
5647285586,99,3,7,"4,3,14,15"
5647196448,99,3,7,"3,4,14,15"
5646699283,99,3,7,"3,4,14,15"
5647220834,99,3,7,"3,9,14,0"
5646653777,99,3,7,"3,4,14,15"
5646650111,99,3,7,"3,14,15,4"
5646691361,99,3,7,"4,3,14,15"
5646646175,99,3,7,"3,39,9,14"
5646629039,99,3,7,"3,4,14,15"
5647246556,99,3,7,"3,4,14,15"
5646703143,99,3,7,"4,14,3,15"
5647250708,99,3,7,"14,4,3,15"
5646673359,99,3,7,"3,4,14,2"
5647270388,99,3,7,"4,3,14,15"
5647189120,99,3,7,"3,4,14,15"
5647273618,99,3,7,"14,4,3,15"
5646695113,99,3,7,"4,3,15,14"
5647179442,99,3,7,"3,14,4,10"
5647182980,99,3,7,"3,10,14,4"
5647186184,99,3,7,"3,14,4,15"
5646679695,99,3,7,"14,4,3,15"
5646676269,99,3,7,"15,3,4,14"
5646727427,99,3,7,"3,4,14,25"
5646731055,99,3,7,"4,10,5,11"
5625472018,99,3,7,"3,4,14,15"
5625449596,99,3,17,"4,3,2,14"
5624875865,99,3,17,"4,3,14,15"
5625456198,99,3,17,"2,5,12,4"
5625459042,99,3,17,"5,4,2,6"
5625462058,99,3,17,"4,3,5,2"
5625446130,99,3,7,"3,4,14,15"
5625518070,99,3,7,"4,5,2,10"
5624955405,99,3,8,"4,3,14,10"
5625549144,99,3,8,"5,2,4,12"
5625552988,99,3,8,"4,3,14,15"
5628620416,99,3,21,"5,2,4,8"
5631319274,99,3,21,"2,5,4,13"
5644067903,99,3,15,"4,2,5,10"
5638733874,99,3,15,"14,3,4,15"
5644092517,99,3,15,"14,3,4,15"
5644655094,99,3,15,"3,15,14,4"
5644083069,99,3,15,"3,4,15,14"
5644079861,99,3,15,"3,14,4,25"
5644641678,99,3,15,"3,4,14,15"
5644651820,99,3,15,"3,4,14,15"
5644071725,99,3,15,"3,14,15,4"
5638246971,99,3,25,"4,5,2,10"
5646686602,99,3,25,"4,5,2,11"
5646067821,99,3,25,"4,5,2,10"
5646598054,99,3,25,"3,14,4,15"
5646029583,99,3,25,"3,4,14,15"
5646049309,99,3,25,"3,14,4,15"
5646045165,99,3,25,"3,14,15,52"
5646052889,99,3,25,"3,14,4,15"
5646666790,99,3,25,"3,14,4,15"
5646012557,99,3,25,"3,14,4,15"
5646065045,99,3,25,"3,14,15,4"
5646060251,99,3,25,"3,14,4,15"
5646056071,99,3,25,"14,3,4,15"
5646019605,99,3,25,"4,3,14,15"
5646572868,99,3,25,"15,3,4,14"
5646568614,99,3,25,"4,3,14,15"
5646564460,99,3,25,"3,14,15,4"
5646560252,99,3,25,"3,4,15,10"
5646605148,99,3,25,"3,17,1,14"
5646601466,99,3,25,"4,3,14,15"
5646586602,99,3,25,"14,3,4,15"
5646579534,99,3,25,"3,14,4,10"
5645991805,99,3,25,"3,4,14,15"
5645988335,99,3,25,"3,14,4,15"
5645977885,99,3,25,"3,14,4,15"
5646539472,99,3,25,"3,4,14,34"
5645984815,99,3,25,"3,14,4,15"
5646545596,99,3,25,"3,4,14,2"
5646532674,99,3,25,"4,10,5,11"
5645971935,99,3,25,"2,5,4,6"
5638040847,99,3,18,"4,2,5,10"
5638037297,99,3,18,"4,5,2,10"
5628106377,99,3,18,"2,5,4,7"
5628100239,99,3,18,"4,2,5,10"
5638626340,99,3,0,"3,4,14,10"
5638622400,99,3,0,"4,3,14,10"
5638743790,99,3,0,"3,4,14,25"
5628092997,99,3,0,"4,14,15,3"
5628680102,99,3,0,"4,2,5,3"
5628044683,99,3,15,"3,4,14,15"
5637904851,99,3,2,"4,5,2,3"
5638485502,99,3,2,"4,2,5,10"
5638478648,99,3,2,"4,3,10,15"
5637898519,99,3,2,"4,5,2,10"
5638472190,99,3,2,"3,14,4,15"
5637891375,99,3,2,"3,14,4,25"
5637888733,99,3,2,"3,14,4,15"
5637886427,99,3,2,"3,4,14,15"
5637883367,99,3,2,"3,4,1,32"
5638457146,99,3,2,"5,2,4,13"
5628528298,99,3,2,"3,50,2,5"
5637878211,99,3,2,"4,3,14,10"
5627842485,99,3,10,"4,5,2,3"
5630776717,99,3,13,"13,5,4,46"
5630768277,99,3,13,"4,5,2,10"
5631361118,99,3,11,"4,5,2,13"
5631373974,99,3,11,"4,10,3,5"
5631342104,99,3,13,"4,5,3,10"
5630763079,99,3,13,"4,5,2,10"
5631347314,99,3,13,"4,5,2,10"
5630746275,99,3,10,"3,14,4,15"
5630757319,99,3,20,"4,3,14,2"
5631356350,99,3,20,"4,5,2,3"
5630750799,99,3,20,"4,5,2,10"
5630771187,99,3,21,"4,2,3,5"
5631336164,99,3,21,"5,2,4,13"
5628404876,99,3,4,"3,4,14,15"
5630734699,99,3,5,"4,2,5,10"
5644631660,99,3,5,"4,3,15,14"
5644629222,99,3,5,"4,3,14,15"
5644625258,99,3,5,"4,3,14,10"
5627834957,99,3,10,"4,3,2,5"
5627813995,99,3,10,"4,3,2,5"
5627807053,99,3,10,"3,1,0,32"
5628421678,99,3,10,"5,4,2,12"
5628384692,99,3,15,"3,4,14,15"
5627791395,99,3,15,"3,4,14,15"
5628370116,99,3,15,"3,14,15,4"
5627783163,99,3,15,"3,14,4,15"
5627797031,99,3,15,"4,3,15,14"
5652808539,99,3,7,"14,3,4,39"
10500234676,105,9,29,"2,5,17,1"
10500238136,105,9,19,"5,2,4,10"
10773639255,105,10,19,"4,2,5,7"
12124303704,106,0,0,"4,5,2,28"
12124559746,106,0,13,"4,5,2,13"
8552972568,111,1,6,"4,5,2,10"
8552877650,111,1,24,"4,3,14,2"
8551870953,111,1,24,"5,2,4,12"
328454226,114,11,24,"2,4,5,10"
328454288,114,11,24,"4,3,14,15"
328454677,114,11,24,"4,5,2,7"
329026107,114,11,24,"4,5,2,10"
329026277,114,11,24,"4,5,2,12"
329026967,114,11,11,"4,5,2,10"
329027093,114,11,11,"4,5,10,2"
4550075404,118,3,9,"5,2,17,8"
5291692168,118,11,25,"3,15,4,14"
5535293615,118,2,10,"4,5,15,3"
7765254516,119,5,13,"5,4,2,7"
7765257978,119,5,13,"4,5,2,10"
7765262470,119,5,13,"5,4,2,12"
7765266436,119,5,1,"5,2,17,4"
7765271278,119,5,1,"5,2,12,9"
7765274738,119,5,13,"4,5,2,7"
7807541092,119,5,6,"14,3,4,15"
7807546538,119,5,1,"4,5,2,6"
2348736906,120,2,10,"4,5,2,13"
2346538167,120,2,10,"5,13,4,2"
3650550303,120,5,17,"4,14,3,10"
3650554845,120,5,17,"5,2,4,7"
3650560399,120,5,17,"4,2,5,11"
3650580331,120,5,8,"4,5,2,3"
3650593739,120,5,13,"5,13,2,4"
3651140467,120,5,13,"4,5,13,2"
3654543074,120,5,25,"4,2,5,11"
3657980384,120,5,18,"8,5,2,4"
3654553446,120,5,18,"3,2,0,1"
3655372256,120,5,7,"4,3,2,23"
3654618651,120,5,7,"4,2,5,3"
3655427710,120,5,7,"4,2,3,5"
3654702536,120,5,7,"4,3,2,5"
3654711614,120,5,7,"4,2,3,5"
3654716922,120,5,17,"2,5,4,7"
4095208680,120,5,17,"5,2,4,7"
3655443176,120,5,17,"4,3,10,11"
3655452254,120,5,7,"4,2,5,3"
3657168887,120,5,8,"4,2,5,7"
3654663603,120,5,8,"3,0,1,2"
3725917615,120,5,8,"2,5,17,1"
3658553311,120,5,8,"2,5,8,17"
3657971360,120,5,8,"5,2,4,7"
3659353848,120,5,8,"4,2,5,7"
3658562501,120,5,1,"4,5,2,7"
3657181633,120,5,12,"5,2,8,12"
3654575892,120,5,12,"2,4,5,8"
3654584608,120,5,12,"2,5,4,7"
3655469072,120,5,8,"4,5,2,7"
3654679631,120,5,13,"5,4,2,7"
3654689483,120,5,0,"5,4,2,13"
3656996973,120,5,25,"5,2,4,11"
3657006067,120,5,31,"4,5,2,10"
3657015963,120,5,31,"3,4,2,5"
3657828812,120,5,26,"0,1,17,32"
3657836656,120,5,26,"4,2,10,5"
3657841260,120,5,26,"4,2,5,11"
3657849868,120,5,26,"4,3,14,15"
3657858048,120,5,19,"3,2,4,5"
3657074129,120,5,19,"4,2,5,3"
3657949492,120,5,10,"4,3,2,5"
3657162227,120,5,13,"5,2,13,12"
3659301694,120,5,7,"4,5,2,11"
3659309304,120,5,17,"4,5,2,15"
3658396908,120,5,17,"4,5,10,2"
3658519583,120,5,17,"4,5,10,11"
3659322954,120,5,17,"4,3,14,15"
3661354455,120,5,20,"5,2,7,12"
3660484766,120,5,4,"4,5,2,7"
3660492422,120,5,4,"4,5,2,11"
3659703173,120,5,4,"4,5,2,19"
3660509232,120,5,4,"3,4,15,14"
3659718949,120,5,4,"3,4,14,15"
3660524924,120,5,4,"3,4,15,14"
3659733765,120,5,4,"4,3,14,15"
3660540728,120,5,4,"4,3,19,36"
3667342855,120,5,15,"4,3,2,10"
3668149268,120,5,15,"4,3,2,10"
3660616558,120,5,15,"4,3,10,2"
3659826039,120,5,15,"2,5,4,7"
3659833497,120,5,15,"4,2,5,10"
3660639594,120,5,15,"4,2,5,3"
3667343671,120,5,15,"4,5,2,10"
3667344037,120,5,15,"3,4,14,10"
3668150486,120,5,15,"4,2,5,10"
3660648598,120,5,15,"3,14,4,24"
3659859323,120,5,15,"14,3,15,4"
3660668412,120,5,15,"3,4,5,2"
3660678026,120,5,15,"4,2,5,3"
3659889267,120,5,10,"4,3,19,27"
3660698712,120,5,10,"4,5,2,7"
3660708090,120,5,10,"5,2,4,7"
3659926333,120,5,2,"2,5,0,1"
3659934351,120,5,2,"4,2,5,10"
3659951381,120,5,2,"5,2,4,11"
3668150846,120,5,3,"3,4,2,21"
3668151318,120,5,3,"3,0,4,1"
3668151652,120,5,24,"4,5,2,7"
3668152014,120,5,24,"2,4,5,6"
3668184884,120,5,16,"4,2,5,3"
3661361609,120,5,24,"4,5,2,10"
3660765780,120,5,24,"4,5,2,6"
3667346125,120,5,24,"5,2,4,6"
3659975651,120,5,15,"4,3,19,28"
3667346543,120,5,21,"5,8,2,4"
3662162562,120,5,8,"5,4,2,10"
3661391419,120,5,8,"4,5,2,28"
5719285862,122,3,13,"2,5,4,7"
5718754453,122,3,25,"14,4,3,15"
5718832271,122,3,7,"5,2,4,10"
5718845685,122,3,8,"5,2,4,6"
5719416060,122,3,1,"5,2,4,7"
5718858325,122,3,1,"5,4,2,7"
5718863637,122,3,1,"5,2,9,17"
3866975582,125,7,33,"14,3,15,4"
3866191393,125,7,33,"3,14,4,15"
5364335187,125,0,16,"10,3,4,2"
5364945626,125,0,16,"4,3,14,34"
5360991077,125,0,16,"3,4,14,10"
5364271555,125,0,16,"5,2,4,6"
5364334133,125,0,16,"4,3,10,14"
5364297773,125,0,16,"3,14,4,15"
5364299139,125,0,16,"4,3,31,14"
5364298559,125,0,16,"4,10,3,2"
5538695325,125,2,7,"3,14,4,15"
5537749947,125,2,27,"4,5,2,10"
5537750531,125,2,27,"4,3,14,15"
5874192598,125,5,30,"3,14,4,15"
5873636385,125,5,30,"3,14,4,15"
5873640159,125,5,30,"3,4,14,40"
5874197376,125,5,30,"4,3,14,15"
5873642221,125,5,30,"3,14,4,15"
5874193502,125,5,30,"3,4,14,31"
5873641045,125,5,30,"3,4,14,31"
5873637799,125,5,30,"14,3,4,31"
8619857528,125,3,30,"4,3,14,15"
4629456997,126,4,19,"4,2,5,7"
4629457819,126,4,19,"4,2,5,6"
4629459947,126,4,0,"2,5,8,4"
4630061998,126,4,8,"5,2,4,7"
4629461943,126,4,8,"5,2,4,7"
4630064666,126,4,8,"2,5,1,17"
4629464451,126,4,8,"5,2,4,13"
4629465767,126,4,8,"5,2,4,8"
4629466573,126,4,31,"4,5,2,10"
4629467237,126,4,31,"4,5,2,10"
4630069182,126,4,31,"4,2,5,3"
4630069456,126,4,31,"3,15,14,4"
4630069728,126,4,31,"3,4,15,5"
4629468789,126,4,31,"3,15,4,14"
4629468991,126,4,31,"3,15,4,14"
4630070450,126,4,31,"4,3,14,19"
4630070694,126,4,31,"4,15,3,14"
4629469781,126,4,31,"15,4,3,14"
4630071152,126,4,31,"3,4,15,14"
4629470225,126,4,31,"3,4,14,15"
4629470451,126,4,31,"5,4,2,22"
4629470689,126,4,31,"3,14,4,15"
4629470939,126,4,18,"4,5,3,2"
4629471481,126,4,18,"4,5,2,15"
4629471733,126,4,11,"3,14,4,15"
4629472701,126,4,11,"4,3,15,14"
4630074874,126,4,11,"4,3,14,15"
4630075542,126,4,11,"3,14,4,10"
4629475339,126,4,25,"2,4,5,7"
4630077180,126,4,25,"2,5,4,12"
4629480463,126,4,27,"2,5,4,3"
4629481317,126,4,27,"2,5,7,12"
4630083332,126,4,27,"5,2,9,17"
4629482943,126,4,27,"2,5,12,7"
4630085078,126,4,27,"5,2,4,17"
4630086040,126,4,27,"5,2,17,1"
4629485551,126,4,5,"3,17,1,8"
4630087348,126,4,5,"17,1,32,0"
4629486995,126,4,5,"5,4,2,10"
4629487815,126,4,5,"2,4,5,7"
4794785436,128,6,36,"5,2,7,4"
4794774272,128,6,11,"5,4,2,13"
4791698312,128,6,20,"5,2,13,4"
3299932927,134,1,2,"4,10,3,2"
3998784052,134,9,12,"4,5,2,7"
4901971227,156,7,31,"3,14,4,15"
4902558122,156,7,31,"3,4,14,25"
4902567658,156,7,31,"3,4,15,14"
4901990615,156,7,0,"3,4,14,15"
4902582524,156,7,0,"4,2,5,7"
4902586780,156,7,0,"4,2,5,10"
4902601166,156,7,8,"3,4,14,15"
4902038931,156,7,18,"3,14,4,15"
4902632206,156,7,18,"4,2,5,37"
4902050305,156,7,18,"3,4,18,25"
4902056363,156,7,18,"4,2,5,3"
4902059715,156,7,18,"4,5,2,7"
4901971283,156,7,31,"4,3,14,15"
4902572602,156,7,25,"5,2,4,6"
4901988825,156,7,0,"3,4,1,2"
4902008013,156,7,13,"4,2,31,28"
4904763003,156,7,0,"4,2,5,11"
4904764587,156,7,0,"4,5,2,7"
4904767089,156,7,13,"5,2,4,7"
4904769265,156,7,13,"5,2,4,12"
4905361966,156,7,8,"4,5,2,0"
4904775859,156,7,8,"5,4,2,17"
4904778965,156,7,8,"3,4,14,15"
4904780355,156,7,8,"4,5,2,7"
4904783667,156,7,8,"5,2,7,9"
4904784745,156,7,1,"4,2,5,7"
4905376130,156,7,1,"5,2,12,13"
4904788669,156,7,1,"4,5,2,7"
4904789769,156,7,1,"4,5,2,13"
4905381540,156,7,1,"5,2,12,7"
4904792763,156,7,1,"5,2,4,17"
4905385564,156,7,1,"5,4,2,10"
4905386902,156,7,1,"5,2,4,7"
4904798263,156,7,1,"4,5,2,7"
4904799405,156,7,1,"2,5,4,7"
4905390650,156,7,1,"4,5,2,7"
4905391900,156,7,1,"3,14,4,25"
4905393374,156,7,1,"4,5,2,7"
4905394698,156,7,1,"3,14,22,4"
4905396014,156,7,1,"2,5,7,17"
4904807195,156,7,1,"4,3,5,2"
4905398492,156,7,1,"4,3,2,5"
4905401042,156,7,8,"2,5,4,7"
4905402274,156,7,17,"4,5,2,19"
4904814759,156,7,17,"5,2,4,7"
4904817871,156,7,7,"4,5,2,11"
4905409054,156,7,7,"4,5,2,7"
4905412166,156,7,7,"4,5,2,7"
4904825101,156,7,17,"5,2,4,7"
4905416158,156,7,16,"4,5,2,19"
4904827477,156,7,16,"4,5,2,7"
4905418688,156,7,16,"5,2,4,27"
4905421146,156,7,16,"3,14,4,15"
4904833587,156,7,16,"3,4,14,15"
4905424932,156,7,24,"4,5,2,7"
4905427804,156,7,24,"5,4,2,7"
4904839523,156,7,24,"4,5,2,10"
4904842417,156,7,24,"5,2,4,1"
4904845555,156,7,3,"5,4,2,19"
4904848033,156,7,3,"4,5,2,11"
4905439996,156,7,3,"5,4,2,7"
4905442578,156,7,3,"4,5,2,11"
4905443640,156,7,3,"3,4,14,15"
4904855539,156,7,3,"3,4,14,15"
4904856637,156,7,3,"4,5,2,11"
4905449406,156,7,3,"4,5,2,11"
4904859965,156,7,3,"4,5,2,13"
4905452724,156,7,3,"4,5,2,13"
4904864777,156,7,3,"3,4,14,15"
4904867163,156,7,3,"4,5,2,11"
4905459260,156,7,3,"3,4,24,2"
4905460396,156,7,24,"4,5,2,10"
4904870871,156,7,31,"3,14,4,22"
4905463208,156,7,25,"14,4,3,16"
4904874135,156,7,25,"14,3,4,16"
10763932803,157,10,19,"4,3,15,14"
10763758376,157,10,19,"4,3,15,14"
10776315545,157,10,3,"4,2,5,20"
6945541774,167,3,2,"3,2,4,0"
7088703051,167,3,0,"4,5,19,2"
12016551006,180,7,25,"4,2,5,0"
12016564606,180,7,32,"14,3,15,4"
12016617716,180,7,4,"3,4,15,14"
4739649161,182,5,21,"4,2,5,28"
4740313836,182,5,7,"2,5,12,7"
4740315862,182,5,7,"2,4,31,5"
4739683565,182,5,7,"4,15,3,14"
4739686035,182,5,7,"4,3,14,15"
4739688513,182,5,7,"14,4,3,10"
4739690919,182,5,7,"3,4,14,15"
4740328452,182,5,7,"14,15,3,4"
4740330114,182,5,7,"5,2,4,6"
4740331422,182,5,7,"2,4,47,10"
4739698527,182,5,7,"2,5,4,12"
4739700303,182,5,7,"2,4,5,3"
4739702289,182,5,7,"5,2,4,11"
4739704797,182,5,7,"2,4,5,3"
4739706843,182,5,7,"4,2,3,10"
4739710869,182,5,7,"4,2,5,10"
4739709271,182,5,7,"4,3,2,1"
4740348696,182,5,7,"5,2,4,17"
4740354342,182,5,7,"3,14,15,37"
4740356950,182,5,7,"3,4,15,14"
4739723261,182,5,7,"3,4,37,25"
6783182848,184,1,11,"0,3,5,2"
6783176002,184,1,24,"4,5,2,6"
6929307325,184,1,17,"4,3,2,5"
6929287059,184,1,29,"4,5,2,3"
6783186566,184,1,29,"4,3,15,14"
4519219526,197,3,21,"2,5,4,6"
4518584499,197,3,21,"5,2,4,6"
4518584933,197,3,27,"5,2,4,7"
4518585109,197,3,27,"5,2,12,7"
4519220462,197,3,27,"5,2,13,4"
4519220660,197,3,27,"3,4,18,2"
4518585737,197,3,27,"4,2,5,7"
4518585939,197,3,27,"5,4,2,6"
4518586079,197,3,27,"5,4,2,7"
4519221396,197,3,27,"2,5,12,4"
4519221548,197,3,27,"4,2,5,3"
4519222788,197,3,8,"14,3,4,16"
4519223084,197,3,7,"5,4,2,7"
4518588115,197,3,7,"5,2,4,7"
4519223492,197,3,7,"3,4,14,18"
4518588473,197,3,7,"4,5,2,11"
4518588633,197,3,7,"4,3,14,2"
4519224026,197,3,7,"4,3,2,14"
4518589027,197,3,7,"5,4,2,7"
4519224372,197,3,7,"4,5,2,10"
4518589367,197,3,7,"5,2,4,7"
4519224938,197,3,7,"4,3,2,25"
4519225136,197,3,7,"2,5,4,7"
4519225320,197,3,7,"4,5,2,7"
4518590271,197,3,7,"5,4,2,11"
4519225668,197,3,7,"4,3,18,25"
4518590559,197,3,7,"4,5,2,10"
4518590743,197,3,7,"2,5,4,7"
4519226168,197,3,7,"4,5,2,11"
4519226346,197,3,17,"3,14,4,15"
4518591239,197,3,8,"4,2,5,7"
4518591615,197,3,8,"4,3,0,5"
4519227042,197,3,13,"4,5,2,10"
4519227222,197,3,13,"4,2,3,5"
4519227414,197,3,11,"5,4,2,10"
4519227592,197,3,11,"5,4,2,11"
4518592531,197,3,0,"4,5,2,12"
4519228608,197,3,0,"4,2,5,11"
4519231112,197,3,24,"4,5,2,10"
4518596117,197,3,24,"4,5,2,7"
4518599923,197,3,31,"4,2,5,11"
4519235066,197,3,31,"5,2,4,7"
4519235208,197,3,31,"4,3,10,2"
4518600471,197,3,31,"4,3,14,10"
4518600633,197,3,24,"5,2,4,10"
4518600835,197,3,24,"4,5,2,7"
4519235870,197,3,24,"4,2,5,12"
4518601145,197,3,16,"14,3,4,15"
4518601297,197,3,16,"3,4,14,15"
4519236376,197,3,16,"14,3,15,4"
4519236564,197,3,16,"3,14,4,15"
4518601789,197,3,16,"14,3,4,16"
4518601957,197,3,16,"14,3,4,63"
4519237002,197,3,16,"3,14,15,4"
4519237160,197,3,16,"14,3,4,53"
4518602457,197,3,16,"14,3,4,16"
4519237502,197,3,16,"3,4,14,15"
4518602849,197,3,16,"3,14,4,15"
4518603021,197,3,16,"3,14,4,15"
4518603209,197,3,2,"4,2,11,5"
4519238290,197,3,2,"2,5,4,6"
4518603585,197,3,2,"4,3,25,14"
4519238640,197,3,2,"4,2,5,11"
4518604095,197,3,2,"4,3,2,10"
7182246354,198,4,24,"4,5,2,7"
7182250416,198,4,2,"5,2,4,13"
7182260292,198,4,2,"4,5,2,0"
7147921143,198,4,25,"2,5,4,7"
7147933361,198,4,17,"5,2,4,6"
7001852786,198,4,8,"8,5,2,4"
7182272112,198,4,1,"5,2,4,8"
7182275784,198,4,1,"3,4,14,25"
7001862332,198,4,8,"4,2,5,3"
7182281528,198,4,7,"5,4,2,10"
7147958517,198,4,5,"4,5,2,7"
7001872858,198,4,20,"4,5,2,13"
7001875716,198,4,20,"5,2,13,12"
7001877290,198,4,4,"4,5,2,7"
7003089760,198,4,14,"5,2,4,7"
7149185871,198,4,14,"5,2,4,13"
7908170074,199,7,23,"4,15,3,14"
7908171332,199,7,23,"3,14,15,4"
7908172612,199,7,23,"3,14,4,15"
7908173848,199,7,23,"4,3,15,14"
7908175178,199,7,23,"3,4,14,15"
7908176560,199,7,23,"15,4,3,33"
7908177856,199,7,23,"4,3,15,5"
7908179322,199,7,23,"3,4,14,15"
7908205796,199,7,15,"4,2,5,10"
7908207150,199,7,15,"4,2,3,14"
7908208658,199,7,15,"4,2,5,3"
7908213704,199,7,10,"2,4,5,1"
7908215242,199,7,10,"5,2,4,7"
7908216944,199,7,10,"5,2,4,7"
7908219138,199,7,10,"3,4,2,5"
7908221006,199,7,10,"5,4,2,7"
7908225366,199,7,11,"5,2,4,7"
7908226868,199,7,11,"5,2,4,8"
7908228416,199,7,11,"5,2,8,4"
7908230346,199,7,11,"5,8,17,2"
7908232156,199,7,11,"0,1,3,32"
7908233756,199,7,11,"5,4,2,7"
7908235552,199,7,0,"5,4,2,12"
7908236806,199,7,13,"4,14,3,10"
7908238256,199,7,13,"4,3,2,14"
7908239634,199,7,13,"4,3,2,10"
7908240890,199,7,13,"5,2,4,12"
7908242024,199,7,13,"4,5,2,6"
7908243258,199,7,13,"4,5,2,7"
7908244410,199,7,13,"5,2,4,13"
7908245510,199,7,13,"5,2,12,13"
7908249750,199,7,13,"4,2,5,7"
7908250952,199,7,13,"4,5,2,28"
7908252346,199,7,25,"5,2,4,1"
7908253734,199,7,25,"0,3,1,32"
7908255150,199,7,25,"4,2,5,10"
7908256730,199,7,25,"4,5,2,11"
7908258144,199,7,25,"14,3,15,4"
7908259670,199,7,24,"4,2,5,10"
7908260968,199,7,24,"5,4,2,19"
7908262206,199,7,24,"5,4,2,7"
7908263402,199,7,24,"5,4,2,10"
7908264650,199,7,24,"4,5,2,7"
7908266132,199,7,24,"4,5,2,7"
7908267742,199,7,24,"4,5,2,7"
7908268810,199,7,24,"4,5,2,10"
7908270092,199,7,24,"5,2,13,12"
7908271452,199,7,24,"5,2,4,13"
7908272986,199,7,2,"0,1,5,32"
7908274382,199,7,2,"5,2,4,1"
7908276038,199,7,2,"5,8,2,17"
7908277328,199,7,2,"4,11,10,5"
7908280256,199,7,4,"4,2,5,11"
7908281444,199,7,4,"4,5,2,7"
7908282714,199,7,4,"4,5,2,7"
7908283774,199,7,20,"5,2,12,13"
7908285120,199,7,20,"5,2,4,7"
7908286448,199,7,20,"5,2,4,12"
7908287940,199,7,20,"5,2,4,7"
7908289518,199,7,27,"5,2,4,7"
7908290630,199,7,27,"4,5,2,10"
7908292086,199,7,29,"5,2,17,7"
7908293498,199,7,29,"5,2,9,7"
7908294724,199,7,29,"2,5,12,7"
7908296052,199,7,27,"5,2,12,7"
7908297358,199,7,27,"5,2,7,4"
7908301240,199,7,12,"5,2,0,1"
7908302708,199,7,12,"5,2,4,7"
7908304258,199,7,12,"3,4,5,2"
7908305502,199,7,1,"5,4,2,7"
7908306798,199,7,1,"4,5,2,7"
7908307866,199,7,17,"4,5,2,7"
7908309182,199,7,17,"5,4,2,7"
7908310142,199,7,17,"4,2,10,3"
7908311494,199,7,17,"2,5,4,7"
7908312834,199,7,17,"5,2,7,4"
7908314088,199,7,17,"5,2,7,4"
7908315516,199,7,7,"4,3,10,14"
7908316654,199,7,7,"4,5,2,11"
7908321442,199,7,20,"4,5,2,13"
7908322870,199,7,20,"4,5,15,2"
7908324150,199,7,20,"4,5,15,3"
7908325514,199,7,20,"4,5,2,13"
7908326638,199,7,20,"4,5,15,3"
6055118971,207,7,11,"3,4,14,34"
6075660895,207,7,27,"4,3,14,45"
498262803,211,3,17,"2,4,7,5"
498229538,211,3,17,"4,3,14,15"
498229630,211,3,17,"4,3,2,25"
498263041,211,3,17,"3,4,14,10"
498229772,211,3,17,"4,5,2,7"
498263199,211,3,7,"4,5,2,11"
5497733704,212,1,3,"3,14,4,15"
5497734144,212,1,3,"3,14,4,15"
5497141159,212,1,28,"3,4,14,15"
5497142859,212,1,27,"5,2,12,9"
5497143583,212,1,3,"14,4,3,15"
5497737588,212,1,3,"5,2,4,20"
5497738508,212,1,3,"3,4,14,15"
5497145221,212,1,3,"4,5,2,13"
5497739146,212,1,3,"14,3,4,15"
5497739502,212,1,3,"14,3,4,15"
9040871115,214,5,11,"13,5,2,4"
9040887201,214,5,8,"5,2,13,12"
3017015568,224,10,7,"4,5,2,19"
3300552339,224,1,0,"4,5,2,10"
3300554307,224,1,0,"4,5,2,19"
11870366953,224,0,2,"3,14,4,10"
8783779195,225,4,13,"4,15,14,3"
8766948939,225,4,11,"4,5,13,2"
8134568102,228,9,0,"5,4,2,8"
10332927776,228,9,29,"0,1,3,17"
10332913984,228,9,29,"5,2,1,17"
10332937996,228,9,27,"5,2,17,1"
10333097623,228,9,27,"17,2,5,3"
4919522737,239,11,25,"3,14,4,15"
4919529259,239,11,25,"4,3,15,14"
4919537005,239,11,11,"5,2,4,10"
4920142650,239,11,25,"4,2,5,3"
4920149104,239,11,21,"4,5,2,12"
3629374100,241,4,4,"5,2,12,4"
3963327925,241,4,28,"4,5,2,10"
3967260326,241,4,27,"5,2,4,8"
3834506865,241,4,5,"4,10,3,11"
4083228603,241,4,21,"4,2,5,7"
3967262916,241,4,17,"9,3,5,1"
4141559090,241,4,17,"4,5,2,19"
3889329679,241,4,7,"4,3,14,15"
4136638871,241,4,7,"14,3,4,10"
4140802149,241,4,7,"3,14,15,4"
3972398887,241,4,7,"3,4,14,15"
4139806072,241,4,17,"5,2,4,7"
3868484651,241,4,17,"4,2,5,7"
3533971241,241,4,7,"4,5,2,7"
4098774723,241,4,8,"5,2,17,8"
3889330925,241,4,8,"4,3,2,23"
3585898620,241,4,7,"14,4,3,15"
3973168470,241,4,7,"3,14,4,15"
3963328945,241,4,17,"2,5,0,1"
3835299706,241,4,11,"5,4,2,13"
4083990606,241,4,13,"5,2,4,13"
4098775165,241,4,0,"4,5,2,7"
4139807248,241,4,13,"5,4,2,12"
4140802927,241,4,4,"3,4,15,14"
4083991386,241,4,4,"3,4,15,24"
4139046655,241,4,31,"3,14,4,15"
3972400665,241,4,31,"3,14,15,4"
3966486103,241,4,31,"4,5,2,10"
3629375792,241,4,25,"5,2,4,7"
4098775835,241,4,25,"3,4,14,15"
4137405372,241,4,25,"3,14,4,15"
3889331791,241,4,25,"4,3,14,15"
3869266800,241,4,25,"3,15,14,4"
3834545743,241,4,25,"3,14,4,15"
4137406106,241,4,25,"2,5,7,4"
4141561934,241,4,25,"4,5,2,11"
3972401291,241,4,25,"2,5,4,7"
4139047063,241,4,25,"5,2,4,11"
3534788414,241,4,30,"4,3,14,15"
5328834304,245,11,7,"4,5,15,3"
5309358677,245,11,11,"4,3,5,14"
5302404258,245,11,7,"2,5,7,61"
5266711685,245,11,17,"4,5,2,10"
205963278,246,7,27,"2,5,4,17"
205963281,246,7,27,"5,2,9,12"
205963283,246,7,0,"5,4,2,8"
207021189,246,7,4,"3,15,4,14"
12000604366,250,10,21,"4,2,5,31"
12000167824,250,10,11,"4,5,2,13"
12000621716,250,10,1,"5,2,4,7"
12000173344,250,10,8,"5,2,4,8"
11999815395,250,10,8,"4,5,2,19"
13678597053,255,3,29,"4,5,2,3"
13678584515,255,3,1,"3,15,14,9"
13703705165,255,3,24,"4,5,2,10"
13703773165,255,3,11,"4,5,10,11"
13704179714,255,3,11,"3,14,4,15"
13703903385,255,3,25,"3,14,4,15"
13711482113,255,3,24,"4,3,5,2"
13711918734,255,3,25,"3,4,14,15"
13711608193,255,3,17,"4,3,14,10"
13718003733,255,3,1,"4,14,3,5"
13718033763,255,3,1,"3,4,14,2"
13718084975,255,3,1,"4,5,2,3"
13905875092,255,3,11,"4,3,10,30"
8257631687,260,10,24,"5,2,4,6"
8258677050,260,10,24,"5,2,12,6"
8257611197,260,10,2,"4,3,2,14"
8258698930,260,10,9,"5,2,4,1"
8258699814,260,10,24,"5,2,9,6"
8258698182,260,10,19,"4,3,2,10"
8258697542,260,10,19,"4,3,2,18"
8258696824,260,10,19,"5,2,4,6"
8257628025,260,10,22,"5,2,7,6"
8257628693,260,10,22,"2,5,7,12"
8258695382,260,10,22,"5,4,2,7"
8258694900,260,10,22,"2,5,7,4"
8258694038,260,10,22,"5,2,8,17"
8258692774,260,10,22,"4,5,2,3"
8670874479,260,10,22,"4,5,3,2"
8257622925,260,10,22,"2,5,3,4"
8257622529,260,10,22,"5,2,4,7"
8258688622,260,10,22,"5,4,2,7"
8258687656,260,10,22,"5,4,2,7"
8257618405,260,10,4,"5,4,2,6"
8724073777,260,4,8,"4,5,3,2"
3270596087,265,0,7,"5,4,2,7"
3271416634,265,0,7,"4,2,5,10"
3270596489,265,0,7,"4,2,5,10"
3271424482,265,0,34,"3,14,4,15"
3270604277,265,0,3,"4,5,2,11"
3270604617,265,0,3,"3,14,15,4"
3271425344,265,0,2,"3,4,2,5"
3271425548,265,0,2,"4,5,2,11"
3271425748,265,0,3,"4,5,2,10"
9352778948,269,3,0,"5,2,13,20"
9350006713,269,3,0,"5,2,4,12"
9350074345,269,3,0,"5,4,2,7"
9350082175,269,3,0,"5,2,4,7"
9352869628,269,3,0,"5,4,2,7"
9352880368,269,3,0,"4,5,2,21"
9352892280,269,3,0,"4,5,2,21"
9352904378,269,3,0,"3,4,2,0"
9352916274,269,3,0,"3,17,1,4"
9350149769,269,3,0,"3,14,4,0"
9352941692,269,3,0,"3,4,14,2"
9352955812,269,3,0,"3,4,2,1"
9352969060,269,3,0,"3,14,4,22"
9353318438,269,3,20,"5,13,2,12"
9353331402,269,3,20,"5,2,13,12"
9353342022,269,3,20,"2,5,12,13"
9353353262,269,3,20,"2,5,4,12"
4043163333,270,9,19,"15,3,4,14"
4316242182,270,0,19,"3,14,4,22"
4316260920,270,0,19,"14,3,4,15"
4708319265,270,5,37,"3,4,14,15"
5675627006,270,4,16,"14,3,4,15"
5675062937,270,4,16,"14,3,15,4"
5675062269,270,4,24,"4,3,14,15"
5675061845,270,4,16,"14,3,4,15"
8171530071,270,9,5,"4,2,5,12"
8171532405,270,9,19,"14,3,4,15"
8217173445,270,10,19,"14,3,22,15"
8266699044,270,11,13,"5,12,2,4"
8288587067,270,11,19,"14,15,3,4"
8287537424,270,11,4,"5,2,12,39"
8289655916,270,11,4,"4,5,2,7"
8321394855,270,11,4,"4,2,5,19"
8670589551,270,3,9,"8,3,4,2"
8670589777,270,3,9,"17,8,3,1"
8670589933,270,3,9,"4,2,5,17"
7901824786,273,7,3,"14,4,3,15"
7901827958,273,7,3,"4,14,3,20"
7901834970,273,7,3,"4,5,2,6"
7901838926,273,7,10,"0,4,3,1"
7901842786,273,7,25,"4,5,3,2"
7901847184,273,7,13,"2,5,4,12"
7901851660,273,7,13,"2,5,12,13"
7901857080,273,7,8,"2,5,17,1"
7901861088,273,7,8,"5,2,4,13"
7901865008,273,7,1,"5,2,4,13"
4499133896,274,6,4,"4,5,2,3"
4499133914,274,6,18,"4,5,2,10"
4499097614,274,6,18,"5,2,4,7"
4499097588,274,6,18,"5,2,4,7"
6368705705,274,2,4,"4,3,14,10"
6375996545,274,2,4,"3,24,4,14"
6404870601,274,2,18,"4,5,2,7"
6399293555,274,2,18,"5,4,2,10"
6382574373,274,2,27,"5,4,2,6"
272998930,286,9,11,"5,2,4,11"
272998983,286,9,11,"5,2,4,11"
272999046,286,9,2,"2,5,1,17"
272999117,286,9,2,"5,2,3,1"
272999170,286,9,2,"3,17,5,2"
272999212,286,9,2,"4,5,2,7"
272999240,286,9,24,"5,4,2,7"
2650313287,291,6,33,"4,15,5,13"
4072642255,291,10,23,"4,2,5,10"
4076100166,291,10,20,"3,4,15,14"
4579257920,291,3,5,"2,5,4,12"
4709963726,291,5,30,"4,3,15,14"
6153318007,291,8,15,"4,2,5,3"
4543453161,293,1,25,"3,4,14,16"
4503005218,293,3,14,"3,2,4,5"
4503005312,293,3,14,"2,5,4,7"
4502371059,293,3,14,"2,4,5,3"
4503005568,293,3,14,"2,5,4,3"
4503005742,293,3,14,"2,5,3,39"
4502371567,293,3,14,"2,5,12,7"
4503006276,293,3,14,"2,4,3,5"
4503006868,293,3,14,"2,5,12,4"
4503007144,293,3,14,"3,4,2,14"
4608920126,293,4,19,"3,4,14,23"
4608920130,293,4,19,"3,14,4,45"
4608920136,293,4,19,"3,14,4,45"
4842767003,293,6,1,"14,3,4,15"
5489518815,293,1,7,"4,3,14,31"
5827747147,293,3,23,"3,4,2,34"
5828295994,293,3,23,"3,4,14,34"
5827748861,293,3,23,"2,5,4,3"
5827749707,293,3,23,"3,4,34,2"
5827750391,293,3,23,"4,5,2,3"
5679583695,293,3,0,"22,4,3,5"
5679584229,293,3,0,"4,5,2,0"
5679584941,293,3,0,"4,5,2,0"
5680147120,293,3,0,"4,5,2,3"
5680150010,293,3,0,"4,5,2,0"
5680148784,293,3,0,"5,2,4,7"
5679590433,293,3,0,"5,2,4,0"
5679590897,293,3,0,"4,5,2,3"
5680152316,293,3,25,"4,5,2,3"
5680152914,293,3,25,"3,4,14,36"
5680153870,293,3,31,"3,4,24,15"
7638244470,297,3,4,"14,3,15,4"
7638252736,297,3,4,"3,4,15,14"
7638231248,297,3,20,"4,2,5,10"
6955658570,297,3,14,"5,2,12,4"
8331109692,298,11,25,"5,4,2,11"
8331117822,298,11,31,"4,3,15,14"
2893820778,311,8,0,"5,13,4,2"
2892980251,311,8,0,"3,4,14,23"
2893819822,311,8,0,"3,14,4,15"
2892976785,311,8,25,"4,5,2,11"
2893819444,311,8,0,"4,2,3,5"
2893818872,311,8,0,"4,3,15,14"
2892977219,311,8,0,"3,14,4,15"
4423438666,311,8,25,"3,4,15,14"
4422673563,311,8,25,"3,15,14,4"
2891186946,311,8,7,"3,14,4,15"
2893816138,311,8,25,"4,2,5,12"
2519490515,316,4,8,"5,2,4,0"
2519489647,316,4,8,"4,5,2,8"
2520308810,316,4,8,"5,2,4,13"
2519488057,316,4,8,"2,4,5,7"
2520307296,316,4,8,"4,5,2,7"
2519486553,316,4,8,"4,3,14,15"
2519485739,316,4,8,"4,3,14,15"
2520305026,316,4,8,"5,2,4,12"
2519484287,316,4,8,"2,5,7,12"
2520303792,316,4,8,"4,2,5,7"
2519482643,316,4,8,"4,2,5,7"
2520302062,316,4,8,"2,5,12,17"
2520301150,316,4,8,"2,5,4,17"
2519479981,316,4,8,"2,5,4,7"
2519479099,316,4,8,"5,2,4,8"
2520298602,316,4,8,"5,2,4,7"
2519477537,316,4,8,"2,5,4,12"
2519476751,316,4,7,"5,2,4,7"
2519475757,316,4,7,"3,4,23,15"
2520295444,316,4,17,"5,2,4,17"
2519474265,316,4,17,"4,5,2,10"
2519473535,316,4,17,"5,2,4,7"
2520293280,316,4,8,"4,3,2,14"
2519471591,316,4,8,"4,3,2,34"
2519468851,316,4,13,"5,4,2,12"
2519468167,316,4,13,"2,4,5,7"
2519467317,316,4,13,"4,2,5,3"
2519466645,316,4,13,"4,2,5,3"
2520286156,316,4,13,"4,3,14,22"
2520594505,316,4,4,"3,4,15,14"
2520592473,316,4,4,"4,3,15,14"
2521409740,316,4,4,"4,3,15,14"
2521406566,316,4,25,"4,2,5,10"
2520585837,316,4,25,"4,2,5,10"
2520584023,316,4,25,"4,2,5,10"
2521401584,316,4,25,"4,2,3,5"
2520580603,316,4,25,"4,2,5,3"
2521398166,316,4,25,"4,15,14,3"
2521396760,316,4,25,"4,3,14,15"
2520575981,316,4,25,"4,3,15,5"
2520574949,316,4,25,"4,3,15,14"
2521393470,316,4,25,"3,14,15,4"
2521391940,316,4,25,"15,4,3,14"
2521390874,316,4,25,"4,3,15,14"
2521389642,316,4,25,"4,2,3,5"
2520567915,316,4,25,"3,4,14,2"
2520566277,316,4,25,"4,10,2,5"
8843397025,329,4,10,"5,2,13,4"
8807906392,329,4,10,"5,2,13,4"
8843217041,329,4,19,"3,15,4,5"
8807843870,329,4,19,"3,15,4,5"
8843169021,329,4,19,"3,4,2,23"
8807830456,329,4,19,"3,4,2,23"
8797246323,329,4,19,"3,4,14,15"
8840261327,329,4,19,"3,4,14,15"
8840206635,329,4,19,"2,5,9,17"
8807825058,329,4,19,"2,5,9,17"
8807822260,329,4,19,"2,4,5,7"
8840625238,329,4,19,"2,4,5,7"
8807819916,329,4,19,"4,3,2,14"
8840613850,329,4,19,"4,3,2,14"
8807817222,329,4,19,"4,3,2,14"
8843832358,329,4,19,"4,3,2,14"
8797233383,329,4,19,"3,15,14,4"
8843202727,329,4,19,"3,15,14,4"
8797231001,329,4,19,"3,14,15,4"
8843191265,329,4,19,"3,14,15,4"
8839948769,329,4,19,"3,14,15,4"
8807809758,329,4,19,"3,14,15,4"
8840540892,329,4,19,"3,14,4,25"
8797225289,329,4,19,"3,14,4,25"
8839904403,329,4,19,"3,4,14,15"
8807803376,329,4,19,"3,4,14,15"
8797219115,329,4,19,"4,3,15,5"
8843183743,329,4,19,"4,3,15,5"
8838220521,329,4,17,"4,2,5,11"
8797192709,329,4,17,"4,2,5,11"
8797189765,329,4,17,"4,3,14,11"
8838203163,329,4,17,"4,3,14,11"
8807749886,329,4,20,"3,17,1,32"
8837147407,329,4,20,"3,17,1,32"
8797165369,329,4,20,"3,14,4,15"
8837124139,329,4,20,"3,14,4,15"
8837137065,329,4,20,"3,14,4,15"
8837066054,329,4,20,"3,4,14,27"
8807742686,329,4,20,"3,4,14,27"
8835464902,329,4,20,"5,4,2,11"
8797157443,329,4,20,"5,4,2,11"
8797145171,329,4,20,"3,15,4,14"
8835444204,329,4,20,"3,15,4,14"
3901210484,331,8,33,"5,2,4,7"
3987365537,331,9,4,"4,5,2,19"
4014929296,331,9,15,"4,5,2,3"
4051640983,331,9,33,"4,3,14,31"
4051641539,331,9,33,"3,4,10,45"
4052387500,331,9,33,"3,1,32,17"
4052387820,331,9,33,"4,5,2,10"
4051643073,331,9,33,"4,5,2,7"
4051643657,331,9,33,"2,5,3,4"
5201118064,331,10,33,"4,5,2,7"
6707800135,340,11,23,"4,3,2,5"
6707799467,340,11,26,"4,3,15,14"
6789154723,340,0,19,"4,15,3,5"
6789154847,340,0,19,"4,15,3,14"
2272052659,347,1,24,"5,4,2,12"
2272846284,347,1,2,"3,4,2,0"
8511710463,352,1,0,"4,5,2,7"
8514452249,352,1,1,"5,4,2,13"
9877405704,365,7,25,"4,5,10,11"
9877407156,365,7,8,"5,4,2,13"
9877425996,365,7,8,"4,5,2,3"
9877520723,365,7,1,"5,2,4,13"
9877414286,365,7,0,"5,4,2,13"
9581594121,370,4,0,"5,4,2,19"
9584465416,370,4,8,"5,2,4,12"
9584429810,370,4,8,"5,2,4,12"
8047273936,375,8,25,"4,5,2,10"
8047317341,375,8,1,"5,2,4,12"
8047309643,375,8,1,"5,2,4,12"
8047312719,375,8,1,"5,2,4,7"
8047384527,375,8,1,"5,2,12,6"
8047328166,375,8,1,"5,2,12,4"
8047331744,375,8,1,"5,2,12,4"
8047330839,375,8,1,"5,12,2,4"
8047343616,375,8,8,"5,2,7,12"
8047370626,375,8,8,"5,2,7,4"
8047342991,375,8,8,"5,2,4,6"
8047363904,375,8,7,"5,2,4,7"
8047352200,375,8,7,"4,5,2,7"
8047364026,375,8,8,"4,3,2,5"
8047401823,375,8,8,"4,3,2,5"
8047398564,375,8,8,"4,3,15,14"
5151174386,376,9,7,"5,2,17,8"
5151174890,376,9,17,"4,2,5,11"
5151176048,376,9,7,"3,14,15,4"
5150566247,376,9,7,"4,5,10,2"
5150566877,376,9,13,"2,4,5,7"
5150567501,376,9,10,"3,14,15,4"
5150568153,376,9,10,"4,14,3,15"
5150568899,376,9,4,"3,15,14,4"
5150569489,376,9,20,"2,4,5,17"
5150572649,376,9,24,"4,5,2,7"
5151183936,376,9,16,"4,10,2,5"
5150574037,376,9,3,"5,2,4,7"
5150574687,376,9,17,"4,3,5,15"
5151185974,376,9,7,"4,3,14,15"
5151187494,376,9,8,"2,5,4,17"
5151188328,376,9,8,"2,5,7,39"
5151189058,376,9,1,"4,3,14,10"
5150579007,376,9,1,"4,3,2,10"
5150579723,376,9,1,"4,2,5,10"
5151191232,376,9,1,"5,2,17,1"
5150581013,376,9,13,"3,2,5,4"
5150582567,376,9,25,"4,5,2,10"
5150583327,376,9,25,"4,2,5,7"
5151194982,376,9,6,"4,2,5,7"
5150584889,376,9,6,"4,3,28,27"
5150587137,376,9,0,"5,4,2,28"
5150593655,376,9,10,"5,4,3,1"
5150594361,376,9,7,"3,4,14,10"
5150595067,376,9,7,"3,14,4,15"
5150595631,376,9,17,"5,4,2,7"
5151206766,376,9,7,"2,5,4,7"
7924091986,384,7,3,"0,1,2,5"
8087294570,384,7,16,"5,4,2,19"
8087319294,384,7,22,"3,4,14,39"
8087322263,384,7,22,"4,2,5,7"
8087325376,384,7,22,"5,2,7,8"
8087328653,384,7,22,"5,2,4,1"
8087331179,384,7,22,"3,14,4,16"
8087333857,384,7,22,"5,2,7,4"
8087337266,384,7,22,"5,2,4,7"
8087341021,384,7,22,"4,2,5,3"
8087343422,384,7,22,"4,2,3,5"
8087345905,384,7,22,"3,4,18,14"
8087349847,384,7,22,"17,2,5,1"
8087354705,384,7,22,"5,2,4,7"
8087364165,384,7,22,"4,2,5,0"
8087366929,384,7,22,"5,2,4,0"
8089404106,384,7,22,"5,2,4,1"
8087395745,384,7,22,"2,5,4,1"
8087398436,384,7,22,"3,4,14,39"
8087400221,384,7,22,"5,2,4,8"
8087403416,384,7,22,"4,3,14,2"
8087406415,384,7,22,"5,2,4,1"
8087408793,384,7,22,"4,2,5,1"
8087411024,384,7,22,"5,2,4,0"
8087413833,384,7,22,"5,2,7,4"
8087415820,384,7,22,"4,5,2,10"
8087418812,384,7,22,"5,2,4,7"
8087421586,384,7,22,"5,2,4,7"
8087425928,384,7,22,"4,2,5,7"
8087427932,384,7,22,"5,2,7,8"
8087430094,384,7,22,"5,2,4,8"
8087431645,384,7,22,"2,5,4,7"
8087434062,384,7,22,"5,2,8,4"
8087437994,384,7,22,"2,5,4,7"
8087440557,384,7,22,"2,5,1,0"
8087442424,384,7,22,"3,4,14,15"
8087445458,384,7,22,"4,3,14,28"
8087447643,384,7,22,"3,4,14,2"
4993338039,385,5,29,"3,4,2,1"
4993338673,385,5,29,"3,4,17,1"
4993949156,385,5,29,"3,4,1,0"
4993344413,385,5,29,"4,2,5,3"
4993952866,385,5,29,"3,4,2,5"
4993953554,385,5,29,"4,3,24,2"
4993954214,385,5,29,"4,3,24,15"
4993954938,385,5,29,"4,3,14,27"
4993350213,385,5,29,"3,14,4,22"
4993956078,385,5,7,"2,5,4,7"
4993956788,385,5,7,"2,5,4,8"
4993352213,385,5,7,"3,4,14,2"
4993352971,385,5,7,"3,4,2,5"
4993958860,385,5,7,"3,4,0,2"
4993354399,385,5,7,"3,4,14,22"
4993354877,385,5,7,"4,3,14,22"
4993355417,385,5,7,"4,2,10,47"
4993355961,385,5,7,"4,2,5,3"
4993356519,385,5,7,"4,2,5,3"
4993962164,385,5,7,"4,3,2,5"
4993357983,385,5,7,"4,3,14,22"
4993358513,385,5,7,"2,5,4,11"
4993359379,385,5,7,"4,2,5,3"
4993968228,385,5,7,"3,4,14,22"
4993969228,385,5,7,"4,5,2,11"
4993364789,385,5,7,"4,5,2,11"
4993365685,385,5,7,"3,4,18,2"
4993971690,385,5,7,"4,3,14,10"
4993972468,385,5,7,"4,3,14,18"
4993973406,385,5,7,"4,3,2,18"
4993974028,385,5,5,"2,5,9,12"
4993370061,385,5,5,"5,3,2,1"
4993370907,385,5,5,"3,4,25,18"
4993372365,385,5,5,"4,3,14,25"
4993977880,385,5,5,"3,4,14,25"
4993375625,385,5,7,"4,5,2,10"
4849239098,385,5,5,"5,2,4,7"
4993407455,385,5,5,"3,14,37,51"
4848618623,385,5,5,"3,14,37,51"
4849240062,385,5,5,"3,4,14,8"
4848619741,385,5,5,"3,14,4,15"
4849241108,385,5,5,"14,3,4,15"
4849241628,385,5,5,"3,14,4,15"
4849242162,385,5,5,"4,3,2,5"
4849247632,385,5,5,"3,2,0,4"
4849248232,385,5,5,"3,2,4,5"
4848631945,385,5,18,"3,4,22,2"
4849253604,385,5,18,"3,4,2,22"
4849253958,385,5,18,"3,22,4,1"
4848633171,385,5,18,"4,3,2,10"
4849254596,385,5,18,"3,4,22,0"
4848633875,385,5,18,"3,4,1,0"
4849255258,385,5,18,"3,4,2,14"
4849255744,385,5,18,"3,4,14,15"
4849256168,385,5,18,"3,4,2,22"
4848635437,385,5,18,"3,22,4,14"
4848635895,385,5,18,"3,22,0,1"
4849257330,385,5,18,"3,4,22,2"
4849257666,385,5,18,"3,4,2,22"
4849258122,385,5,18,"3,4,14,15"
4849258696,385,5,18,"2,4,5,3"
4957860037,390,7,25,"4,2,5,10"
4958455858,390,7,25,"2,5,4,11"
4958458552,390,7,25,"2,5,4,25"
4957866673,390,7,25,"5,2,4,6"
4958461950,390,7,25,"2,4,5,12"
4958464688,390,7,25,"2,5,4,7"
4957873197,390,7,25,"3,4,2,5"
4957875851,390,7,25,"2,5,4,7"
4958471322,390,7,25,"4,2,5,10"
4958473254,390,7,25,"5,2,4,17"
4958476178,390,7,25,"4,5,2,10"
4957884543,390,7,25,"4,2,5,10"
4958480954,390,7,31,"5,2,4,7"
4957889261,390,7,31,"4,5,2,7"
4958493642,390,7,24,"5,2,4,7"
4957901175,390,7,24,"4,5,2,19"
4957902907,390,7,16,"14,3,4,15"
4958502258,390,7,30,"5,4,2,19"
4957910891,390,7,30,"4,5,2,19"
4957914275,390,7,11,"4,5,2,6"
4958511106,390,7,11,"4,5,2,7"
4957918891,390,7,11,"5,2,0,8"
4957922219,390,7,11,"5,2,4,8"
4958519310,390,7,11,"4,2,5,19"
4958523154,390,7,10,"4,2,5,7"
4958525556,390,7,15,"3,4,14,15"
4958527796,390,7,15,"5,2,11,4"
4957935635,390,7,10,"2,5,4,0"
4958533590,390,7,10,"15,3,14,4"
4958535730,390,7,10,"14,3,15,4"
4958538284,390,7,10,"3,4,15,14"
4957944743,390,7,10,"4,5,2,12"
4958541216,390,7,10,"5,2,4,12"
4958542898,390,7,10,"4,5,2,6"
4958544752,390,7,10,"5,2,4,6"
4958546838,390,7,10,"5,4,2,12"
4957953965,390,7,10,"5,4,2,6"
4958111939,390,7,8,"3,4,1,2"
4958114393,390,7,8,"3,4,25,2"
4958711556,390,7,8,"5,2,17,1"
4958713698,390,7,8,"4,5,2,10"
4958715802,390,7,8,"5,2,17,1"
4958123365,390,7,8,"5,2,17,8"
4958128615,390,7,8,"4,5,2,10"
4958131623,390,7,8,"5,2,8,4"
4958729610,390,7,8,"2,5,4,7"
4958731414,390,7,8,"4,5,2,7"
4958143429,390,7,7,"5,2,4,7"
4958145659,390,7,7,"4,5,2,7"
4958741822,390,7,7,"5,2,7,4"
4958149609,390,7,17,"2,5,7,12"
4958745258,390,7,17,"14,4,3,15"
4958747152,390,7,17,"4,10,14,3"
4958154815,390,7,7,"4,5,2,7"
4958750812,390,7,7,"5,2,4,10"
4958753326,390,7,7,"3,4,14,15"
4958161307,390,7,7,"4,3,14,15"
4958757522,390,7,7,"3,4,14,15"
4958759786,390,7,7,"3,4,14,15"
4958168795,390,7,7,"4,3,14,15"
4958170825,390,7,7,"3,14,4,15"
4958173177,390,7,7,"4,14,3,10"
4958769428,390,7,7,"3,4,14,15"
4958178599,390,7,7,"4,14,3,10"
4958774864,390,7,7,"4,3,14,15"
4958182545,390,7,7,"3,4,14,15"
4958184767,390,7,7,"5,2,4,7"
4958780856,390,7,7,"4,5,2,7"
4958785050,390,7,7,"4,5,2,7"
4958786564,390,7,7,"4,14,10,3"
4958194121,390,7,7,"4,3,14,10"
4958195915,390,7,7,"4,5,2,10"
4958197955,390,7,7,"4,3,10,2"
4958199851,390,7,7,"4,5,2,10"
4958201717,390,7,7,"4,5,2,10"
4958203513,390,7,7,"4,2,5,7"
4958213009,390,7,0,"5,4,2,7"
4958215953,390,7,0,"8,17,1,0"
4958814318,390,7,19,"4,5,2,7"
4958816532,390,7,19,"5,2,4,7"
4958224585,390,7,19,"4,5,2,7"
4958820610,390,7,19,"4,2,5,7"
4958229165,390,7,19,"4,5,2,11"
4958230741,390,7,25,"4,5,2,11"
4958827048,390,7,0,"2,5,4,19"
4957686493,390,8,25,"4,2,3,5"
12562990005,391,1,33,"4,5,2,3"
12569884605,391,1,33,"14,4,3,15"
12572452175,391,1,1,"4,14,3,15"
12574370834,391,1,1,"2,12,5,7"
12592036963,391,1,15,"3,14,4,15"
12616993833,391,1,24,"4,14,3,45"
12616878455,391,1,24,"14,4,3,15"
2605193430,395,3,17,"5,2,4,7"
2605196942,395,3,13,"2,4,5,7"
2570235083,395,4,24,"4,5,2,3"
2570237467,395,4,24,"4,2,5,22"
2570238465,395,5,16,"4,5,2,7"
2570241059,395,5,16,"4,3,22,2"
2570243971,395,5,24,"3,4,14,15"
2570261239,395,5,24,"3,22,4,14"
2571090024,395,5,24,"4,3,14,2"
2571092930,395,5,24,"4,5,2,7"
2571094362,395,5,24,"5,4,2,7"
2571095792,395,5,16,"4,2,5,3"
3586581862,395,4,9,"2,3,1,17"
10117480895,398,8,19,"4,5,2,10"
10117438694,398,8,19,"4,5,2,10"
10117441014,398,8,29,"13,4,5,2"
10117488785,398,8,29,"2,5,13,12"
10117537626,398,8,29,"4,5,3,2"
10117495615,398,8,29,"5,2,4,13"
10117613113,398,8,29,"5,2,4,17"
10117454694,398,8,29,"5,2,17,9"
10117618363,398,8,27,"4,3,15,14"
10117620953,398,8,27,"5,4,2,13"
10117556216,398,8,27,"4,2,5,13"
10117464724,398,8,27,"5,2,4,6"
10117513775,398,8,27,"5,2,4,10"
10117631063,398,8,27,"4,5,2,10"
10117566506,398,8,27,"5,2,4,7"
10117636743,398,8,27,"5,2,4,8"
10117570926,398,8,27,"4,5,13,2"
10117573056,398,8,27,"4,2,5,19"
10117583746,398,8,29,"3,15,4,14"
10117540835,398,8,29,"4,15,3,14"
10117656803,398,8,29,"3,4,15,14"
10117591566,398,8,29,"15,3,4,14"
10117646436,398,8,29,"5,2,4,13"
10117557594,398,8,29,"5,4,2,10"
10117719683,398,8,29,"5,2,9,4"
10117563024,398,8,29,"5,4,2,10"
10117613765,398,8,29,"4,5,2,15"
10121818604,398,8,13,"2,4,5,13"
10121935333,398,8,21,"2,5,13,4"
10121990836,398,8,20,"5,2,4,7"
10121972836,398,8,14,"4,10,5,2"
10121793054,398,8,14,"4,3,2,5"
10122004236,398,8,17,"5,2,4,7"
10121940475,398,8,7,"4,2,5,7"
10121952925,398,8,17,"14,3,4,10"
10121839065,398,8,17,"4,3,10,14"
10122009063,398,8,17,"4,2,10,5"
10121752684,398,8,7,"4,3,14,30"
10121941003,398,8,7,"3,4,14,15"
10121910215,398,8,7,"3,14,15,4"
10121950843,398,8,7,"3,15,4,14"
10122003733,398,8,7,"3,4,15,14"
10121862786,398,8,7,"3,4,14,15"
10121961675,398,8,7,"3,4,14,15"
10121874264,398,8,7,"3,14,4,15"
10121970495,398,8,7,"4,3,15,14"
10121967385,398,8,7,"4,3,15,14"
10121802344,398,8,7,"3,4,15,14"
10122018953,398,8,7,"4,3,14,15"
10122082223,398,8,7,"4,3,14,15"
10121842624,398,8,17,"5,2,4,7"
10121881095,398,8,17,"5,4,2,10"
10121859285,398,8,17,"5,2,4,6"
10121937645,398,8,17,"5,2,4,12"
10121909276,398,8,17,"4,5,2,6"
10121848454,398,8,17,"2,5,7,4"
10122088623,398,8,17,"5,2,4,7"
10121881024,398,8,7,"3,4,14,10"
10121830735,398,8,7,"3,4,14,24"
10122045923,398,8,16,"5,4,2,6"
10121895496,398,8,24,"5,2,4,10"
10121842705,398,8,24,"4,5,2,7"
10121809295,398,8,24,"2,5,4,7"
10121874745,398,8,24,"4,5,2,7"
10121918215,398,8,24,"5,2,4,7"
10121922193,398,8,24,"4,2,5,7"
10121810954,398,8,24,"2,5,4,7"
10122067353,398,8,24,"4,5,2,10"
10121814725,398,8,24,"5,2,4,7"
10121912456,398,8,24,"4,2,10,3"
10121993683,398,8,24,"4,3,14,15"
10122008896,398,8,24,"4,2,5,10"
10122024413,398,8,24,"4,2,5,10"
3013845309,401,9,2,"3,2,5,0"
3152214304,401,9,16,"4,5,2,3"
3017939820,401,9,3,"5,2,4,8"
3015689622,401,9,10,"2,4,5,12"
2979117821,401,9,25,"5,2,4,7"
2978052344,401,9,8,"4,5,2,15"
3022781953,401,9,3,"4,3,5,2"
3014861415,401,9,3,"3,15,14,4"
3003311685,401,9,3,"3,15,14,4"
3025418359,401,9,4,"3,4,15,5"
2984816217,401,9,6,"3,14,4,22"
8180589223,403,10,6,"4,3,15,14"
8183508041,403,10,3,"4,15,3,14"
8180597620,403,10,30,"4,3,14,31"
8180617548,403,10,29,"5,2,12,7"
8180614858,403,10,21,"4,2,5,31"
2848665936,413,8,4,"3,4,14,25"
2868447724,413,8,4,"15,14,3,4"
2864985209,413,8,25,"3,4,14,15"
2846524021,413,8,25,"5,2,6,12"
2847392414,413,8,25,"3,15,14,4"
2847439082,413,8,11,"4,5,2,6"
2847476364,413,8,11,"4,14,3,15"
2884035234,413,8,21,"4,3,14,28"
2898681195,413,8,33,"14,3,4,15"
2899678334,413,8,33,"3,4,14,10"
2899551844,413,8,4,"4,3,15,2"
32034024,416,6,0,"3,14,4,22"
32034683,416,6,0,"14,3,4,22"
32035529,416,6,0,"3,4,14,22"
32035926,416,6,27,"2,5,4,7"
32036323,416,6,27,"4,3,2,5"
32036709,416,6,25,"4,5,2,11"
32037590,416,6,27,"3,4,14,15"
32038147,416,6,18,"5,2,4,8"
32039037,416,6,30,"2,4,5,3"
32039537,416,6,30,"4,3,14,15"
32041338,416,6,27,"4,19,3,27"
32041872,416,6,27,"4,19,27,28"
32043727,416,6,0,"4,3,2,14"
32044224,416,6,0,"14,4,3,30"
32044593,416,6,0,"4,3,14,15"
32044964,416,6,0,"3,4,14,5"
32045418,416,6,0,"4,3,14,10"
32045859,416,6,0,"8,2,5,4"
32046465,416,6,0,"4,2,5,19"
32046996,416,6,13,"5,2,13,12"
32047544,416,6,13,"2,5,4,7"
32047966,416,6,17,"2,4,5,19"
32048743,416,6,17,"2,5,4,1"
32049089,416,6,7,"2,5,17,8"
32049463,416,6,7,"2,5,4,8"
32050142,416,6,7,"2,5,12,4"
32050444,416,6,7,"5,4,2,11"
32051372,416,6,7,"4,2,5,10"
32051758,416,6,7,"2,5,8,17"
32052208,416,6,7,"2,5,12,7"
32052652,416,6,7,"4,3,10,2"
32053384,416,6,7,"4,2,5,7"
32054523,416,6,7,"4,14,3,15"
32069204,416,6,14,"5,4,13,2"
32069786,416,6,14,"3,4,15,14"
2398870737,425,6,3,"4,5,2,7"
2398869807,425,6,18,"4,5,2,7"
2398885643,425,6,18,"3,4,19,27"
2399714586,425,6,10,"3,4,24,2"
2399704618,425,6,18,"3,4,2,14"
3106592821,425,11,18,"3,2,4,17"
3106596991,425,11,18,"4,3,2,16"
3106602297,425,11,18,"3,14,15,9"
3106605827,425,11,19,"2,4,5,0"
3107444130,425,11,19,"4,2,5,3"
3106634367,425,11,18,"5,4,2,7"
3107537452,425,11,18,"4,5,2,10"
3106710093,425,11,18,"4,5,2,10"
3107547616,425,11,18,"4,5,2,7"
3106719379,425,11,18,"4,5,2,7"
3107556184,425,11,18,"4,5,2,10"
3100310843,425,11,18,"4,14,15,3"
3784710202,425,6,11,"2,5,4,1"
3783902039,425,6,11,"4,2,5,8"
3784714022,425,6,11,"5,4,2,8"
3783906427,425,6,11,"8,2,5,4"
3783908697,425,6,11,"4,5,2,7"
3784720930,425,6,11,"3,14,4,15"
3783913089,425,6,11,"4,3,15,14"
3784725712,425,6,11,"4,3,15,14"
3784728454,425,6,11,"3,14,4,15"
3783920357,425,6,11,"3,4,14,15"
3784734374,425,6,11,"3,14,15,4"
3784736968,425,6,11,"3,14,4,15"
3783929571,425,6,11,"3,14,9,15"
3783932215,425,6,11,"3,15,4,14"
3784745138,425,6,11,"3,4,15,14"
3783938641,425,6,11,"3,4,15,14"
3784751602,425,6,11,"4,3,15,14"
3783944337,425,6,11,"4,3,14,15"
3784756756,425,6,24,"5,4,2,19"
3783949183,425,6,24,"3,4,14,18"
3783951285,425,6,19,"5,2,4,1"
3783953235,425,6,19,"3,4,14,10"
3783955083,425,6,19,"2,5,4,7"
3784767156,425,6,19,"3,4,15,14"
3784770034,425,6,19,"4,3,15,14"
3784772600,425,6,19,"4,3,15,14"
3783965707,425,6,19,"4,3,15,14"
3783967931,425,6,19,"3,4,14,15"
3783970557,425,6,19,"14,3,4,15"
3784782476,425,6,19,"3,14,4,15"
3783974905,425,6,19,"3,14,15,4"
3784786790,425,6,19,"3,4,14,15"
3784789726,425,6,19,"0,3,1,32"
3783981335,425,6,19,"3,4,2,5"
3783983847,425,6,19,"2,3,5,4"
3784797052,425,6,19,"4,2,5,3"
3784801050,425,6,18,"5,2,4,13"
4826273441,425,6,18,"5,4,2,10"
6062935629,425,7,5,"4,5,2,10"
6063486416,425,7,5,"3,15,14,9"
6063488572,425,7,5,"3,14,8,4"
6063490802,425,7,5,"3,17,1,9"
1272796395,430,6,22,"5,2,4,6"
1126296038,430,6,28,"3,14,4,15"
7734131476,432,7,13,"4,5,2,10"
7734135404,432,7,0,"4,5,2,19"
7734139880,432,7,0,"5,8,2,4"
7734155256,432,7,14,"5,2,4,13"
7734161154,432,7,14,"5,2,4,7"
7734166704,432,7,14,"5,2,12,13"
7734171252,432,7,11,"4,5,2,11"
7734184880,432,7,11,"4,3,10,14"
7734202294,432,7,11,"3,17,1,9"
7734208328,432,7,11,"8,5,2,17"
7734213948,432,7,11,"4,5,2,10"
7734219328,432,7,11,"5,2,4,10"
7734224946,432,7,11,"4,3,10,14"
7734230988,432,7,11,"8,5,2,17"
7734236130,432,7,11,"5,2,4,17"
7734242020,432,7,14,"4,3,8,2"
7734246128,432,7,14,"4,3,14,10"
7734251340,432,7,14,"5,2,4,8"
7734256822,432,7,0,"4,5,2,11"
7734261230,432,7,0,"4,5,2,11"
7734267176,432,7,0,"4,8,5,2"
7734274298,432,7,0,"8,17,0,1"
7734279086,432,7,0,"5,4,2,13"
12440047444,434,7,10,"4,3,14,2"
8657720925,434,3,19,"3,4,14,15"
11693567145,434,9,30,"4,3,14,15"
12874374823,434,9,30,"14,3,4,15"
8249553197,442,11,4,"3,14,4,15"
8250620860,442,11,4,"3,4,14,15"
8254491029,442,11,19,"4,2,5,10"
8255563684,442,11,19,"3,4,2,14"
8526085555,443,8,19,"4,5,2,10"
8527203398,443,8,19,"14,3,4,15"
8088975423,443,8,7,"4,5,2,10"
8088977791,443,8,7,"5,2,4,12"
8088980367,443,8,8,"5,4,2,13"
8533425387,443,8,0,"4,5,2,28"
8107526465,443,8,19,"4,10,3,14"
8088989947,443,8,13,"4,5,13,2"
8088991905,443,8,13,"4,5,2,10"
8534781482,443,8,16,"4,5,2,19"
8058512157,443,8,6,"4,3,2,19"
8088993865,443,8,31,"4,3,2,14"
7982354779,443,8,23,"3,4,14,15"
8533679215,443,8,4,"4,3,15,14"
8533681843,443,8,4,"4,3,15,5"
8533683833,443,8,4,"3,15,14,4"
7979446429,443,8,4,"4,3,14,15"
8107540722,443,8,4,"4,14,3,23"
7982366684,443,8,4,"14,3,4,25"
8087684056,443,8,10,"3,14,4,15"
8088998602,443,8,10,"5,2,0,1"
8089000570,443,8,10,"4,3,23,14"
8089002538,443,8,0,"4,5,19,27"
8107540085,443,8,19,"4,3,15,5"
8109592225,443,8,10,"4,5,2,7"
3092738256,451,11,32,"5,4,2,19"
3121824467,451,11,31,"5,4,2,11"
3122651040,451,11,31,"4,2,5,18"
3303046451,451,1,32,"4,3,15,14"
3323200021,451,2,8,"5,2,13,12"
3323198843,451,2,8,"4,2,5,10"
3517822761,451,4,3,"5,2,8,4"
3517824105,451,4,2,"0,1,3,32"
3536062533,451,4,8,"5,2,8,17"
10845135224,452,8,3,"4,2,3,5"
10695079685,452,8,6,"3,4,14,15"
8309185543,480,4,8,"2,5,1,4"
8309185377,480,4,8,"5,2,17,1"
8309185173,480,4,8,"5,2,4,7"
8310234004,480,4,8,"5,4,2,10"
8309184899,480,4,8,"3,4,2,25"
8310233486,480,4,8,"5,2,4,13"
8309184429,480,4,8,"4,5,2,7"
8310233226,480,4,8,"5,2,4,7"
8310233118,480,4,8,"5,2,4,7"
8309183969,480,4,8,"5,2,4,7"
8309183795,480,4,8,"4,3,2,34"
8309183659,480,4,8,"4,5,2,10"
8320459281,480,4,21,"4,5,2,10"
8320458997,480,4,21,"5,2,12,4"
8320458793,480,4,21,"5,2,4,13"
8321520184,480,4,20,"5,2,4,6"
8320458345,480,4,20,"4,5,2,19"
8321519666,480,4,20,"5,2,4,6"
8321519478,480,4,20,"4,5,2,6"
8321519208,480,4,20,"3,4,14,45"
8320457299,480,4,20,"5,2,13,12"
8321518768,480,4,20,"5,4,2,7"
8321518092,480,4,5,"4,5,11,2"
8320456283,480,4,5,"4,5,2,7"
8320455889,480,4,5,"4,5,2,10"
8321517162,480,4,5,"4,3,19,27"
8353347642,480,4,7,"5,4,2,10"
8352285055,480,4,7,"4,5,2,11"
8353347140,480,4,7,"5,4,2,10"
8353346896,480,4,7,"2,5,17,1"
8353346706,480,4,7,"3,14,15,4"
8352284077,480,4,7,"4,3,14,15"
8352283845,480,4,7,"3,4,14,15"
8353345968,480,4,7,"3,14,4,15"
8353345598,480,4,7,"3,14,4,15"
8353345254,480,4,7,"3,4,15,14"
8353344764,480,4,7,"3,14,15,4"
8352282051,480,4,7,"3,14,4,15"
8353344156,480,4,7,"3,14,4,15"
8353343910,480,4,7,"3,14,4,15"
8353343504,480,4,7,"14,3,4,15"
8353343182,480,4,7,"4,14,3,10"
8352280451,480,4,7,"3,14,4,15"
8353342492,480,4,7,"3,4,14,15"
8353340008,480,4,7,"5,2,4,7"
8353341990,480,4,7,"5,4,2,7"
8353341518,480,4,7,"5,2,4,7"
8352278721,480,4,7,"5,2,7,17"
8353340880,480,4,7,"5,2,4,7"
8352278141,480,4,7,"3,4,14,23"
8352277877,480,4,7,"4,3,14,15"
3583023450,488,4,31,"2,4,5,19"
3582215227,488,4,31,"4,3,2,5"
3583024290,488,4,31,"4,5,2,10"
3582216497,488,4,31,"5,4,2,7"
3582217095,488,4,31,"4,5,2,10"
3583027564,488,4,31,"4,3,2,5"
3582222131,488,4,0,"4,5,2,19"
3583031316,488,4,0,"5,2,4,13"
3583031708,488,4,13,"5,2,13,4"
3582224335,488,4,13,"5,2,4,13"
3582224949,488,4,13,"4,2,5,11"
3582225457,488,4,13,"5,2,4,13"
3583034576,488,4,13,"5,2,4,13"
3582226797,488,4,8,"4,3,10,18"
3582227389,488,4,8,"5,2,4,12"
3582227823,488,4,8,"5,2,4,8"
3583037430,488,4,8,"5,2,4,12"
3583037706,488,4,8,"2,5,12,6"
3583038234,488,4,8,"5,2,12,13"
3583038886,488,4,8,"5,2,4,12"
3583039568,488,4,8,"5,2,12,9"
3583040178,488,4,8,"5,2,12,8"
3583040802,488,4,8,"5,2,12,4"
3582232519,488,4,17,"4,2,5,10"
3582233229,488,4,17,"4,2,5,19"
3582233915,488,4,7,"4,5,2,10"
3583043314,488,4,17,"2,4,5,19"
3582234913,488,4,17,"2,4,5,19"
3582235301,488,4,17,"4,2,3,5"
3582235815,488,4,17,"5,2,4,6"
3582236211,488,4,17,"2,5,4,12"
3582236711,488,4,17,"2,4,5,7"
3582238465,488,4,4,"3,4,15,14"
3582239137,488,4,4,"3,4,17,1"
3583048526,488,4,4,"3,4,15,14"
3583049152,488,4,4,"3,14,4,29"
3583049690,488,4,4,"3,17,14,24"
3582241645,488,4,4,"3,4,14,15"
3582242297,488,4,4,"3,4,14,15"
5000644825,491,8,17,"5,2,4,7"
5068599904,491,8,7,"4,5,2,10"
5045135262,491,8,7,"2,5,4,8"
4965198400,491,8,7,"5,2,4,12"
5068600712,491,8,7,"5,2,4,7"
674891726,501,5,17,"2,5,4,12"
674037113,501,5,25,"4,5,11,10"
674041205,501,5,17,"3,4,37,14"
674043597,501,5,17,"3,4,15,36"
3571274604,505,4,8,"2,5,4,7"
3570469389,505,4,1,"4,2,5,7"
3570473013,505,4,7,"5,2,4,7"
3570476991,505,4,7,"4,5,2,7"
3571446776,505,4,11,"5,4,2,13"
3568336772,505,4,11,"4,10,5,2"
3570492287,505,4,11,"4,3,15,14"
3570494025,505,4,11,"3,14,15,4"
3571304936,505,4,11,"3,4,14,15"
3567504179,505,4,6,"14,3,15,4"
3571307368,505,4,24,"4,5,2,7"
3570511825,505,4,22,"2,5,7,4"
3571323384,505,4,22,"2,5,4,7"
3568263004,505,4,22,"5,2,51,3"
3137489692,514,2,27,"4,2,5,3"
3136652965,514,2,11,"5,2,12,6"
8575013058,518,1,28,"4,2,5,7"
8695861423,518,1,26,"3,14,4,15"
8695860593,518,1,26,"4,2,5,19"
8696987742,518,1,26,"3,4,14,15"
8696982248,518,1,26,"4,3,14,21"
7159738656,520,4,24,"5,4,2,6"
7159739016,520,4,16,"4,2,5,3"
7159739496,520,4,3,"5,4,2,8"
7159739798,520,4,24,"4,10,3,14"
7159740100,520,4,24,"5,4,2,13"
7159740992,520,4,7,"5,2,4,7"
7159741614,520,4,7,"4,3,14,15"
7159741988,520,4,7,"4,5,2,11"
7159742410,520,4,17,"4,5,2,10"
7159742844,520,4,8,"5,2,4,7"
245216494,522,8,8,"3,14,4,25"
245216544,522,8,8,"3,4,14,25"
245217578,522,8,17,"3,4,14,15"
245217605,522,8,17,"4,3,15,14"
245217649,522,8,17,"3,14,4,15"
9468684196,528,9,24,"4,5,2,10"
9465901759,528,9,24,"4,5,3,10"
9465899023,528,9,16,"4,5,15,3"
9468674518,528,9,2,"4,5,2,10"
9465891737,528,9,2,"4,3,15,14"
9465885993,528,9,2,"4,3,5,10"
9468664860,528,9,16,"4,5,19,28"
9468663940,528,9,11,"4,5,2,13"
9465880979,528,9,17,"5,4,2,10"
9465877143,528,9,17,"4,2,10,3"
9468655678,528,9,4,"3,14,9,15"
9468651994,528,9,4,"4,5,2,27"
9468649768,528,9,0,"4,3,10,15"
9465866891,528,9,11,"4,5,10,3"
9468646340,528,9,11,"4,5,2,10"
9468643124,528,9,25,"3,14,4,15"
9468637080,528,9,18,"0,1,3,4"
9465852137,528,9,11,"5,4,2,10"
9468625852,528,9,4,"3,14,1,9"
9468585602,528,9,20,"4,3,14,2"
9468581860,528,9,27,"5,2,4,7"
9465798267,528,9,20,"5,2,4,7"
9465795063,528,9,29,"2,5,4,3"
9465789585,528,9,29,"2,5,9,7"
9468568524,528,9,16,"4,5,3,2"
9468562612,528,9,1,"4,5,10,3"
9468553050,528,9,11,"4,5,2,10"
9465768869,528,9,13,"5,4,2,12"
9468546106,528,9,2,"4,3,10,11"
9468544524,528,9,8,"3,4,15,14"
6009735404,540,6,0,"5,2,4,12"
6009187855,540,6,18,"5,2,4,0"
