268535960,0,9,0,"98,124,63,160,251,118,94,117,137,58"
284505324,0,9,1,"2,53,5,147,48,6,157,255,47,50"
285538933,0,10,0,"51,103,65,28,135,41,295,138,216,54"
289494173,0,10,2,"40,1,0,4,98,241,203,137,233,125"
289494204,0,10,3,"112,106,262,165,107,123,122,113,57,120"
289494280,0,10,3,"123,57,108,256,165,107,242,113,121,120"
294574920,0,10,4,"119,209,59,124,133,161,63,121,163,216"
294574988,0,10,5,"120,56,126,144,161,68,142,157,121,143"
294575044,0,10,5,"68,142,144,72,255,8,15,120,60,143"
294575105,0,10,5,"98,226,15,8,119,126,250,124,144,63"
294575229,0,10,5,"15,126,8,56,122,121,242,201,161,120"
294575288,0,10,5,"68,79,143,142,76,145,144,80,49,62"
294575348,0,10,5,"117,79,143,145,200,255,80,147,68,78"
304482157,0,10,0,"24,20,321,142,82,31,58,53,91,21"
305900726,0,10,6,"10,161,111,170,15,12,109,113,107,260"
305900765,0,10,6,"101,33,300,100,95,103,206,220,190,28"
305900823,0,10,6,"80,162,29,196,163,37,197,184,11,198"
305900884,0,10,6,"95,346,137,198,263,101,190,223,184,100"
305900925,0,10,6,"189,131,184,285,77,136,95,261,139,101"
305901017,0,10,6,"162,10,260,277,88,161,196,83,84,85"
305901079,0,10,6,"162,10,184,11,260,196,80,198,328,282"
305901125,0,10,6,"11,162,10,196,184,13,39,198,146,3"
305901166,0,10,6,"11,198,184,12,13,238,197,163,196,170"
305901206,0,10,6,"95,188,137,190,223,169,189,41,154,245"
305901398,0,10,6,"119,133,216,98,226,41,209,163,31,40"
305901282,0,10,6,"38,197,319,314,105,203,100,44,40,98"
305901456,0,10,6,"164,15,107,78,119,122,59,72,106,242"
305901545,0,10,6,"19,8,257,59,60,11,119,162,217,49"
317814964,0,11,4,"153,206,95,311,127,195,188,284,208,151"
330747739,0,11,4,"101,100,207,95,245,206,320,188,189,98"
355785344,0,0,0,"239,8,120,112,59,56,308,60,330,98"
359901093,0,0,0,"10,11,12,13,14,15,16,17,18,19"
359901162,0,0,0,"11,17,10,14,162,18,181,13,16,19"
359901249,0,0,0,"327,162,10,277,258,19,201,334,18,13"
378814387,0,0,4,"245,207,95,188,295,320,208,43,169,101"
363564459,0,0,4,"117,78,143,68,60,79,119,98,8,163"
363564562,0,0,4,"117,78,79,163,253,15,119,55,183,62"
363564670,0,0,4,"98,38,78,117,111,40,41,72,119,133"
363564790,0,0,4,"117,78,119,79,163,253,55,98,41,317"
363564895,0,0,4,"98,60,72,111,78,117,38,164,68,62"
3897396414,11,2,12,"134,63,162,85,83,88,86,277,120,161"
3897396506,11,2,12,"72,162,83,67,85,88,111,86,60,91"
3897396890,11,2,12,"111,113,109,10,164,165,72,107,172,201"
3896626901,11,2,12,"111,109,113,10,107,194,106,165,161,164"
3897406808,11,2,12,"111,107,109,72,106,165,108,113,194,242"
3958210724,11,8,7,"117,79,255,78,143,141,96,80,68,119"
3975370462,11,9,0,"200,117,143,95,59,206,214,78,120,157"
3974615507,11,9,0,"120,56,144,126,90,192,15,119,143,76"
3976976785,11,9,0,"76,72,68,164,29,60,107,111,55,108"
3979035468,11,9,13,"59,32,262,112,107,106,72,111,67,76"
4831976759,14,6,1,"58,98,308,269,226,255,15,224,137,232"
4832586726,14,6,2,"144,142,15,164,79,109,121,76,120,202"
4832589242,14,6,1,"124,244,263,41,169,286,118,285,131,95"
4832589824,14,6,1,"124,131,41,285,244,286,159,169,118,25"
4832590734,14,6,1,"285,131,25,118,251,286,169,323,203,235"
3732360055,17,6,1,"106,108,57,109,201,113,107,111,144,164"
3733160122,17,6,1,"40,123,77,106,203,78,200,107,242,128"
3732362053,17,6,2,"58,250,147,148,8,124,96,243,15,36"
3733163370,17,6,2,"57,108,201,117,79,143,202,164,113,78"
3732372297,17,6,2,"79,117,78,143,145,108,202,80,15,57"
3732373293,17,6,9,"35,37,29,30,180,31,247,176,17,325"
3732374763,17,6,9,"8,68,60,56,72,232,214,59,224,76"
3732376495,17,6,9,"308,60,91,8,330,76,72,90,68,192"
3732379147,17,6,9,"141,140,115,99,220,213,103,311,262,206"
3732380375,17,6,9,"53,124,98,60,92,72,77,243,244,269"
3732381455,17,6,9,"138,217,199,296,346,134,147,53,49,48"
3732383003,17,6,7,"98,41,38,40,328,78,105,58,164,203"
3732384143,17,6,7,"8,122,108,57,143,121,201,56,164,111"
3733184006,17,6,3,"106,108,32,57,59,111,109,29,107,113"
3733185232,17,6,8,"67,264,72,265,69,266,71,73,60,68"
3733187794,17,6,8,"315,297,60,8,68,62,74,252,117,76"
2635087340,20,5,4,"50,2,48,5,47,135,0,284,188,1"
2634264019,20,6,4,"79,80,76,143,56,68,145,183,65,144"
2639331623,20,6,6,"260,10,162,267,277,81,341,88,86,161"
2714077217,20,6,4,"117,68,164,60,79,184,78,8,107,165"
3311928790,20,7,6,"184,19,81,86,138,79,267,76,88,144"
3022744334,20,10,4,"68,79,76,60,29,67,72,162,240,117"
3110257981,20,11,6,"54,246,58,50,53,287,48,2,55,75"
3267258690,20,1,4,"142,20,76,34,55,53,278,318,32,64"
3266440125,20,1,4,"142,20,170,318,65,187,64,34,68,238"
3267272474,20,1,4,"142,79,56,143,59,80,214,68,144,157"
3266451747,20,1,4,"20,226,22,98,41,23,100,142,38,117"
3266449421,20,1,4,"138,134,217,135,151,159,284,1,2,4"
3383689674,20,2,4,"98,255,111,109,157,192,8,120,15,68"
3728553165,20,4,6,"40,200,120,117,38,15,96,113,203,109"
3728549635,20,4,12,"37,59,31,29,112,138,35,76,30,75"
3728546051,20,4,17,"51,65,80,182,138,220,79,290,229,103"
3728553615,20,4,17,"51,135,63,7,41,216,16,229,65,50"
3729350338,20,4,17,"6,229,138,290,2,5,80,0,220,63"
4024064823,22,9,0,"56,98,120,8,121,126,192,1,255,157"
4024820990,22,9,13,"24,20,21,158,157,16,31,174,170,242"
4027070885,22,9,1,"112,96,200,125,203,124,123,160,120,118"
4950053408,28,7,4,"65,80,134,79,63,143,55,56,120,76"
4950054426,28,7,1,"108,57,106,32,109,111,242,107,76,110"
4949461585,28,7,1,"59,8,32,29,184,172,106,214,165,143"
4950054494,28,7,1,"108,57,106,107,113,109,172,242,201,111"
7464036160,28,3,5,"138,143,53,137,59,117,58,80,214,134"
7464036868,28,3,4,"98,117,38,41,134,8,15,133,334,154"
7144720011,28,3,14,"59,143,68,111,214,8,157,161,126,172"
7464062638,28,5,4,"53,49,51,54,124,115,269,48,244,228"
7593028836,28,6,4,"56,58,255,250,148,54,8,210,157,192"
7905056930,28,7,15,"273,292,176,177,272,32,73,34,29,178"
7916334222,28,8,1,"151,50,92,152,53,135,16,41,124,188"
7916338970,28,8,7,"255,192,117,143,157,56,120,15,330,144"
7966284150,28,8,13,"262,214,112,165,157,143,106,120,59,210"
7966285368,28,8,2,"142,79,80,117,143,145,144,78,24,76"
342366723,35,11,2,"95,16,92,127,221,43,193,153,188,46"
342366725,35,11,3,"16,46,199,28,43,155,296,92,21,24"
342366728,35,11,3,"22,45,96,21,25,23,16,251,26,40"
342370779,35,11,3,"244,114,115,16,127,46,157,188,95,21"
342370784,35,11,3,"53,147,49,124,48,243,142,54,244,96"
342370786,35,11,3,"119,124,41,137,98,226,335,118,299,147"
342370787,35,11,3,"96,124,119,147,244,40,15,243,157,118"
2408773053,36,5,1,"106,111,113,109,165,120,59,107,29,164"
2409610732,36,5,1,"117,119,98,41,100,170,78,295,79,95"
2409612454,36,5,7,"79,68,117,145,78,143,144,80,72,108"
2409615656,36,5,7,"119,56,80,47,59,53,49,68,55,52"
3293722572,46,1,3,"51,63,79,49,55,64,80,138,216,65"
3292885227,46,1,1,"79,80,183,142,163,138,65,51,55,161"
8625573860,48,3,12,"38,58,279,40,262,200,112,203,165,174"
8625575458,48,3,12,"95,169,190,137,324,25,263,124,188,244"
8625576920,48,3,12,"114,127,244,5,148,293,95,200,168,152"
8625520596,48,3,0,"56,119,121,126,210,157,120,59,31,143"
4530996420,53,3,3,"44,39,197,273,280,98,104,266,275,42"
4530364669,53,3,2,"138,100,53,55,20,16,21,24,158,154"
4530364891,53,3,2,"98,95,40,9,1,17,206,46,190,6"
4530997270,53,3,2,"104,80,58,38,134,20,40,118,65,328"
4033464498,58,8,14,"79,80,65,117,120,142,183,163,144,49"
4032714771,58,8,14,"80,79,142,134,120,143,49,56,117,144"
4032781065,58,8,14,"50,188,127,207,6,92,153,152,46,185"
4033789680,58,8,14,"41,51,26,98,220,117,45,154,119,188"
4033050397,58,8,14,"188,54,80,45,48,26,284,190,103,58"
4033806330,58,8,14,"80,188,26,45,154,190,95,287,20,50"
4033124499,58,8,14,"95,223,98,206,190,140,46,43,41,235"
4033881094,58,8,14,"223,206,95,140,43,190,46,293,221,41"
4033131645,58,8,14,"26,92,16,21,41,160,45,20,22,154"
4035704438,58,8,14,"95,117,78,93,41,160,24,98,28,124"
4034955825,58,8,14,"160,92,50,41,24,43,46,155,79,95"
4035714160,58,8,14,"24,41,26,21,92,20,160,45,16,154"
4035230099,58,8,9,"188,28,151,195,284,189,207,206,245,46"
4035253923,58,8,3,"28,99,200,141,243,40,98,38,58,174"
4035310063,58,8,3,"138,5,53,135,95,1,2,49,6,4"
4036083598,58,8,3,"5,2,135,51,17,28,3,189,0,180"
4035345943,58,8,3,"28,199,50,296,53,48,135,58,137,287"
4035367569,58,8,3,"50,53,28,54,124,5,48,77,118,49"
4036162052,58,8,3,"95,6,235,28,227,232,234,139,179,212"
4036164828,58,8,3,"6,235,139,212,232,132,224,95,261,191"
4035425811,58,8,3,"20,100,58,98,21,16,24,86,99,48"
4036180184,58,8,3,"16,50,21,24,135,14,92,20,159,155"
4035434071,58,8,3,"50,16,135,159,21,20,115,24,154,287"
3072438888,60,10,13,"47,48,60,74,68,76,67,55,287,72"
3071603269,60,10,1,"79,145,76,144,68,78,80,143,147,117"
1020228897,63,7,2,"60,68,76,55,56,72,67,308,59,90"
1020233069,63,7,2,"60,72,68,279,67,91,90,8,308,12"
2091016205,63,11,7,"50,116,135,40,2,6,159,48,92,166"
2091800994,63,11,7,"43,46,155,38,188,16,127,40,195,9"
2492774137,63,4,7,"16,9,21,155,153,190,46,7,188,92"
3673636622,63,5,15,"80,145,205,79,41,188,62,167,149,168"
3673640844,63,5,15,"117,79,205,168,155,253,46,145,188,24"
3673645290,63,5,15,"302,305,304,253,81,306,307,321,16,303"
3672838581,63,5,15,"16,79,95,24,168,117,7,9,205,41"
3672841235,63,5,15,"301,193,277,302,104,307,81,253,306,278"
3672844827,63,5,15,"51,38,305,163,65,253,282,29,81,41"
3673656330,63,5,15,"16,21,38,146,305,182,41,24,26,17"
3672849345,63,5,15,"11,146,282,205,280,197,347,14,305,198"
3673660238,63,5,15,"117,13,163,196,282,184,197,38,306,193"
3673663260,63,5,15,"80,79,65,142,163,183,51,144,55,117"
3672857645,63,5,15,"193,282,205,81,24,306,196,197,198,13"
3672861477,63,5,15,"253,81,79,16,9,205,305,163,304,282"
3672866315,63,5,15,"64,65,278,90,81,146,305,75,29,306"
3672869057,63,5,15,"81,80,253,65,79,75,76,347,144,282"
1814450723,67,0,14,"285,227,343,235,351,92,225,95,234,127"
1838529859,67,0,14,"14,16,135,159,21,17,7,252,190,3"
1842890790,67,0,14,"16,14,21,135,159,45,7,190,17,176"
1838524271,67,0,14,"282,9,179,234,182,283,93,197,235,193"
1842894298,67,0,14,"39,44,16,38,21,41,77,115,176,14"
1842887586,67,0,14,"16,14,21,190,135,45,159,95,24,9"
1839353300,67,0,14,"16,21,14,9,17,94,305,162,38,160"
1839333722,67,0,1,"285,223,98,227,235,28,95,131,115,296"
1838504575,67,0,1,"136,212,27,175,261,139,223,45,189,213"
1838515055,67,0,1,"22,27,23,175,191,212,21,225,25,92"
1839337118,67,0,1,"50,189,27,127,92,185,53,212,225,175"
1814452383,67,0,14,"216,295,119,209,41,124,77,98,203,230"
3304025217,69,8,6,"176,172,184,201,111,236,20,171,21,267"
3239883634,69,0,1,"152,80,151,147,117,79,46,168,284,127"
112002921,77,0,0,"227,56,235,98,119,278,351,179,80,344"
511435215,77,4,10,"277,162,59,8,107,327,72,161,303,12"
508195604,77,4,10,"162,277,57,201,108,327,176,267,10,341"
508376493,77,4,10,"12,72,59,67,162,60,10,68,111,55"
508355464,77,4,10,"93,117,162,94,78,55,98,62,39,226"
508372169,77,4,10,"111,113,109,106,10,201,107,40,172,98"
508348540,77,4,10,"238,110,106,24,287,12,288,162,289,8"
7717667396,94,5,2,"134,142,138,19,144,352,164,78,145,120"
7717650804,94,5,2,"50,51,135,216,118,41,17,117,159,138"
7717664534,94,5,8,"119,63,51,216,41,65,98,163,40,31"
7717658772,94,5,10,"78,41,117,119,40,98,107,133,58,203"
18546561,107,5,12,"289,301,302,281,13,10,264,266,307,196"
26195618,107,6,2,"43,46,16,50,114,155,127,115,152,195"
27301268,107,6,9,"16,138,26,21,24,20,41,46,22,28"
82043714,107,11,0,"21,20,23,22,24,16,157,123,120,138"
224757099,107,7,0,"180,179,176,44,17,37,178,177,35,307"
224757009,107,7,0,"101,102,203,98,100,213,294,300,118,295"
239584380,107,8,9,"21,16,22,38,20,41,26,45,23,92"
2233178300,108,4,6,"76,79,112,75,138,80,59,34,68,29"
2233178512,108,11,0,"38,40,130,98,116,16,114,160,115,96"
3329888367,108,2,4,"24,21,20,23,16,26,22,27,91,45"
3415258483,108,3,2,"2,5,3,6,9,135,284,7,50,4"
3987804233,108,9,17,"159,135,17,63,154,7,211,88,115,14"
4036939647,108,9,13,"49,53,217,29,223,152,5,167,145,76"
4116619923,108,10,13,"95,39,44,16,3,193,42,282,179,153"
4122355697,108,10,4,"16,21,92,24,14,20,205,46,9,100"
4201564956,108,11,4,"211,135,46,222,95,43,16,41,223,138"
4201567100,108,11,4,"79,80,145,117,143,144,168,63,78,6"
4332229349,108,1,13,"41,6,16,154,0,2,231,5,95,24"
13677806293,112,3,3,"68,60,72,117,279,67,202,78,79,74"
13678113734,112,3,3,"68,79,117,143,144,145,78,72,15,202"
13678114964,112,3,2,"117,56,79,78,157,63,145,24,143,147"
13678115944,112,3,2,"117,78,145,119,79,31,147,56,168,151"
13677769645,112,3,2,"117,68,79,78,62,119,145,15,60,98"
13677771305,112,3,9,"80,56,79,65,120,49,143,51,29,119"
13677771725,112,3,9,"79,80,56,120,143,183,134,126,192,55"
13678118604,112,3,9,"117,79,78,143,119,134,68,56,145,80"
13678130544,112,3,12,"303,252,60,89,344,72,327,75,162,67"
13678131224,112,3,12,"162,10,83,41,3,17,14,260,146,7"
13677831903,112,3,15,"10,111,113,98,107,162,200,40,172,18"
13677833143,112,3,15,"111,72,164,107,76,78,202,109,40,75"
13677794265,112,3,15,"164,111,72,109,113,108,202,79,107,57"
13677795345,112,3,15,"111,72,164,109,113,15,165,202,67,78"
13677835643,112,3,15,"111,201,113,108,109,72,106,165,57,164"
13677836603,112,3,15,"57,108,107,111,165,72,106,164,109,172"
13677837603,112,3,15,"108,201,57,164,105,122,171,40,309,111"
13677799425,112,3,15,"72,111,68,165,112,60,67,113,202,32"
13677839663,112,3,15,"111,164,113,165,78,109,106,72,107,15"
13678148054,112,3,15,"72,117,60,67,79,163,78,68,202,76"
13677841943,112,3,15,"162,10,88,86,277,83,18,260,85,252"
13678150604,112,3,15,"268,184,59,55,107,8,176,177,106,138"
13677843673,112,3,15,"120,126,15,157,161,56,68,210,123,8"
13678152354,112,3,15,"111,109,113,201,120,165,164,202,161,57"
13678153344,112,3,15,"111,113,165,72,109,201,57,107,108,106"
13677806785,112,3,15,"10,260,163,317,55,88,86,162,18,277"
13678155564,112,3,15,"111,72,113,165,109,164,201,107,67,202"
13678157064,112,3,15,"10,288,260,196,18,13,306,282,289,12"
13678157724,112,3,15,"57,108,113,111,165,201,107,106,109,10"
13677810435,112,3,6,"10,13,304,303,302,162,277,301,12,327"
13677810975,112,3,6,"10,13,16,18,252,12,3,41,39,163"
13678160824,112,3,6,"162,10,277,327,341,267,340,196,307,201"
13677812865,112,3,6,"109,111,106,108,59,57,240,113,164,201"
13678162424,112,3,6,"162,10,277,327,301,201,14,317,303,13"
13678163704,112,3,6,"162,86,260,277,10,88,327,19,317,297"
13677856593,112,3,6,"260,86,88,83,85,10,84,87,82,162"
13678165624,112,3,6,"86,88,10,84,260,162,85,277,83,82"
13677858163,112,3,6,"203,125,40,133,38,41,334,209,102,98"
13678098844,112,3,6,"41,40,203,98,125,96,133,38,119,8"
13677818115,112,3,6,"40,96,200,243,41,203,38,58,147,124"
13677818835,112,3,6,"111,72,113,202,68,237,164,110,109,201"
13678168854,112,3,6,"111,201,113,109,108,72,164,10,57,165"
13678170214,112,3,6,"72,111,68,10,79,15,78,117,76,113"
13677821655,112,3,6,"15,10,111,109,113,72,88,164,165,161"
13678172084,112,3,6,"111,113,10,165,15,109,72,88,201,202"
13677865063,112,3,6,"41,117,38,40,98,78,203,163,253,42"
13677824345,112,3,6,"111,113,10,164,201,161,15,202,109,72"
13678175484,112,3,6,"72,111,67,109,113,165,15,164,162,202"
13677826395,112,3,6,"111,10,15,113,109,202,88,165,161,164"
13677868853,112,3,6,"15,161,111,10,109,113,194,72,201,144"
13677828895,112,3,6,"10,161,111,15,260,113,201,88,86,72"
13677871533,112,3,6,"111,15,10,113,165,72,201,161,164,88"
13677831505,112,3,6,"10,111,86,88,113,83,107,184,165,85"
13678182684,112,3,6,"83,111,10,86,88,15,72,201,142,85"
13677875293,112,3,6,"10,111,72,162,201,15,161,83,88,288"
13677835045,112,3,6,"15,68,79,72,144,117,8,161,192,126"
13678185514,112,3,6,"10,113,111,15,165,161,72,201,202,109"
13677878263,112,3,6,"111,10,72,113,165,164,15,88,109,260"
13678187404,112,3,6,"15,72,78,111,164,98,68,117,109,113"
13677879883,112,3,6,"96,79,200,161,92,142,147,117,51,40"
13677880683,112,3,6,"200,40,96,78,243,147,174,38,113,118"
13678189554,112,3,6,"222,269,99,41,243,49,8,16,148,53"
13678190534,112,3,6,"40,98,58,38,102,41,48,117,116,147"
13677882963,112,3,6,"222,8,297,98,2,40,213,119,58,315"
13678191934,112,3,6,"63,212,159,23,232,22,218,114,200,92"
13677843125,112,3,6,"92,96,100,200,40,98,203,101,222,243"
13677885353,112,3,6,"40,96,98,200,251,38,174,58,116,118"
13677844295,112,3,6,"98,235,96,227,40,46,251,200,116,285"
13678097604,112,3,6,"29,32,51,119,8,220,290,80,138,98"
13678194984,112,3,6,"218,295,78,174,182,15,91,125,106,203"
13678195734,112,3,6,"111,72,113,15,109,164,165,106,161,201"
13677888813,112,3,6,"117,98,141,78,41,103,134,40,119,0"
13677847605,112,3,6,"200,40,203,117,120,119,174,96,105,41"
13677848085,112,3,6,"60,8,67,72,68,291,303,162,70,62"
13677891623,112,3,6,"40,123,117,200,122,174,120,121,147,96"
13678200274,112,3,6,"60,72,3,67,68,95,76,303,52,47"
13678201014,112,3,6,"108,111,72,57,122,120,55,107,109,40"
13678202494,112,3,6,"10,88,111,86,83,161,260,85,15,113"
13677853975,112,3,6,"10,111,88,86,83,15,85,113,260,72"
13678204884,112,3,6,"10,161,88,15,86,163,81,83,201,111"
13678205774,112,3,6,"121,68,262,56,72,123,165,143,120,111"
13677857295,112,3,6,"79,75,68,76,117,8,15,78,202,72"
13678207974,112,3,6,"201,63,108,8,79,113,122,32,59,183"
13677901203,112,3,6,"49,119,41,241,51,53,223,124,217,3"
13677902003,112,3,6,"49,51,119,217,78,53,134,223,117,48"
13677860945,112,3,6,"76,72,202,111,60,68,55,120,75,164"
13678211314,112,3,6,"111,59,183,109,120,88,72,164,55,15"
13677906103,112,3,6,"10,113,111,107,204,40,202,302,18,133"
13678214344,112,3,6,"111,161,72,91,120,80,88,109,113,183"
13677866015,112,3,6,"10,184,302,40,18,347,81,304,86,260"
13677866985,112,3,6,"55,183,143,76,79,68,59,80,56,142"
13678217694,112,3,6,"117,12,79,80,98,41,8,143,78,62"
13677790853,112,3,4,"80,79,56,55,65,29,143,253,144,49"
13678052963,112,3,18,"62,308,117,78,137,143,191,12,60,119"
13678361054,112,3,18,"60,279,76,75,68,48,47,29,315,72"
13678011265,112,3,18,"143,80,56,79,55,68,59,214,49,8"
13678054443,112,3,18,"31,76,239,59,119,29,65,37,75,8"
13678012045,112,3,18,"143,214,59,210,55,8,165,56,31,76"
13678012695,112,3,18,"79,117,55,76,78,143,202,68,145,80"
13678013005,112,3,18,"111,59,32,34,172,68,164,113,165,237"
13678013565,112,3,18,"111,165,164,113,109,72,202,201,143,120"
13678364474,112,3,18,"108,57,113,201,107,164,122,111,109,106"
13678367214,112,3,2,"9,284,188,311,14,153,151,3,2,233"
13678367614,112,3,2,"9,284,188,7,311,153,14,11,208,151"
13678368134,112,3,1,"144,76,106,65,59,107,37,31,142,165"
13678061163,112,3,1,"120,108,57,143,79,56,121,80,192,113"
13678369314,112,3,1,"120,157,123,192,56,126,255,68,143,210"
13678062533,112,3,1,"56,121,143,126,157,120,210,144,80,122"
13678370284,112,3,1,"57,108,106,165,113,111,109,112,214,144"
13678020285,112,3,2,"51,120,96,157,147,121,119,8,63,56"
13678009075,112,3,2,"79,117,145,78,144,80,68,76,183,75"
13678358444,112,3,2,"79,117,78,145,80,147,134,76,143,183"
8109201578,116,9,14,"105,197,170,153,282,11,127,184,238,288"
8109190103,116,9,14,"117,60,98,255,41,198,241,3,163,68"
8109185951,116,9,9,"119,31,29,56,63,8,24,60,49,36"
12122160535,116,0,1,"57,112,108,172,242,165,113,106,111,109"
2095022555,121,11,15,"114,115,100,95,130,112,231,128,93,180"
2095886540,121,11,15,"142,79,154,68,80,2,5,0,53,157"
2095044667,121,11,15,"68,142,53,79,115,5,50,148,114,154"
2289594352,121,1,19,"111,109,201,164,107,161,72,113,165,194"
2289605364,121,1,19,"72,111,67,164,60,202,76,201,55,317"
2446277341,121,3,12,"111,277,164,201,109,72,165,172,161,113"
2446277333,121,3,12,"57,112,106,111,165,164,201,108,107,109"
2446249955,121,3,10,"111,112,107,106,165,201,113,57,172,109"
2446249937,121,3,10,"184,105,78,107,40,117,38,8,172,41"
2446029353,121,3,10,"105,292,130,40,108,115,197,44,272,314"
2446965764,121,3,10,"107,217,184,200,262,59,256,203,125,174"
2446965778,121,3,10,"141,98,40,134,41,203,251,103,200,125"
2446333857,121,3,5,"79,80,143,117,144,145,78,76,147,157"
2446333879,121,3,5,"79,144,138,56,80,63,161,157,143,92"
2446333907,121,3,5,"79,145,168,92,7,149,5,153,135,156"
230510961,122,7,0,"255,120,192,99,98,75,117,330,40,122"
230510963,122,7,0,"157,120,122,255,121,330,337,192,56,202"
230510965,122,7,0,"121,56,164,8,78,122,242,120,119,143"
233466945,122,7,9,"38,117,98,42,40,58,68,147,118,124"
233467004,122,7,2,"143,79,80,56,117,144,120,202,255,8"
233467045,122,7,2,"117,58,143,8,98,255,78,200,56,24"
233467090,122,7,2,"56,126,330,250,269,120,161,192,210,148"
233467127,122,7,2,"153,206,19,311,218,151,95,101,217,195"
233467180,122,7,2,"95,221,244,50,294,243,77,151,200,185"
233467254,122,7,2,"1,4,2,0,60,76,5,6,231,3"
233467316,122,7,2,"60,279,308,8,72,98,75,68,59,76"
233467405,122,7,2,"59,107,106,172,108,111,57,165,262,112"
233467475,122,7,9,"50,48,47,49,51,53,142,79,92,187"
233467548,122,7,15,"68,60,72,95,293,5,67,244,114,148"
233467596,122,7,15,"98,243,269,99,41,77,278,326,200,255"
233467638,122,7,15,"117,58,154,223,115,147,78,118,137,189"
233467701,122,7,15,"243,41,77,92,118,225,124,99,286,25"
4909214426,124,1,16,"68,143,59,214,60,210,62,12,164,119"
4909214602,124,1,16,"59,126,68,143,210,214,164,72,120,8"
4908619505,124,1,1,"111,106,76,165,59,55,113,107,109,164"
4909215378,124,1,1,"29,202,113,111,143,172,55,106,108,109"
4909218480,124,1,16,"17,7,14,16,179,159,92,50,181,180"
4909219022,124,2,16,"14,16,50,39,3,17,115,44,151,188"
4909221358,124,4,16,"161,12,133,121,15,59,25,126,143,22"
4909221690,124,4,16,"60,133,15,202,117,12,40,78,174,10"
4908626333,124,4,16,"41,102,189,139,261,235,285,188,95,77"
4908626981,124,4,16,"95,188,24,153,233,20,245,50,16,231"
4908627149,124,4,16,"94,189,261,139,235,93,95,136,219,17"
4908628107,124,4,16,"161,12,126,143,210,15,10,252,121,56"
4909223788,124,4,16,"321,302,304,40,44,253,38,41,10,58"
4908629429,124,5,16,"9,287,24,166,3,7,16,145,135,79"
4908825043,124,7,16,"138,116,134,40,235,63,98,234,227,119"
4908828907,124,7,16,"17,181,14,7,212,132,3,135,9,179"
4564266022,126,4,2,"60,8,76,68,55,72,59,202,62,67"
4564265378,126,4,2,"0,1,2,3,4,5,6,7,8,9"
4563633443,126,4,0,"98,230,40,1,233,41,119,203,4,117"
8297727183,128,11,2,"135,51,41,159,50,16,167,95,138,220"
8297764953,128,11,14,"16,43,46,155,41,22,188,92,21,23"
8298815410,128,11,14,"22,38,21,16,41,20,25,155,46,43"
8298815816,128,11,14,"50,43,46,16,41,155,92,188,22,105"
8297766031,128,11,14,"16,41,38,104,39,42,40,105,44,21"
8297766395,128,11,14,"16,155,46,43,21,38,41,188,22,39"
8297766929,128,11,14,"16,21,20,24,23,95,105,41,92,26"
8298817778,128,11,14,"16,41,43,38,46,92,40,155,98,21"
8298822772,128,11,14,"16,26,21,92,41,114,115,20,155,154"
8298823000,128,11,14,"16,38,21,155,43,41,22,46,98,26"
8298824290,128,11,14,"16,43,22,38,155,21,46,50,41,188"
8298824526,128,11,14,"38,16,21,43,155,41,46,98,22,39"
8297774439,128,11,14,"16,22,38,25,155,21,41,98,43,46"
532127943,133,4,5,"41,295,216,139,235,117,261,189,230,95"
532127983,133,4,5,"31,119,189,319,213,261,136,163,139,310"
532127987,133,4,14,"22,25,23,27,175,133,251,160,212,21"
5930324467,134,6,12,"105,40,200,153,96,117,203,197,11,311"
5930882484,134,6,12,"200,250,147,98,148,40,58,96,243,117"
5930328247,134,6,12,"128,25,129,130,77,235,132,22,225,343"
5930886320,134,6,12,"77,128,130,129,40,203,41,132,125,96"
5930332115,134,6,12,"128,130,77,129,132,235,25,203,286,114"
5930334055,134,6,12,"128,77,130,129,235,98,17,132,203,180"
5930335937,134,6,12,"3,7,17,9,156,179,44,105,180,2"
5930893958,134,6,12,"200,40,58,203,28,100,114,105,213,8"
5930344711,134,6,12,"168,244,6,95,9,148,46,200,5,215"
5930902416,134,6,12,"168,150,145,153,78,284,9,46,127,200"
5930904154,134,6,12,"25,224,223,22,175,137,27,136,139,45"
5930905834,134,6,12,"130,128,200,40,96,203,77,129,251,25"
5930907928,134,6,12,"128,77,129,130,25,96,160,40,132,251"
5930353339,134,6,12,"251,95,118,203,200,169,213,243,40,323"
5930355181,134,6,12,"128,129,130,132,114,77,115,223,7,293"
5930913140,134,6,12,"96,130,118,124,128,226,77,25,114,160"
5930359043,134,6,12,"114,244,200,243,96,250,232,124,148,40"
5930360935,134,6,12,"200,96,95,153,233,188,203,245,169,244"
5930362901,134,6,12,"54,49,47,48,53,63,99,60,5,68"
5930921462,134,6,12,"142,8,148,147,114,187,144,15,49,53"
5930923594,134,6,12,"130,128,77,129,96,132,115,223,114,241"
5930369379,134,6,12,"82,96,92,23,22,20,84,40,7,26"
5930927760,134,6,12,"57,108,122,106,107,164,201,123,242,165"
5930931540,134,6,12,"10,15,88,161,86,40,201,83,81,107"
5930380705,134,6,6,"302,10,13,306,307,12,18,196,304,282"
5930383039,134,6,6,"111,72,113,164,109,107,57,253,108,55"
5930941908,134,6,6,"113,111,202,165,108,57,109,200,120,122"
5930386829,134,6,6,"108,57,42,113,236,111,202,174,237,172"
5930389439,134,6,6,"111,10,113,161,15,201,72,109,165,164"
5930390953,134,6,6,"10,260,162,267,341,289,277,264,265,307"
5930392365,134,6,6,"111,57,113,108,107,165,10,109,172,201"
5930396147,134,6,6,"10,162,260,341,277,327,18,88,267,307"
5930954376,134,6,6,"301,302,10,303,304,305,13,162,16,306"
5930400589,134,6,6,"75,317,76,163,55,253,184,183,304,99"
5930958926,134,6,6,"302,13,304,306,10,282,301,81,305,196"
5930404627,134,6,6,"306,13,282,196,193,305,10,12,302,197"
5930408139,134,6,6,"67,72,60,68,162,69,281,266,264,280"
4752005573,146,6,2,"189,139,261,53,95,50,154,286,219,136"
8246973828,146,11,5,"157,31,258,254,232,59,239,214,24,56"
10808225325,147,10,10,"55,253,317,163,67,266,65,64,265,69"
10808354484,147,10,10,"253,163,317,55,304,75,67,321,305,117"
10808347784,147,10,10,"302,347,107,81,10,335,184,304,40,305"
10808204155,147,10,10,"75,67,60,196,55,72,253,163,317,76"
10808200866,147,10,10,"111,109,108,106,201,107,113,57,164,72"
10808195466,147,10,10,"10,184,162,163,107,111,40,117,196,201"
10808186005,147,10,10,"91,79,144,163,117,111,98,15,112,20"
10808175166,147,10,10,"106,112,59,107,184,32,165,176,57,172"
10808304624,147,10,10,"112,106,165,201,184,107,176,59,57,113"
10808301254,147,10,10,"106,108,57,107,29,8,37,201,40,162"
10808164006,147,10,10,"134,49,138,51,48,80,47,53,217,65"
10808156205,147,10,3,"108,57,32,113,109,111,29,106,96,122"
10808282704,147,10,1,"24,144,68,142,8,120,161,59,65,20"
10808142665,147,10,10,"111,72,109,164,113,165,106,201,161,59"
10808138436,147,10,10,"176,331,111,201,302,277,303,59,112,289"
10808063816,147,10,15,"111,172,113,171,108,164,165,109,201,72"
10808189794,147,10,15,"107,123,121,120,217,172,242,262,194,122"
10808172124,147,10,2,"8,62,60,59,172,176,98,90,164,91"
10808035135,147,10,3,"91,90,20,142,68,8,60,176,76,240"
10808031716,147,10,3,"68,60,59,8,72,62,67,34,240,164"
10808158994,147,10,3,"59,90,91,60,8,68,126,214,144,210"
10808021215,147,10,2,"90,20,91,82,83,85,86,24,84,176"
10808016885,147,10,2,"59,8,32,31,262,60,176,106,82,119"
10808146164,147,10,2,"105,29,177,8,213,142,163,50,32,14"
577874126,158,0,16,"24,20,21,32,16,26,92,104,29,22"
577838205,158,0,16,"26,24,20,21,16,45,154,104,32,92"
577874518,158,0,16,"16,21,26,24,20,92,22,23,45,154"
577838795,158,0,16,"21,16,20,26,24,22,92,45,23,154"
577874858,158,0,16,"21,16,20,26,24,45,92,22,154,23"
577839379,158,0,16,"16,24,21,20,92,23,26,22,96,45"
577875200,158,0,16,"24,16,20,26,21,23,92,127,22,111"
577840103,158,0,16,"26,21,20,16,24,154,45,92,22,23"
577875620,158,0,16,"21,16,24,20,22,26,23,45,92,41"
577840545,158,0,16,"16,21,20,26,24,22,45,92,154,23"
577875900,158,0,16,"16,21,20,26,24,154,45,22,92,23"
577841087,158,0,16,"16,21,26,24,20,45,23,92,22,154"
577876220,158,0,16,"16,21,26,24,45,22,92,20,23,95"
577841595,158,0,16,"20,24,21,16,26,45,222,22,154,32"
577876518,158,0,16,"21,26,20,16,45,154,92,22,41,24"
577842043,158,0,16,"16,21,26,20,24,45,22,154,41,92"
577876832,158,0,16,"16,21,26,20,24,45,154,92,41,22"
577842557,158,0,16,"21,26,16,20,24,32,22,92,104,45"
577877162,158,0,16,"16,21,26,20,24,45,92,22,23,154"
577877344,158,0,16,"16,21,26,20,24,45,154,92,22,41"
577843363,158,0,16,"16,92,127,21,24,26,23,20,22,95"
577843655,158,0,16,"16,21,92,154,20,26,45,22,50,25"
6614714,158,10,24,"83,85,86,87,82,88,84,89,20,90"
71171260,158,11,24,"83,85,20,82,16,142,86,84,22,63"
4311213297,158,0,13,"227,235,285,234,294,343,219,28,179,221"
4348527625,158,0,13,"50,95,38,201,41,28,40,114,104,16"
4315859517,158,0,24,"83,82,85,86,87,84,88,89,20,91"
4348544447,158,0,24,"83,85,86,82,87,88,84,89,90,91"
5398928998,158,0,24,"83,85,86,82,88,84,87,89,90,318"
5398929806,158,0,24,"83,20,86,82,85,318,87,90,84,187"
5398327713,158,0,24,"82,83,85,86,84,87,89,88,20,90"
5413330112,158,1,24,"83,82,85,86,87,84,89,88,20,90"
5413330844,158,1,24,"82,83,85,86,84,20,87,88,89,90"
5422029880,158,1,24,"83,85,86,88,87,82,84,91,90,89"
5422034284,158,1,24,"83,85,86,82,88,87,89,84,90,91"
5422038240,158,1,24,"83,82,85,86,87,84,88,20,90,89"
5422041670,158,1,24,"20,24,137,82,22,131,48,53,318,136"
5422046918,158,1,24,"83,85,82,86,84,87,88,20,90,318"
5422055528,158,1,24,"20,170,91,12,196,10,107,13,121,142"
5421468011,158,1,24,"20,22,23,142,318,187,119,100,346,27"
5422195142,158,1,24,"83,82,85,86,84,87,90,88,91,89"
5422096626,158,1,24,"83,86,85,88,87,162,82,84,10,260"
5421510175,158,1,24,"83,88,85,84,82,86,260,87,159,162"
5421520197,158,1,24,"83,85,88,86,87,82,84,260,10,159"
5421524807,158,1,24,"83,85,88,86,87,82,159,84,260,162"
5422135982,158,1,24,"86,83,85,88,82,87,84,90,89,297"
5421534987,158,1,24,"20,50,23,22,21,16,85,26,142,91"
5422147106,158,1,24,"83,85,88,86,10,260,87,161,82,84"
5422151836,158,1,24,"86,83,85,88,87,10,260,82,84,162"
5421550663,158,1,24,"20,117,23,133,22,15,142,119,79,120"
5421554573,158,1,24,"142,20,187,318,23,24,85,144,87,86"
5422166468,158,1,24,"83,85,82,86,84,87,20,88,90,50"
5422171210,158,1,24,"86,83,85,87,88,318,20,142,187,90"
5422176964,158,1,24,"83,86,85,87,88,82,84,20,90,91"
5421575873,158,1,24,"83,85,86,88,87,82,84,20,326,91"
5421580469,158,1,24,"29,20,297,83,82,176,55,76,37,33"
5422191284,158,1,24,"20,142,50,318,187,83,85,22,16,86"
5483041840,158,1,24,"82,83,85,84,86,87,89,20,88,90"
5536223770,158,2,24,"83,85,86,88,87,82,84,159,10,22"
5535646515,158,2,24,"83,86,85,88,87,82,84,326,297,260"
5536227998,158,2,24,"142,79,80,49,138,55,134,144,187,63"
5535647415,158,2,24,"83,85,86,88,87,82,84,318,20,187"
5536226464,158,2,24,"20,142,318,187,53,22,50,155,21,188"
5536227476,158,2,24,"76,29,75,79,55,159,53,188,22,98"
5583006755,158,3,24,"83,82,85,86,87,84,88,20,89,91"
5583593620,158,3,24,"82,83,84,85,86,87,88,89,90,91"
5583593886,158,3,24,"82,83,85,86,84,87,20,88,318,22"
5583007709,158,3,24,"82,84,83,85,86,87,88,64,89,20"
5624931557,158,3,24,"82,83,85,86,87,84,20,88,90,89"
5625521928,158,3,24,"82,83,84,85,86,87,89,88,20,90"
5696216609,158,4,24,"83,85,86,82,87,20,88,91,84,90"
5709965240,158,4,24,"83,85,86,88,87,82,20,84,326,90"
5709966708,158,4,24,"83,85,86,82,88,90,87,84,91,278"
5709966124,158,4,24,"83,85,82,86,88,20,87,84,23,22"
5818834921,158,5,2,"63,96,243,124,121,138,119,209,123,120"
6181303612,158,8,24,"83,85,86,87,88,82,84,89,91,90"
6181304114,158,8,24,"83,85,86,87,82,88,89,91,20,162"
6180780893,158,8,24,"83,85,86,87,82,88,84,91,89,162"
6180781653,158,8,24,"53,20,16,5,152,92,24,50,148,127"
6180782227,158,8,24,"83,85,86,87,82,88,89,162,84,20"
6692087821,158,0,24,"83,89,85,82,86,87,20,90,88,91"
2546700233,162,3,10,"108,57,111,107,113,106,109,164,172,165"
2547524146,162,3,10,"291,163,38,197,117,58,80,105,40,328"
2547524526,162,3,10,"15,120,98,192,224,126,6,128,250,142"
2546701537,162,3,10,"98,40,41,203,212,224,226,77,94,100"
2547525284,162,3,10,"40,184,203,98,38,41,212,224,141,133"
2546702365,162,3,10,"96,200,114,170,243,40,115,174,244,147"
2547526020,162,3,10,"212,184,40,38,224,107,108,1,41,203"
2546703115,162,3,10,"200,96,102,174,40,48,98,157,113,120"
2546703519,162,3,10,"216,40,41,119,105,78,117,98,124,96"
2546704009,162,3,10,"162,184,260,277,107,10,84,81,88,85"
2547527814,162,3,10,"183,201,317,184,163,10,107,55,161,111"
2547528184,162,3,10,"117,163,253,303,196,55,183,67,79,317"
2546705301,162,3,10,"184,304,302,40,13,196,305,265,282,162"
2546705817,162,3,10,"10,18,111,41,98,113,15,40,72,202"
2546706359,162,3,10,"163,40,253,197,184,10,38,196,209,162"
2547530412,162,3,10,"184,321,302,202,174,107,204,40,203,305"
2547530754,162,3,10,"201,72,110,60,265,70,67,68,266,71"
2547531252,162,3,10,"96,40,226,38,141,160,98,16,41,124"
2452762452,162,3,10,"16,63,41,135,24,138,220,51,21,46"
2452766468,162,3,10,"105,98,40,184,142,273,38,328,91,176"
2451982645,162,3,10,"184,107,10,163,18,196,198,161,11,334"
2453041688,162,3,10,"184,107,197,40,38,196,10,288,163,13"
2452293471,162,3,10,"114,223,115,22,27,25,224,175,191,225"
2453132710,162,3,10,"203,40,38,98,41,133,78,100,125,164"
2452309365,162,3,10,"41,98,226,118,40,216,100,124,61,141"
2453140450,162,3,10,"58,54,53,137,255,250,148,98,28,6"
2453154178,162,3,14,"3,7,233,2,230,9,17,94,0,14"
2452336801,162,3,7,"205,185,195,46,186,208,127,152,153,206"
2547447177,162,4,0,"119,59,31,36,56,48,142,8,64,30"
2548270794,162,4,0,"119,125,107,209,58,133,330,40,98,78"
2548270996,162,4,0,"58,78,50,111,117,113,165,98,29,255"
2548271074,162,4,0,"219,235,77,95,294,216,203,17,200,102"
2457416912,162,4,14,"311,206,195,153,127,9,151,186,185,152"
2457427040,162,4,0,"98,40,41,38,203,78,119,111,164,100"
2457431942,162,4,0,"137,226,141,224,98,130,230,94,235,128"
2456607575,162,4,0,"119,31,78,117,209,124,59,63,41,216"
2457447264,162,4,5,"152,151,46,43,155,153,195,188,208,206"
2456636001,162,4,5,"46,9,14,155,16,17,188,7,153,43"
2457482256,162,4,1,"217,124,137,135,226,134,25,151,160,241"
9199328783,169,6,10,"117,134,96,254,255,119,56,79,98,108"
9202086642,169,6,10,"200,96,38,98,40,172,58,113,251,22"
9199279681,169,6,10,"58,117,41,40,98,38,102,8,147,200"
9202043560,169,6,10,"200,202,184,172,113,174,204,114,40,96"
9199249431,169,6,10,"111,288,72,12,172,107,201,57,164,15"
9202015210,169,6,10,"201,184,288,111,303,267,107,161,10,240"
9199217183,169,6,10,"38,98,41,40,22,58,117,42,133,20"
9207697028,169,6,18,"64,51,80,65,24,29,20,231,55,228"
9206777167,169,6,9,"138,29,59,37,119,55,49,31,80,75"
9206765805,169,6,9,"98,58,38,40,119,117,41,255,100,8"
9209539940,169,6,9,"154,151,95,188,65,138,152,5,24,134"
9240858338,169,6,18,"75,54,315,48,76,47,99,98,53,58"
9238088803,169,6,18,"24,31,20,55,53,74,21,22,174,176"
9238105551,169,6,18,"201,239,258,164,59,237,202,242,176,240"
9240832168,169,6,18,"58,60,137,98,31,8,41,48,56,94"
9240841616,169,6,18,"120,15,144,123,161,121,79,143,183,117"
9246357629,169,6,12,"260,10,162,86,267,159,88,83,277,288"
9249160094,169,6,12,"170,89,48,47,144,80,260,142,76,37"
9258465951,169,6,18,"29,30,31,32,33,34,35,36,37,24"
9261163530,169,6,18,"287,238,24,8,32,246,315,74,31,59"
9258404017,169,6,18,"79,65,80,64,183,163,68,56,55,63"
3016001351,175,9,2,"176,164,177,8,336,240,313,348,359,352"
3016831758,175,9,2,"188,127,50,92,185,154,195,115,27,225"
3016000429,175,9,9,"48,47,315,54,75,76,52,60,53,68"
2964981534,175,9,10,"38,42,58,96,255,117,157,98,40,8"
2959747124,175,9,10,"200,251,114,174,98,115,96,137,321,302"
2958862831,175,9,10,"277,162,317,267,327,184,304,341,88,322"
9823299306,179,8,13,"105,201,258,110,31,242,327,107,334,267"
9822878293,179,8,2,"176,142,178,76,73,34,177,55,358,264"
7828127796,180,7,1,"63,138,119,31,142,80,144,161,79,56"
7736315714,180,7,14,"138,51,95,63,26,189,65,188,45,154"
7736379092,180,7,7,"29,37,79,55,31,80,64,65,142,325"
7828156894,180,7,1,"29,80,37,75,50,76,30,53,35,5"
7828101782,180,7,11,"95,45,154,43,262,190,206,46,98,189"
7828094182,180,7,9,"75,55,76,142,74,31,37,47,270,29"
7828083474,180,7,1,"76,142,8,56,60,119,79,75,80,144"
7828137852,180,7,21,"83,10,85,86,162,291,146,82,84,260"
780764538,186,6,13,"59,8,32,277,82,340,31,84,60,327"
780775000,186,6,7,"213,31,29,100,95,219,294,1,137,190"
9114404381,190,10,10,"183,240,62,106,164,60,76,68,111,113"
9116646390,190,10,9,"68,170,144,79,142,76,34,143,60,72"
9170162989,190,10,9,"68,170,144,142,79,76,34,60,143,72"
9170163679,190,10,9,"170,68,144,142,79,20,120,72,76,176"
9116648640,190,10,9,"170,68,144,142,79,20,120,72,76,176"
9170164029,190,10,0,"200,106,122,96,113,174,120,15,109,107"
9114423289,190,10,0,"200,106,122,96,113,174,120,109,15,107"
3821389313,191,4,12,"157,56,192,120,126,80,6,123,79,63"
3822197532,191,4,12,"200,113,79,114,117,174,80,147,168,40"
3822198910,191,4,12,"9,168,215,200,0,3,150,40,156,7"
3822199900,191,4,12,"68,98,8,255,56,192,120,60,123,157"
3821395087,191,4,4,"55,138,49,48,80,134,65,119,117,79"
5360049408,199,11,3,"53,138,58,241,6,137,251,98,232,157"
5359438355,199,11,12,"16,24,21,115,114,92,20,95,14,212"
5765311315,199,4,4,"221,119,154,223,191,200,213,95,96,216"
5765314351,199,4,2,"16,159,299,17,98,116,300,41,50,21"
13917357781,199,3,4,"117,147,79,168,78,148,145,15,143,250"
3620762856,205,7,12,"92,53,142,244,154,124,114,187,20,50"
3620763768,205,1,2,"180,17,181,179,98,295,7,3,219,212"
3620766526,205,3,2,"19,95,100,105,190,197,17,177,101,98"
3619947859,205,3,2,"78,79,145,117,144,15,147,106,143,134"
3659149337,205,5,2,"6,233,2,7,1,9,4,230,3,0"
3695004586,205,6,2,"6,41,135,159,40,7,212,230,232,129"
3726841337,205,6,1,"49,99,53,54,269,58,50,115,243,47"
3783144738,205,7,12,"98,53,232,230,72,92,170,96,243,40"
3783146594,205,7,21,"308,105,201,242,76,183,88,176,24,55"
3796387476,205,7,2,"48,217,47,98,124,226,160,137,119,125"
3796387920,205,7,2,"134,217,138,124,209,48,125,47,268,160"
3823809521,205,7,2,"123,254,256,361,120,257,217,121,239,122"
3823810019,205,7,12,"41,98,40,216,230,220,38,78,119,48"
3824611348,205,7,12,"115,16,170,135,11,3,14,17,7,95"
3824611790,205,7,12,"20,154,24,21,26,16,92,22,29,46"
3823811295,205,7,12,"50,16,135,154,25,21,41,115,159,329"
3823811785,205,7,12,"112,115,165,190,21,213,130,16,262,100"
4014679111,205,9,13,"279,68,270,34,60,72,69,74,259,73"
4014679547,205,9,13,"68,34,259,71,110,59,270,72,73,69"
4015443386,205,9,13,"279,270,60,68,74,34,69,73,72,67"
4154337556,205,10,2,"135,159,17,25,181,22,16,14,50,212"
4448351641,205,2,14,"22,25,23,26,27,21,16,226,191,20"
4734443056,205,5,13,"72,60,68,67,32,59,8,34,73,259"
4850491381,205,7,1,"60,287,279,166,204,68,74,202,75,90"
4851194126,205,7,1,"166,287,204,135,60,74,202,55,3,14"
4917640331,205,7,4,"32,110,29,64,272,34,298,357,30,179"
4918253222,205,7,13,"166,287,238,217,8,138,174,48,42,31"
4939526206,205,7,2,"22,23,20,26,59,21,157,24,58,96"
5523393708,205,2,9,"48,226,119,51,160,278,124,47,217,90"
5547810893,205,2,13,"74,32,34,270,59,246,112,68,176,71"
5547813367,205,2,13,"32,34,71,110,74,176,270,246,271,112"
5783876503,205,5,13,"31,55,59,29,37,32,112,35,239,262"
5819819694,205,5,5,"201,157,108,57,214,143,210,242,165,121"
5819821014,205,5,5,"201,214,242,8,210,122,108,121,143,57"
5819260197,205,5,5,"143,214,210,157,68,142,144,126,56,74"
5825758004,205,5,5,"56,192,157,126,210,120,143,214,337,255"
5825219743,205,5,5,"8,56,255,214,192,120,210,58,126,279"
5825237899,205,5,2,"117,0,6,79,1,4,145,2,78,143"
5825812418,205,5,2,"5,2,6,0,147,117,148,232,78,1"
5825275357,205,5,2,"117,0,5,2,147,6,3,4,145,9"
5825927212,205,5,2,"0,6,5,2,1,4,148,147,117,8"
5825394497,205,5,2,"60,8,47,308,76,68,62,59,56,2"
5825965756,205,5,2,"0,4,1,3,95,220,117,215,2,5"
5825419757,205,5,2,"2,6,117,0,3,9,150,1,230,233"
5825438695,205,5,2,"115,26,8,66,213,24,58,220,45,21"
5825459525,205,5,2,"141,115,38,140,103,220,213,58,100,39"
5825469223,205,5,2,"141,115,103,99,38,114,48,287,220,182"
5825481721,205,5,2,"60,8,308,90,76,164,55,59,322,72"
5825493233,205,5,1,"48,138,119,51,217,47,50,53,49,75"
5925442185,205,6,2,"138,217,134,78,241,120,157,124,122,58"
5943816123,205,6,5,"143,8,164,68,214,59,111,56,72,165"
5943816639,205,6,5,"8,59,32,111,68,119,164,60,29,62"
5944389892,205,6,5,"8,66,32,59,200,119,63,100,143,31"
5944372844,205,6,5,"8,32,59,63,143,56,66,117,119,151"
5943817661,205,6,5,"59,164,111,68,62,72,262,32,119,8"
6051147260,205,7,3,"117,143,79,8,6,59,214,56,157,145"
6051147718,205,7,3,"79,68,117,119,216,188,163,63,290,56"
6050596685,205,7,3,"55,161,126,59,268,120,201,56,138,144"
6050597165,205,7,1,"6,151,5,284,2,153,152,145,9,80"
6615261131,205,11,17,"98,119,200,8,100,58,245,169,41,124"
7811012892,205,7,13,"24,287,157,20,238,3,8,56,21,126"
7811042388,205,7,13,"25,22,59,53,6,255,232,8,90,56"
7811041504,205,7,13,"59,214,143,25,22,8,138,165,200,106"
7811020598,205,7,13,"58,255,53,287,98,246,8,99,56,250"
8017438843,205,8,10,"117,79,105,24,170,80,40,38,46,142"
8017442130,205,8,10,"98,200,117,38,40,58,15,96,120,147"
8017464640,205,8,10,"22,38,25,40,23,20,21,96,16,26"
8017439911,205,8,10,"6,232,4,1,2,0,284,241,5,95"
8017465352,205,8,10,"17,7,135,115,3,233,9,95,114,63"
8017443637,205,8,10,"25,124,22,98,160,114,226,154,96,118"
8214459031,205,10,1,"170,137,98,133,100,251,125,40,77,128"
8683809687,205,3,3,"8,56,126,192,1,330,4,59,210,164"
8687762277,205,3,3,"126,56,143,210,214,157,8,192,120,68"
8687763251,205,3,3,"22,25,20,57,23,21,58,176,59,157"
10652535143,205,10,20,"135,17,159,16,7,93,63,180,179,3"
10652340186,205,10,19,"38,40,103,58,115,153,46,182,41,220"
12468345993,205,1,1,"170,144,142,80,238,79,205,92,163,68"
131330436,217,3,1,"50,222,20,211,92,187,142,45,154,53"
131330437,217,3,1,"16,162,14,21,154,92,50,135,17,188"
131330438,217,3,1,"16,92,21,188,43,45,17,135,155,159"
131330435,217,3,1,"16,92,21,41,17,135,14,155,159,43"
8036434509,217,8,21,"162,267,88,277,327,83,86,10,341,260"
8036436456,217,8,21,"88,86,260,267,10,162,83,277,341,85"
8036434191,217,8,21,"65,37,55,176,81,35,138,184,31,29"
8036433613,217,8,21,"162,277,59,112,262,165,246,327,258,111"
8036435636,217,8,21,"162,267,84,82,83,86,327,88,85,277"
8201091448,217,8,21,"72,67,60,69,73,259,68,265,162,279"
8201091322,217,8,21,"308,60,117,119,252,346,12,198,163,72"
8201091156,217,8,21,"278,344,297,86,90,142,88,60,19,252"
8199998553,217,8,21,"72,68,67,60,59,34,259,73,76,111"
8200019417,217,9,21,"302,81,10,304,184,253,347,40,306,196"
8200031961,217,9,21,"55,65,317,76,183,81,253,176,163,322"
8201123756,217,9,21,"267,317,327,289,55,341,340,303,345,277"
8201179492,217,9,21,"193,153,284,44,208,311,9,104,11,151"
8200087521,217,9,21,"38,105,303,40,302,277,289,13,305,282"
8201179146,217,9,21,"282,304,301,253,196,197,13,306,10,302"
8200087109,217,9,21,"10,302,307,304,253,13,196,184,277,306"
8201178664,217,9,21,"277,162,262,307,327,10,341,301,289,267"
8200086747,217,9,21,"16,84,38,307,40,277,304,82,162,10"
8201251560,217,9,21,"267,277,341,260,327,345,307,10,162,88"
8201251158,217,9,21,"277,267,327,341,88,260,10,86,162,345"
8200145207,217,9,21,"10,162,277,341,267,327,301,289,86,81"
8200144975,217,9,21,"267,81,302,289,301,341,253,304,277,347"
8200144795,217,9,21,"302,304,253,38,305,40,176,307,321,277"
8200144645,217,9,21,"302,304,253,307,305,277,358,176,321,81"
8200144471,217,9,21,"302,304,253,38,321,40,301,305,117,184"
8200144311,217,9,21,"302,304,253,38,40,116,321,305,176,117"
4178386335,218,11,6,"16,45,26,21,24,154,41,7,135,137"
4203654681,218,11,15,"98,117,41,38,78,40,141,133,134,119"
4209369926,218,11,0,"50,21,16,25,154,20,22,28,92,27"
4251602505,218,0,15,"57,106,108,201,113,165,109,123,111,112"
4263050928,218,0,5,"1,0,2,284,6,4,233,141,215,207"
4270255174,218,0,15,"253,142,55,163,79,76,65,161,317,183"
4274699667,218,0,4,"112,120,79,106,8,157,123,68,144,98"
4291611736,218,0,6,"29,325,309,111,201,37,30,108,171,104"
4395055964,218,1,15,"57,120,10,111,255,165,107,72,108,8"
4395065648,218,1,5,"137,189,100,329,141,58,45,28,134,94"
4394308579,218,1,5,"16,21,155,24,43,41,45,46,154,26"
4538572541,218,3,4,"76,79,68,75,278,78,145,62,117,119"
4538574615,218,3,6,"111,57,172,201,277,108,107,176,165,44"
5278226209,218,11,15,"49,80,117,79,56,143,119,55,230,134"
8286405097,218,4,6,"153,173,311,237,284,104,42,151,40,9"
8286405213,218,4,6,"106,111,113,165,109,164,107,76,72,214"
8287463522,218,4,6,"10,162,201,277,40,111,302,107,327,184"
8286405345,218,5,6,"59,138,161,201,68,63,79,120,143,80"
8286406181,218,8,15,"95,213,190,219,134,100,233,294,77,105"
8286406343,218,9,6,"176,59,267,277,358,162,8,322,55,349"
2207298533,219,0,1,"20,91,162,83,85,318,278,187,58,89"
2208089584,219,0,5,"79,142,80,143,68,144,145,117,111,78"
5411131605,225,0,13,"92,21,20,26,23,32,24,96,200,27"
2050135859,225,10,2,"117,68,147,145,79,148,150,15,5,78"
2776281902,225,6,1,"48,47,53,52,54,51,49,118,98,147"
3999065753,225,9,9,"52,47,59,327,48,277,162,119,252,201"
5502799372,225,2,23,"83,85,86,87,82,88,20,84,91,90"
5502797696,225,2,23,"83,86,85,82,88,87,260,89,10,84"
5502203997,225,2,23,"20,318,83,85,187,86,326,87,23,91"
5502201743,225,2,23,"138,137,135,159,0,2,181,160,217,17"
7080489597,225,7,23,"58,120,8,176,214,56,126,31,210,143"
7080492951,225,7,23,"83,85,86,91,90,98,226,82,88,87"
7080496831,225,7,23,"86,83,85,88,87,10,260,82,84,81"
7080502099,225,7,23,"83,278,85,98,89,86,82,90,61,87"
7080506661,225,7,23,"83,85,86,88,87,82,90,84,89,278"
6958801587,225,1,13,"224,212,130,175,114,181,137,184,136,223"
7620899942,225,6,23,"155,151,46,25,188,22,135,43,204,153"
7584119250,225,6,23,"137,50,154,64,51,135,48,45,53,159"
7590521516,225,6,23,"223,263,48,137,41,213,189,28,124,118"
7590538780,225,6,23,"8,85,82,56,83,55,60,37,31,279"
7590547060,225,6,23,"162,83,85,82,86,89,84,88,50,90"
7620903070,225,6,23,"83,85,82,87,86,88,84,89,91,162"
7590580038,225,6,23,"98,41,48,16,160,28,38,51,40,102"
7590587846,225,6,23,"98,41,22,160,16,226,25,118,180,84"
7591215050,225,6,23,"128,235,77,203,251,118,94,224,160,139"
7620906628,225,6,23,"77,128,235,17,118,212,129,181,132,179"
7620929598,225,6,23,"77,128,129,130,132,286,235,118,17,179"
7591305720,225,6,23,"155,46,43,188,135,169,95,159,68,1"
7620932222,225,6,23,"190,155,46,166,94,115,233,96,43,9"
2188751419,227,9,17,"79,55,80,68,183,143,76,144,117,253"
2188753953,227,9,6,"142,111,113,106,109,161,120,201,164,144"
1555552888,234,8,11,"76,29,37,59,60,8,55,68,89,32"
1559627357,234,8,10,"55,253,65,322,317,88,170,303,163,183"
1559761273,234,8,10,"57,108,201,109,106,165,113,107,162,282"
1598870160,234,8,10,"91,90,172,174,111,202,109,108,113,164"
1598874914,234,8,10,"200,98,96,262,40,157,58,244,243,251"
1598880836,234,8,10,"200,96,172,107,40,174,98,113,251,134"
1598000061,234,8,10,"200,57,165,111,174,20,113,96,176,172"
1598005935,234,8,10,"200,174,165,111,113,57,20,96,21,92"
1598897870,234,8,10,"200,172,113,262,98,202,165,174,203,40"
1598015213,234,8,10,"98,41,40,141,38,100,116,203,137,160"
1598370365,234,8,10,"114,200,115,174,38,96,113,40,202,170"
1598907512,234,8,10,"200,204,202,113,114,172,174,203,40,243"
1598927066,234,8,10,"112,162,59,106,107,201,262,184,72,172"
1686706767,234,8,10,"262,176,24,59,100,20,8,238,277,177"
2150584650,234,8,1,"112,59,322,55,31,88,138,84,268,65"
2150618724,234,8,1,"298,164,240,226,177,239,76,274,62,235"
2149806487,234,8,1,"15,68,163,8,79,62,117,144,120,161"
2150605220,234,8,1,"292,273,272,105,312,314,179,65,298,110"
2149820219,234,8,1,"298,292,273,272,105,314,104,44,110,146"
2150624222,234,8,1,"298,274,273,271,276,176,275,272,178,177"
2150629258,234,8,1,"109,108,120,144,161,242,111,106,126,113"
2150633274,234,8,1,"106,112,108,57,113,165,111,242,123,109"
2150965748,234,8,1,"108,57,107,106,172,242,113,109,111,165"
2150169603,234,8,1,"111,109,108,113,106,123,242,172,194,57"
2150589008,234,8,1,"106,57,108,164,109,107,113,144,201,111"
2149799681,234,8,1,"109,76,106,111,164,144,113,107,108,143"
2149846421,234,8,1,"60,8,24,76,162,297,68,88,19,49"
2150641858,234,8,1,"106,164,108,113,111,57,165,109,242,107"
2407582816,234,8,1,"122,107,123,121,201,120,164,242,59,165"
2149899911,234,8,14,"64,63,51,209,119,29,31,216,65,30"
7804874110,239,7,7,"22,25,119,226,98,160,41,295,212,296"
7804879064,239,7,0,"16,24,21,63,135,41,155,20,105,159"
7804887656,239,7,0,"16,21,28,114,25,92,155,24,41,26"
7804895844,239,7,0,"166,5,115,114,97,287,92,96,127,20"
400910007,244,1,1,"24,8,12,303,63,120,202,111,60,144"
2728342073,244,7,1,"142,187,318,53,5,20,54,89,148,50"
4929488613,244,7,2,"117,78,119,61,147,163,51,98,216,209"
4930090594,244,7,6,"22,25,23,27,191,131,175,154,212,26"
8192087071,244,10,3,"76,79,75,147,117,78,80,47,144,143"
8193172374,244,10,2,"142,79,144,68,80,76,161,143,170,183"
8193170916,244,10,3,"157,79,20,143,142,76,120,80,144,183"
8193169442,244,10,3,"157,80,79,0,120,56,143,8,138,6"
8193167740,244,10,3,"170,144,142,157,143,79,80,168,68,200"
8193124018,244,10,2,"20,53,157,24,120,16,142,21,56,121"
8193122628,244,10,2,"142,79,68,80,157,76,144,24,143,75"
8193121332,244,10,1,"143,79,80,55,68,214,56,157,59,117"
8395126885,244,0,2,"79,117,143,145,147,80,78,68,200,168"
8395058465,244,0,3,"46,188,43,151,206,207,152,195,153,208"
8395056119,244,0,3,"46,151,43,188,152,208,195,206,185,186"
8396137152,244,0,3,"188,153,95,207,46,152,43,151,284,208"
8396133246,244,0,3,"153,188,9,46,190,155,206,284,95,311"
8396130046,244,0,3,"43,46,155,16,41,38,92,188,26,127"
8395044579,244,0,3,"46,43,188,16,155,208,135,207,127,284"
8395042067,244,0,3,"127,188,185,46,195,153,208,151,338,152"
8395039441,244,0,2,"144,79,76,75,80,170,142,143,68,120"
8396119244,244,0,2,"142,170,144,53,49,187,76,79,148,80"
8396115432,244,0,2,"144,142,5,148,49,147,76,53,170,79"
8396112356,244,0,2,"80,79,29,76,142,53,78,144,92,145"
8396109212,244,0,2,"78,79,117,145,142,147,144,76,80,168"
8395022235,244,0,2,"79,80,76,24,145,144,147,148,53,168"
8395019053,244,0,2,"142,79,49,117,80,145,147,144,78,114"
8395014741,244,0,5,"211,319,48,226,93,98,95,216,101,100"
8444828110,244,1,2,"111,109,122,120,8,56,192,165,121,123"
8443735943,244,1,3,"127,188,46,92,153,185,43,195,152,95"
8443733619,244,1,3,"46,188,151,153,206,43,195,155,152,208"
8444821006,244,1,3,"127,46,152,185,195,188,43,153,186,155"
8444818566,244,1,3,"127,46,43,95,92,155,188,41,152,195"
8444816542,244,1,3,"46,92,127,43,124,244,95,155,188,152"
8443725525,244,1,3,"46,152,168,9,16,167,205,43,150,149"
8444812388,244,1,3,"46,205,43,16,26,155,95,152,41,188"
8444810086,244,1,3,"127,188,185,46,195,207,324,245,208,43"
8444803910,244,1,5,"5,6,2,3,232,152,53,150,186,49"
9059713268,244,5,3,"26,46,127,16,92,7,153,21,208,14"
9057482625,244,5,3,"26,16,92,21,46,127,154,20,23,188"
9059720066,244,5,3,"16,14,21,26,9,46,153,17,208,92"
9057500165,244,5,3,"26,21,16,45,24,20,155,92,154,23"
9059732142,244,5,3,"155,16,46,26,24,127,43,188,20,41"
9059740520,244,5,3,"92,26,124,41,127,16,244,46,50,21"
9059747766,244,5,3,"92,50,127,124,28,244,41,5,188,95"
9059749562,244,5,5,"92,181,79,50,95,187,212,75,80,142"
9059755372,244,5,5,"147,5,2,48,148,53,137,0,47,49"
13647729674,244,3,1,"24,14,145,143,16,79,7,144,3,80"
13647576834,244,3,1,"6,2,138,232,151,0,241,1,5,200"
13647593934,244,3,1,"120,142,126,65,134,232,143,80,8,56"
13647325965,244,3,2,"68,79,62,143,8,80,145,34,142,120"
13647335143,244,3,9,"79,68,76,145,80,75,60,117,78,147"
13647406115,244,3,1,"16,78,145,41,24,96,117,92,168,21"
13647445003,244,3,1,"108,145,57,79,144,8,78,107,80,76"
13647786734,244,3,3,"24,145,16,80,79,149,3,143,14,150"
13647686654,244,3,1,"145,24,108,144,150,149,167,168,107,9"
13647219975,244,3,1,"134,144,145,143,56,157,120,79,80,142"
13647704364,244,3,1,"108,57,145,78,151,79,144,242,106,120"
13647195133,244,3,1,"76,145,78,62,79,68,144,8,143,164"
5942131945,259,3,2,"262,172,107,59,138,19,279,184,60,106"
5942132389,259,3,2,"79,80,143,117,144,56,121,78,157,120"
5942132713,259,3,5,"26,154,92,22,24,43,127,45,16,46"
5942129151,259,3,18,"56,126,157,161,210,120,144,15,143,8"
5764692797,259,3,9,"47,48,138,154,137,134,117,147,58,51"
5754913826,259,4,9,"48,47,52,40,68,49,119,8,76,200"
5754529922,259,4,9,"48,47,55,53,49,2,80,5,50,147"
5755106752,259,4,9,"48,47,278,49,53,90,2,5,6,1"
5753983671,259,4,9,"47,100,60,8,48,98,119,59,49,68"
7170075506,259,4,2,"78,15,117,147,144,243,119,250,124,79"
7170074720,259,4,2,"79,80,145,147,97,63,148,120,144,3"
7170074138,259,4,9,"117,79,78,98,119,147,15,144,143,56"
7787371698,259,7,8,"24,16,31,287,188,2,50,166,53,3"
7787373232,259,7,8,"106,59,107,32,259,105,258,34,201,239"
8002845696,259,8,13,"31,56,121,157,242,53,144,79,59,119"
8002844255,259,8,13,"98,38,174,141,114,40,115,42,202,204"
8002845155,259,8,13,"56,8,90,121,126,210,157,287,238,144"
331915038,272,11,2,"3,98,241,1,141,4,213,231,137,230"
331914293,272,11,2,"6,0,1,2,4,230,3,232,231,5"
331847304,272,11,14,"53,49,56,269,124,244,243,98,60,148"
7643705136,273,6,5,"217,25,48,138,135,151,22,160,153,119"
7643711302,273,6,5,"212,44,41,98,292,272,6,55,40,119"
7643716296,273,6,5,"53,20,55,24,142,54,50,49,187,114"
7616539102,273,6,12,"227,235,234,179,343,94,351,102,285,98"
7616546374,273,6,5,"138,151,6,134,1,4,2,233,153,217"
7616543748,273,6,10,"107,111,184,120,109,108,113,57,81,123"
7616537670,273,6,5,"24,145,2,3,5,76,9,150,47,49"
7616535594,273,6,5,"49,145,2,3,53,47,217,79,138,55"
2362920521,275,2,19,"29,172,325,106,108,57,37,110,184,107"
2363752364,275,2,19,"224,40,48,230,119,41,184,98,226,212"
2363752988,275,2,19,"61,98,344,252,278,19,3,222,134,217"
2363753596,275,2,19,"111,164,109,72,194,107,120,161,106,157"
2363754162,275,2,19,"162,267,327,341,277,317,10,289,184,260"
2362924637,275,2,19,"193,16,39,306,282,305,44,13,307,303"
2362923917,275,2,19,"16,193,39,306,307,21,303,305,44,14"
2362925487,275,2,19,"111,72,162,55,67,317,165,163,60,109"
2362925907,275,2,19,"53,28,5,200,159,46,188,92,138,20"
2362926447,275,2,19,"190,219,28,140,213,29,294,49,310,20"
2363757858,275,2,19,"118,147,124,53,244,51,243,49,98,48"
2850504713,275,8,12,"35,30,37,31,138,81,29,65,260,161"
2850537113,275,8,6,"57,165,111,108,112,106,107,201,113,109"
2856222058,275,8,15,"58,99,117,255,8,54,41,118,107,243"
3092637108,275,11,19,"111,164,109,161,72,126,107,194,120,106"
3092791310,275,11,19,"181,132,17,212,129,7,180,22,179,128"
3091954643,275,11,20,"59,55,98,8,119,262,32,322,176,213"
3127999814,275,11,12,"108,57,113,106,109,107,111,172,201,164"
3093105684,275,11,12,"57,106,108,164,111,107,113,109,122,165"
3092275357,275,11,12,"3,63,119,216,17,7,117,8,9,233"
3093142650,275,11,12,"50,80,79,95,135,117,159,63,153,41"
3093145098,275,11,12,"24,16,21,20,92,200,127,9,80,46"
3127172537,275,11,12,"157,143,144,120,15,8,80,79,126,56"
3092308355,275,11,12,"16,50,95,115,14,135,17,181,21,3"
3127172929,275,11,12,"200,96,92,127,9,244,95,168,243,40"
3092312603,275,11,12,"95,20,9,142,168,5,127,145,153,152"
3128001068,275,11,12,"16,43,155,188,46,115,21,92,105,50"
3128001488,275,11,12,"16,21,14,115,92,135,50,114,159,17"
3092331141,275,11,12,"130,128,77,55,25,277,176,322,162,129"
3127999524,275,11,12,"106,165,112,143,59,214,123,144,142,111"
3093222244,275,11,12,"112,106,32,165,57,262,59,65,31,29"
3171237270,275,0,4,"101,206,98,195,95,190,140,311,188,46"
3729495599,275,6,11,"37,29,35,55,64,30,322,31,75,76"
3729494349,275,6,11,"37,29,55,322,48,35,47,76,64,75"
3730294134,275,6,11,"37,29,48,55,47,76,75,35,53,52"
3730294948,275,6,11,"37,48,47,29,55,53,76,176,35,75"
4009259266,275,9,0,"157,214,210,192,56,126,8,143,120,337"
4018929082,275,9,4,"59,112,106,262,165,32,164,107,214,176"
4018931592,275,9,4,"59,164,106,111,172,165,109,107,112,176"
4258550417,275,0,17,"246,247,59,176,55,262,277,76,322,214"
4353561880,275,1,17,"176,171,331,309,298,322,173,104,358,359"
4527914086,275,3,6,"164,165,111,107,172,78,40,113,106,98"
4527283849,275,3,6,"314,90,98,41,40,38,58,124,78,105"
4583333463,275,4,17,"106,107,108,164,57,113,172,109,111,59"
4707535922,275,5,3,"112,106,57,75,76,217,256,108,138,107"
4803039088,275,6,4,"25,176,22,59,128,171,129,110,77,237"
4806532932,275,6,3,"117,79,68,78,15,143,144,119,60,72"
5378805156,275,0,3,"200,114,96,243,40,92,250,115,98,148"
5378808588,275,0,3,"200,203,243,251,40,96,160,174,58,77"
5378210627,275,0,3,"105,114,250,100,202,244,148,200,147,99"
5378211653,275,0,3,"3,95,7,153,233,9,11,2,105,17"
5443356040,275,1,2,"20,142,24,177,91,240,176,55,62,60"
5442764415,275,1,2,"20,240,24,8,111,91,332,62,176,60"
5443374066,275,1,2,"8,142,176,68,60,120,20,6,59,91"
5957310196,275,6,3,"143,79,68,80,55,142,8,214,144,56"
11012054006,275,10,2,"42,29,236,57,32,172,38,108,110,237"
3658479680,276,5,9,"199,117,47,41,48,296,103,51,115,220"
6710509031,276,0,10,"57,201,108,107,111,277,106,162,165,109"
6710515827,276,0,10,"111,10,164,277,88,109,162,113,201,15"
8748434450,280,4,3,"80,142,79,92,55,187,121,144,120,143"
8815178524,280,4,3,"96,63,147,95,56,121,123,241,122,97"
8815189846,280,4,3,"118,124,53,244,92,96,243,154,99,226"
8815191904,280,4,2,"78,117,147,118,119,124,96,48,98,168"
8804620097,280,4,9,"153,188,95,24,151,154,96,45,21,16"
9135757330,280,5,4,"95,97,24,153,241,151,311,206,80,284"
9135763330,280,5,4,"79,80,144,120,161,157,123,142,145,68"
9135769056,280,5,4,"79,80,76,142,120,144,161,15,78,117"
9133553231,280,5,4,"79,144,170,80,142,148,15,120,161,145"
9135781814,280,5,4,"63,3,8,79,13,163,120,193,15,12"
9135787872,280,5,4,"138,47,51,48,154,163,49,80,199,115"
9135792144,280,5,4,"79,24,3,15,200,117,7,145,80,9"
9135797048,280,5,4,"16,24,15,26,21,95,154,92,45,170"
9133581487,280,5,4,"24,26,45,21,163,23,20,22,257,198"
9135809742,280,5,4,"79,63,144,80,145,134,161,15,163,120"
9135816326,280,5,4,"63,24,163,161,154,202,26,19,90,209"
9133600123,280,5,6,"117,241,78,79,24,145,119,15,147,41"
9135828904,280,5,6,"81,321,19,305,253,347,79,21,154,47"
9135835252,280,5,6,"79,117,80,253,183,161,134,163,55,144"
9135837408,280,5,6,"177,79,3,163,9,253,197,76,142,7"
9135839104,280,5,6,"114,200,8,115,170,95,243,142,202,244"
9135840782,280,5,6,"76,111,164,79,109,183,75,72,240,144"
9135842380,280,5,6,"24,100,41,154,26,21,45,119,8,63"
9133621441,280,5,6,"64,318,187,142,163,198,197,95,20,80"
9133623149,280,5,6,"80,79,163,120,55,119,63,31,138,56"
9135847154,280,5,6,"63,55,79,80,163,119,253,31,134,56"
9133626615,280,5,4,"79,5,148,3,95,80,0,7,24,147"
9135850362,280,5,4,"79,80,145,147,148,55,142,149,76,150"
9135851898,280,5,4,"79,145,3,80,117,7,168,147,9,150"
10479340653,281,9,5,"79,63,142,80,144,147,145,68,56,117"
10479244396,281,9,1,"83,82,85,86,88,84,87,57,161,59"
