8636126004,0,3,0,"13,19,17,67,1,6,37,10,16,48"
8635021631,0,3,1,"70,69,13,0,66,48,6,10,1,19"
7909379802,1,9,2,"104,65,83,152,126,86,78,101,100,205"
7909378764,1,9,2,"17,19,28,38,35,32,102,138,171,105"
7909378182,1,9,2,"28,17,99,19,36,33,105,20,102,37"
7909377748,1,9,2,"205,263,328,172,84,128,56,281,191,241"
7909377308,1,9,2,"313,70,254,48,69,72,68,169,154,149"
7909376910,1,9,2,"99,28,37,35,34,33,36,17,103,100"
7909376692,1,9,2,"107,175,266,75,33,202,108,171,203,39"
7909376086,1,9,2,"107,190,75,217,98,272,174,265,263,239"
7909375574,1,9,2,"297,63,42,44,36,160,94,0,149,7"
7909375086,1,9,2,"343,48,245,70,222,211,212,336,84,205"
7909374538,1,9,2,"83,1,72,86,78,25,247,185,61,32"
7909371670,1,9,3,"17,19,28,14,11,32,12,102,105,103"
7909371090,1,9,3,"201,21,199,198,151,252,247,109,267,155"
7909370428,1,9,3,"174,181,178,112,13,216,177,219,173,175"
7909369918,1,9,3,"28,17,105,32,85,103,99,19,138,102"
7909368464,1,9,3,"1,49,236,48,145,6,187,61,62,67"
7909368106,1,9,3,"14,85,11,179,79,12,180,17,71,176"
7909367508,1,10,4,"63,64,89,168,244,165,211,297,31,46"
7909367024,1,9,4,"28,99,102,17,38,105,103,35,19,98"
7909366560,1,9,4,"171,145,85,13,67,144,231,24,142,10"
7909365596,1,9,4,"83,152,88,86,20,72,74,76,151,89"
7909365056,1,9,5,"12,17,11,156,28,14,123,37,19,3"
7909364570,1,9,5,"11,156,84,12,123,98,36,14,94,149"
7909364258,1,9,5,"19,17,102,28,38,138,13,123,35,37"
7909363810,1,9,6,"20,154,76,172,190,205,96,212,23,249"
7909363454,1,9,6,"90,88,23,226,238,149,76,217,70,72"
7909401588,1,9,0,"99,35,28,38,37,17,55,103,21,102"
7909401274,1,9,0,"55,35,38,37,99,110,237,17,123,103"
7909400786,1,9,0,"55,38,35,106,110,123,17,217,95,138"
7909400390,1,9,1,"123,33,139,19,28,102,17,37,12,103"
7909399934,1,9,1,"11,12,19,156,14,123,6,90,67,32"
7909399322,1,9,1,"48,13,67,6,1,0,10,69,130,51"
7909398878,1,9,1,"102,17,123,19,37,38,55,35,103,56"
7909398280,1,9,0,"181,102,37,55,17,21,99,71,151,103"
7909397330,1,9,7,"25,83,1,128,6,74,57,43,46,260"
7909396800,1,10,4,"76,212,89,131,64,211,93,192,70,247"
7909391322,1,9,8,"68,115,226,160,116,84,17,153,13,59"
7909390842,1,9,8,"6,48,13,10,19,67,68,153,17,130"
7909389152,1,9,4,"88,90,76,91,74,72,83,23,93,86"
7909388218,1,9,9,"239,226,98,336,149,95,150,311,116,29"
9306374973,1,10,4,"28,103,38,35,100,17,19,16,105,138"
9309159068,1,10,4,"35,28,174,38,17,33,56,105,102,36"
9306372619,1,10,4,"197,158,112,154,217,207,243,68,39,10"
9309154604,1,10,2,"19,17,28,102,105,38,16,35,6,138"
9306367191,1,10,2,"172,46,57,128,205,135,56,131,25,170"
9306365391,1,10,2,"46,57,62,135,60,170,58,25,59,43"
9309149360,1,10,2,"28,99,17,33,37,19,35,102,36,105"
9309147720,1,10,2,"25,61,43,271,260,6,60,1,185,87"
9306360445,1,10,2,"128,84,89,227,70,92,73,1,293,6"
9306354099,1,10,4,"28,99,35,37,103,100,38,33,105,17"
9309125388,1,10,10,"172,76,191,279,261,56,72,188,20,17"
9309123714,1,10,10,"172,20,191,56,116,238,279,84,98,261"
9309121314,1,10,4,"67,68,13,80,1,83,0,7,84,6"
9309119810,1,10,4,"205,84,83,128,67,167,185,25,33,172"
9309118598,1,10,4,"131,84,104,77,83,126,76,205,86,101"
9306332045,1,10,4,"68,226,80,82,84,21,40,7,94,136"
9309114998,1,11,7,"28,17,102,19,36,99,56,105,103,38"
9309110442,1,11,7,"61,5,59,25,60,287,286,46,58,47"
9309109170,1,11,7,"47,259,133,13,132,64,162,157,22,213"
12088384345,1,11,7,"19,28,17,105,101,103,102,138,78,32"
12088690063,1,11,7,"83,20,25,128,84,205,6,28,154,78"
12088756334,1,11,7,"35,6,19,90,13,12,48,38,67,132"
12088682563,1,11,7,"19,16,250,6,101,11,77,1,35,127"
12088370345,1,11,7,"83,205,171,56,172,84,128,20,76,74"
12089035626,1,11,4,"22,3,83,7,42,44,336,81,25,6"
12088363005,1,11,4,"44,3,28,89,42,87,13,18,6,104"
6338782949,2,9,10,"76,188,96,190,94,238,174,175,247,107"
6339536304,2,9,5,"19,17,11,28,16,12,123,14,103,13"
6339536516,2,9,5,"17,28,19,12,11,38,10,103,123,13"
6339537048,2,9,5,"19,17,11,12,28,103,156,123,14,13"
5389825796,3,11,10,"20,190,154,76,19,188,74,107,191,6"
5389221469,3,11,10,"174,26,179,177,79,173,178,180,176,175"
5389221499,3,11,10,"175,79,176,7,174,189,151,107,179,108"
5389825900,3,11,10,"14,11,102,177,55,178,181,71,56,19"
5389221567,3,11,10,"23,177,178,333,173,144,151,327,79,26"
5389221609,3,11,10,"188,174,76,175,232,189,190,107,247,112"
5389221643,3,11,10,"176,173,79,270,179,178,180,177,26,181"
5389221693,3,11,10,"112,174,21,189,231,139,84,11,215,13"
5389826088,3,11,10,"69,48,13,0,10,70,15,127,227,73"
5391757989,3,11,5,"17,28,34,19,35,55,37,21,38,102"
5392358294,3,11,5,"34,99,17,35,28,37,237,288,33,234"
5391758121,3,11,5,"34,17,99,28,37,35,19,33,237,89"
5391758151,3,11,5,"17,28,34,19,37,33,149,123,12,35"
5391758173,3,11,5,"17,12,28,123,11,103,19,37,156,102"
5391758199,3,11,5,"33,44,70,18,126,269,41,3,141,236"
5392358440,3,11,5,"33,70,141,44,14,298,149,249,205,3"
5392358484,3,11,5,"160,70,336,33,120,141,19,71,3,346"
5391758297,3,11,5,"19,17,13,123,85,6,28,103,12,10"
3279655790,6,9,3,"102,19,17,99,28,55,37,105,56,103"
3279634770,6,9,3,"13,18,42,44,10,32,3,28,11,17"
3278840357,6,9,2,"28,17,99,33,19,105,37,103,16,38"
3279649052,6,9,2,"172,20,36,48,13,171,84,56,256,33"
3279632448,6,9,2,"75,112,19,175,190,265,107,217,174,139"
12604657264,9,1,3,"68,13,124,152,42,18,44,12,159,87"
12604667914,9,1,3,"19,20,17,85,102,56,105,28,98,169"
12604354693,9,1,2,"56,172,191,36,279,205,99,33,28,11"
12604272775,9,1,2,"28,17,105,19,103,102,32,78,33,38"
12604280005,9,1,2,"28,17,103,32,105,78,102,38,101,19"
12604724504,9,1,2,"20,99,28,33,98,78,154,17,149,36"
12604290785,9,1,2,"28,152,19,17,42,105,32,78,6,102"
12604718394,9,1,2,"99,28,20,154,78,17,85,149,98,19"
3028694441,11,10,5,"19,106,110,35,38,102,28,17,217,55"
3029533132,11,10,13,"163,47,142,160,48,120,60,4,248,59"
2157430441,13,11,9,"149,28,33,99,234,39,36,136,94,103"
2659616523,13,6,0,"99,35,38,55,37,28,110,138,17,16"
2663690454,13,6,1,"48,1,0,13,67,172,69,70,6,235"
3718188270,13,6,1,"1,11,70,32,48,13,6,171,12,67"
2661309464,13,6,1,"99,35,37,28,11,38,123,67,78,103"
2663690468,13,6,1,"11,123,35,38,13,17,14,103,55,102"
2663690498,13,6,0,"17,261,103,234,55,19,16,98,28,205"
2663690492,13,6,1,"6,67,17,13,48,10,16,28,12,32"
8414817267,13,0,2,"3,48,67,44,203,81,13,21,107,201"
8414842617,13,0,2,"39,136,111,94,272,190,251,273,217,110"
9072653232,13,0,2,"99,37,28,33,35,17,103,125,36,34"
9079422859,13,0,2,"99,28,33,37,35,36,19,38,39,102"
8426221724,13,0,2,"233,257,137,81,156,12,39,94,82,36"
9069909363,13,0,2,"28,3,44,17,35,99,103,32,12,18"
9069755627,13,0,3,"48,169,254,13,0,227,67,32,44,124"
3350423827,16,10,9,"174,173,175,79,176,178,180,179,181,177"
3350235631,16,10,5,"34,99,17,28,35,76,37,33,187,96"
3350422771,16,10,9,"201,109,151,174,181,252,267,108,39,216"
3351242760,16,10,2,"77,334,84,101,205,33,104,172,96,92"
3351250372,16,10,9,"94,149,116,311,257,238,96,301,268,323"
3351062486,16,10,5,"76,17,96,190,238,34,94,88,35,149"
3350234301,16,10,5,"76,88,34,17,33,20,190,74,99,89"
4450689927,17,2,5,"17,19,28,20,6,35,123,190,217,34"
4451464248,17,2,5,"17,28,19,31,103,102,172,55,37,56"
4450694281,17,2,5,"17,19,11,123,28,156,12,6,35,102"
4450695839,17,2,5,"17,19,12,123,156,11,28,37,103,35"
4450697817,17,2,5,"12,11,156,17,123,103,3,14,19,10"
4450699473,17,2,5,"19,17,28,12,35,103,38,55,3,156"
4450703635,17,2,5,"12,17,123,19,156,11,103,28,3,10"
4450706573,17,2,5,"17,12,103,3,10,11,28,16,19,138"
4450709919,17,2,5,"70,33,73,72,227,149,69,258,131,32"
4451486144,17,2,5,"103,11,12,3,17,10,123,37,19,14"
4450716237,17,2,5,"28,33,3,44,17,70,19,6,72,32"
4450717437,17,2,5,"28,34,33,17,36,149,99,35,237,96"
4450719215,17,2,5,"3,11,6,12,103,13,19,17,33,10"
4451492894,17,2,5,"3,11,6,12,103,17,13,167,10,19"
4450723003,17,2,5,"21,39,108,112,226,17,107,230,284,84"
4451497678,17,2,5,"70,33,227,72,73,149,42,32,258,44"
4451499546,17,2,5,"33,70,34,149,17,99,37,98,56,126"
4451501302,17,2,5,"33,70,11,14,72,73,149,3,10,12"
4450730901,17,2,5,"17,19,28,16,12,103,123,10,13,138"
4451503746,17,2,5,"17,28,12,19,103,16,138,13,37,123"
4451509098,17,2,5,"99,17,33,37,34,28,19,55,100,16"
4451512650,17,2,5,"99,19,28,33,55,37,17,98,35,34"
4450743269,17,2,5,"11,14,12,17,103,19,123,70,28,32"
4451515840,17,2,5,"196,144,197,146,68,48,227,160,53,4"
4451517340,17,2,5,"33,99,28,17,19,37,56,205,32,172"
4450747215,17,2,5,"17,19,38,28,13,35,68,6,123,12"
4451521478,17,2,5,"33,72,70,73,149,325,71,74,126,101"
4450756889,17,2,5,"6,19,11,17,28,1,84,123,32,37"
4450762657,17,2,5,"35,17,138,68,16,38,13,28,6,19"
4451537720,17,2,5,"68,222,13,142,0,17,47,245,10,145"
4450767421,17,2,5,"257,6,17,149,144,16,138,19,28,90"
4451543154,17,2,5,"19,16,138,35,55,13,17,38,250,149"
4450772193,17,2,5,"19,17,28,6,138,16,13,103,100,123"
4450773125,17,2,5,"19,6,28,16,11,138,55,17,37,85"
4451546640,17,2,5,"70,101,17,73,15,32,295,100,48,250"
4451547702,17,2,5,"35,55,17,38,138,28,13,16,37,149"
4451548902,17,2,5,"35,17,99,37,38,28,16,138,55,13"
4451550376,17,2,5,"21,112,226,174,107,175,17,151,263,108"
4451551568,17,2,5,"17,16,28,19,35,138,38,37,103,55"
4450780013,17,2,5,"19,28,11,103,55,37,16,17,101,12"
4451554380,17,2,5,"17,56,6,3,32,102,55,37,11,101"
4450783411,17,2,5,"19,138,250,55,149,56,16,98,17,295"
4451557496,17,2,5,"19,6,17,32,70,33,71,101,28,16"
4450787183,17,2,5,"16,17,28,19,103,32,138,6,12,3"
4450788349,17,2,5,"124,3,10,16,84,0,13,100,101,104"
4451563460,17,2,5,"16,19,101,3,100,138,250,28,17,103"
4451566138,17,2,5,"17,19,55,100,123,138,250,288,35,16"
4450796337,17,2,5,"290,4,306,236,2,196,144,345,142,53"
4451570886,17,2,5,"35,38,17,28,89,55,19,95,217,112"
4450800511,17,2,5,"17,28,21,19,84,39,33,123,128,20"
4450802375,17,2,5,"11,14,12,103,28,149,3,17,123,33"
4450805685,17,2,5,"17,19,12,28,6,156,123,11,10,38"
4451580386,17,2,5,"19,250,100,106,138,11,101,17,28,16"
4450808541,17,2,5,"3,44,103,12,11,28,123,17,13,14"
4451582448,17,2,5,"3,103,12,11,17,44,28,123,156,13"
4450811035,17,2,5,"11,14,12,103,3,123,17,10,156,37"
4450812701,17,2,5,"11,14,12,103,3,33,28,19,17,37"
4451588160,17,2,5,"17,19,28,12,103,138,38,13,3,6"
4450914995,17,2,5,"3,44,103,28,12,11,17,123,13,32"
4450915895,17,2,5,"19,11,17,12,28,33,16,14,103,149"
4450828779,17,2,5,"12,19,11,103,17,123,156,14,28,3"
4451603064,17,2,5,"89,104,86,82,101,100,80,76,152,7"
4451604896,17,2,5,"80,82,7,81,8,42,167,31,89,152"
4451606088,17,2,5,"19,12,11,156,55,123,16,33,17,103"
4451607930,17,2,5,"99,34,37,28,17,237,33,35,288,72"
4450837155,17,2,5,"99,34,17,37,28,237,72,33,188,21"
4451611264,17,2,5,"99,34,37,28,17,237,33,35,174,288"
4450840563,17,2,5,"107,122,136,175,219,339,109,174,203,45"
4450872091,17,2,5,"17,34,99,28,35,27,55,19,123,187"
4450873483,17,2,5,"17,99,28,35,34,19,37,38,55,102"
4450875171,17,2,5,"17,123,28,55,19,34,35,288,38,102"
4450878169,17,2,5,"12,11,17,156,14,123,33,28,103,249"
4451651864,17,2,5,"11,12,14,156,28,17,103,123,37,19"
4451653506,17,2,5,"12,11,156,17,14,123,28,38,249,19"
4451655070,17,2,5,"12,103,11,156,17,123,149,10,3,37"
4450884455,17,2,5,"12,156,11,13,19,123,17,84,28,3"
4451657608,17,2,5,"82,81,136,149,39,138,80,70,68,94"
4450887099,17,2,5,"82,138,81,68,80,149,35,7,104,118"
4450888681,17,2,5,"68,149,138,82,7,81,19,226,250,104"
4450890233,17,2,5,"104,149,138,250,101,125,100,70,222,16"
4451663592,17,2,5,"149,70,104,73,277,138,276,250,7,100"
4450892981,17,2,5,"104,250,17,149,16,138,70,100,73,125"
4450893927,17,2,5,"74,17,78,71,100,20,28,55,101,88"
4451667206,17,2,5,"277,276,81,7,148,28,103,82,12,149"
4450895827,17,2,5,"34,33,99,28,37,84,39,19,17,125"
4450896681,17,2,5,"34,17,99,28,89,35,37,38,92,33"
4450897383,17,2,5,"99,28,17,34,35,37,19,100,33,101"
4451670632,17,2,5,"22,63,89,31,9,159,235,148,80,236"
4451414496,17,2,5,"64,89,168,244,87,63,245,246,133,1"
4770436219,17,6,12,"80,82,63,235,297,148,9,160,67,122"
4770436671,17,6,12,"269,93,7,76,89,330,258,70,257,211"
4770436955,17,6,12,"76,247,72,83,188,154,20,190,74,1"
4771073670,17,6,12,"88,20,89,78,76,173,28,126,39,83"
4770437419,17,6,12,"88,20,76,86,91,89,83,211,78,212"
4771074166,17,6,12,"88,76,39,126,74,83,33,78,101,28"
4770437767,17,6,12,"39,76,88,125,126,81,33,84,20,82"
4770437931,17,6,12,"76,89,149,88,131,152,31,269,77,93"
4771074722,17,6,12,"149,31,72,131,152,70,73,93,76,269"
4770438353,17,6,12,"89,88,76,149,33,104,83,101,148,39"
4770434265,17,6,12,"88,76,89,86,83,90,91,92,74,93"
4830222342,17,6,1,"19,102,99,55,56,28,37,103,6,17"
4830223370,17,6,1,"188,76,247,72,74,20,190,198,154,83"
4829612803,17,6,1,"178,177,176,270,181,79,180,179,174,153"
4830225412,17,6,1,"17,19,11,13,38,35,12,103,70,6"
4829614699,17,6,1,"19,102,28,99,33,103,37,17,123,55"
4829615995,17,6,1,"11,12,123,156,84,14,19,17,28,102"
4829616933,17,6,1,"11,123,12,156,103,139,102,19,14,38"
4829617815,17,6,1,"188,71,76,178,72,151,181,177,200,74"
4829619259,17,6,1,"181,103,102,55,17,19,11,71,123,32"
4829620079,17,6,1,"99,17,28,33,37,21,35,123,103,19"
4830232728,17,6,1,"17,102,103,28,19,37,123,55,181,174"
4830233226,17,6,1,"11,19,55,14,103,17,102,32,181,12"
4829623143,17,6,1,"21,22,31,157,13,151,159,231,120,76"
4830235906,17,6,1,"28,17,37,35,33,38,102,103,55,99"
4829624739,17,6,1,"28,17,21,38,35,33,123,19,84,13"
4829625761,17,6,1,"1,6,72,74,32,56,83,247,130,87"
4829626909,17,6,1,"13,48,0,29,10,91,254,169,12,18"
4830239532,17,6,1,"13,0,48,124,67,169,10,3,254,227"
4830241836,17,6,1,"76,190,56,247,191,188,263,152,19,171"
4830243510,17,6,1,"19,102,56,55,123,38,35,13,139,11"
4829633267,17,6,1,"108,173,174,112,181,13,200,155,188,278"
4830245622,17,6,1,"102,19,6,56,123,11,55,1,38,75"
4830246150,17,6,1,"55,35,38,1,19,6,123,11,102,67"
4829635955,17,6,1,"188,76,190,247,174,175,106,198,55,181"
4830248962,17,6,1,"11,19,123,171,13,67,103,102,48,56"
4830250178,17,6,1,"19,102,6,56,1,11,38,13,83,103"
4830252294,17,6,1,"13,11,48,10,0,67,171,3,12,123"
4830253326,17,6,1,"56,38,35,171,123,55,11,19,191,13"
4829642489,17,6,1,"99,28,35,38,17,37,33,55,36,19"
4830255296,17,6,1,"171,112,85,13,19,11,84,263,139,10"
4829644419,17,6,1,"35,102,28,99,55,37,17,38,103,181"
4829645385,17,6,1,"181,55,56,102,13,11,173,174,200,171"
4830259192,17,6,1,"181,72,151,153,204,173,247,252,203,176"
4829648711,17,6,1,"178,177,174,176,175,173,79,181,216,179"
4829649627,17,6,1,"174,173,175,216,112,189,181,218,176,219"
4829650107,17,6,1,"35,28,38,37,17,99,55,103,102,105"
4830262494,17,6,0,"35,38,28,17,37,55,102,99,103,174"
4829651539,17,6,1,"28,38,35,17,33,84,123,19,102,36"
4830263532,17,6,1,"35,38,28,37,17,99,55,103,102,105"
4829652565,17,6,1,"35,38,28,37,17,55,103,102,105,99"
4829652891,17,6,1,"35,38,99,28,17,37,55,103,102,33"
4830265150,17,6,1,"19,102,55,17,103,71,123,75,105,56"
4829653971,17,6,1,"174,188,178,177,175,181,76,79,173,176"
4830266522,17,6,0,"55,17,181,103,102,30,105,19,71,38"
4830267232,17,6,0,"99,19,28,37,102,38,123,113,103,35"
4830267832,17,6,0,"94,341,150,342,156,116,107,173,238,109"
4829656895,17,6,1,"19,102,55,56,103,17,13,11,37,16"
4830269638,17,6,1,"38,123,13,35,17,6,11,19,70,84"
4830270330,17,6,1,"19,123,33,17,28,11,102,217,35,139"
4829659173,17,6,1,"19,123,17,102,103,6,128,70,55,32"
4829659983,17,6,1,"19,17,123,102,28,11,32,33,55,35"
4830272568,17,6,1,"19,17,102,56,28,55,105,33,20,191"
4829661169,17,6,1,"19,56,102,105,55,191,32,17,33,28"
4830274754,17,6,1,"55,38,35,28,110,17,99,123,95,39"
4830276024,17,6,1,"19,123,38,35,102,17,139,13,55,75"
4830277092,17,6,1,"13,117,67,0,69,70,10,1,48,66"
4829665621,17,6,1,"106,110,55,111,156,39,113,11,123,14"
4829666029,17,6,1,"19,55,35,38,17,16,37,102,28,11"
4830278736,17,6,1,"106,55,110,38,35,217,28,156,111,95"
4830279128,17,6,1,"55,38,106,35,110,37,28,103,102,16"
4830279806,17,6,0,"56,19,17,172,13,55,191,35,37,102"
4830280474,17,6,0,"56,172,191,19,205,279,20,256,55,32"
4829668939,17,6,0,"0,2,195,313,115,13,66,46,290,48"
4829669697,17,6,0,"55,28,106,13,38,37,35,103,17,16"
4829670393,17,6,0,"174,200,72,155,4,181,267,115,299,160"
4830283298,17,6,0,"110,156,111,113,106,217,13,19,12,251"
4829671547,17,6,0,"19,17,32,6,250,138,16,28,38,13"
4829672451,17,6,0,"55,19,32,75,6,71,11,74,1,181"
4829673203,17,6,0,"6,18,11,32,12,19,14,87,10,17"
4830285856,17,6,0,"11,13,12,67,3,103,87,32,6,123"
4829674435,17,6,0,"177,171,67,179,81,180,0,136,178,12"
4829675157,17,6,0,"55,71,32,72,73,74,1,56,6,75"
4829675633,17,6,0,"29,91,27,89,254,11,151,87,14,153"
4830288428,17,6,0,"35,99,55,38,37,28,102,103,17,181"
4829676619,17,6,0,"181,173,79,174,178,176,179,175,180,177"
4829677381,17,6,0,"35,99,38,28,37,17,55,181,103,138"
4830290760,17,6,0,"71,55,17,56,171,72,11,174,123,74"
4830291646,17,6,0,"28,35,38,55,99,17,37,19,102,65"
4829680493,17,6,0,"21,112,55,278,72,13,188,31,181,19"
4830293424,17,6,0,"35,55,181,38,102,156,11,37,123,103"
4829681831,17,6,0,"19,6,11,13,17,38,123,35,12,28"
4830295072,17,6,0,"13,66,48,0,69,67,19,70,1,6"
4830295864,17,6,0,"222,68,6,172,13,140,245,67,48,18"
4829683927,17,6,0,"29,13,91,67,87,27,254,44,123,48"
4830296968,17,6,0,"91,13,87,0,154,44,48,3,1,130"
4829685323,17,6,1,"13,44,87,48,130,3,67,18,222,38"
4830298200,17,6,1,"19,17,176,112,75,149,169,32,79,55"
4829686571,17,6,1,"79,176,19,141,32,112,150,20,55,261"
4830299352,17,6,1,"35,38,28,99,37,55,103,138,105,102"
4829687847,17,6,1,"19,11,12,17,139,123,32,13,171,84"
4829688723,17,6,1,"11,17,12,156,19,123,14,13,21,139"
4829689613,17,6,1,"19,32,17,20,55,71,85,56,102,169"
4829690457,17,6,1,"11,12,156,19,123,103,14,17,102,3"
4829691061,17,6,1,"156,12,11,106,137,14,326,139,215,84"
4830304356,17,6,1,"55,21,19,123,84,102,103,17,37,28"
4829692767,17,6,1,"28,99,33,37,17,36,123,11,265,35"
4829693623,17,6,1,"156,12,11,14,137,123,249,278,116,139"
4829694591,17,6,1,"11,156,12,55,14,103,123,102,10,13"
4830307482,17,6,1,"33,99,37,55,35,123,28,36,38,84"
4830308524,17,6,1,"55,11,14,156,123,12,103,38,13,35"
4829697471,17,6,1,"222,34,37,1,13,11,125,0,6,126"
4829698691,17,6,1,"0,48,2,141,13,51,327,10,24,168"
4830311832,17,6,1,"35,13,38,55,37,69,16,11,102,17"
4829699985,17,6,1,"35,99,38,28,37,17,55,33,34,125"
4829701017,17,6,1,"19,6,128,32,1,70,38,35,17,75"
4829702143,17,6,1,"123,11,13,128,19,48,75,17,38,56"
4829702967,17,6,1,"106,55,107,108,38,109,110,111,112,113"
4829704737,17,6,1,"19,56,102,55,11,13,181,17,123,200"
4829760391,17,6,2,"1,6,87,222,32,84,0,25,324,274"
4829760657,17,6,2,"33,84,128,172,205,131,25,57,46,36"
4830373638,17,6,2,"19,128,33,84,6,205,101,334,98,28"
4830373744,17,6,2,"0,128,84,1,46,32,115,48,70,248"
4830373826,17,6,2,"191,20,205,76,56,174,172,74,154,281"
4829825733,17,6,12,"174,217,20,175,13,95,17,112,84,238"
4830437566,17,6,12,"48,257,124,303,304,144,196,305,236,306"
5128453232,17,9,5,"28,35,39,37,67,36,17,82,84,38"
5127848767,17,9,5,"28,37,103,100,102,35,36,84,17,38"
5128455132,17,9,5,"24,141,142,143,144,145,146,147,49,0"
5128456248,17,9,5,"226,88,21,20,72,83,169,68,174,152"
5128456778,17,9,5,"28,17,33,37,102,125,100,99,101,36"
5127852041,17,9,5,"36,28,149,39,99,17,33,96,104,94"
5128457792,17,9,5,"33,28,17,36,37,34,102,84,99,105"
5128458386,17,9,5,"33,28,37,17,102,125,104,105,14,249"
5128458812,17,9,5,"82,81,148,67,225,80,7,39,9,36"
5127854233,17,9,5,"17,28,100,101,102,37,105,104,103,35"
5127854689,17,9,5,"17,28,101,100,102,105,104,37,19,103"
5127855493,17,9,5,"101,28,17,100,104,250,16,35,105,138"
5128461240,17,9,5,"28,100,101,104,17,37,16,102,250,105"
5128461818,17,9,5,"28,101,100,17,102,37,104,105,103,19"
5128462576,17,9,5,"149,70,28,104,131,44,33,101,84,17"
5127858439,17,9,5,"149,70,44,104,101,17,28,131,84,13"
5127859313,17,9,5,"222,67,80,0,13,84,94,82,91,159"
5127859951,17,9,5,"13,67,104,101,84,222,44,131,35,17"
5128465904,17,9,5,"67,13,222,85,48,124,104,211,86,66"
5127862111,17,9,5,"67,222,13,44,3,257,10,18,157,12"
5127863471,17,9,5,"44,3,104,28,157,16,101,103,13,18"
5127864489,17,9,5,"222,67,148,70,81,149,84,82,91,13"
5128470718,17,9,5,"67,69,70,148,48,0,13,222,149,124"
5128471748,17,9,5,"101,28,100,16,37,104,103,67,17,149"
5128473006,17,9,5,"82,80,67,148,68,81,13,39,235,37"
5128474128,17,9,5,"7,82,80,35,179,180,37,131,28,99"
5127870269,17,9,5,"94,96,238,268,68,28,20,36,84,149"
5128477144,17,9,5,"13,222,12,3,10,101,67,16,100,149"
5128478374,17,9,5,"68,104,13,101,222,125,37,100,118,138"
5128479272,17,9,5,"70,69,73,148,1,72,149,0,15,48"
5127875091,17,9,5,"67,13,104,222,68,149,70,257,94,84"
5127875979,17,9,5,"66,157,91,48,211,101,169,167,99,72"
5127877051,17,9,5,"222,67,211,13,149,124,6,68,1,66"
5128483114,17,9,5,"67,104,44,101,149,148,13,70,94,222"
5127878645,17,9,5,"33,149,28,44,84,37,340,125,126,70"
5127879337,17,9,5,"101,70,250,149,148,104,100,33,16,71"
5128485204,17,9,5,"13,66,67,222,217,157,124,44,117,142"
5127881449,17,9,5,"68,104,28,17,16,12,149,13,3,10"
5128487662,17,9,5,"68,13,84,70,91,67,222,142,38,35"
5127884029,17,9,5,"257,80,82,148,81,9,222,67,276,235"
5127885147,17,9,5,"80,257,86,82,148,94,91,63,96,297"
5127886053,17,9,5,"82,7,28,89,83,148,104,205,39,37"
5127886945,17,9,5,"28,89,99,83,37,154,20,7,205,82"
5127887945,17,9,5,"39,82,67,37,148,33,104,125,76,89"
5128493712,17,9,5,"104,7,83,82,28,80,78,148,101,126"
5127889999,17,9,5,"112,94,175,96,39,176,149,174,179,36"
5127891151,17,9,5,"112,174,39,149,96,175,238,76,89,189"
5127892171,17,9,5,"76,211,96,212,88,94,192,91,190,247"
5127893741,17,9,5,"76,83,247,20,211,190,226,212,88,72"
5127895377,17,9,5,"212,211,94,96,88,238,76,192,172,268"
5127896145,17,9,5,"211,76,88,212,94,81,159,96,82,257"
5135667121,17,9,7,"102,105,37,82,104,81,100,103,125,101"
5135670013,17,9,7,"82,81,80,159,157,102,148,7,225,42"
5135705200,17,9,7,"82,80,81,7,157,159,9,37,225,102"
5135709760,17,9,7,"82,148,80,42,102,81,276,277,67,44"
5136275164,17,9,7,"82,81,80,148,117,276,277,42,225,104"
5136279164,17,9,7,"82,81,102,80,148,67,137,276,159,225"
5136282098,17,9,7,"82,81,80,102,159,42,157,148,276,225"
5135685551,17,9,7,"102,82,81,37,105,103,80,104,100,159"
5135128149,17,9,7,"81,67,104,82,101,222,125,148,48,102"
5136290752,17,9,7,"81,82,117,42,276,80,148,225,7,152"
5135134745,17,9,7,"102,82,81,157,159,67,104,13,105,222"
5135137711,17,9,7,"99,100,28,101,102,37,103,104,105,78"
5135695339,17,9,7,"25,61,43,316,271,1,134,0,227,6"
5135150647,17,9,7,"222,136,80,82,7,225,0,67,81,124"
5135160107,17,9,7,"67,80,122,201,203,82,39,219,81,0"
5136304316,17,9,7,"80,81,82,67,7,201,122,330,193,0"
5136310688,17,9,7,"80,82,67,201,0,122,51,258,45,81"
5136326518,17,9,7,"89,68,318,76,86,211,67,83,80,319"
5135788430,17,9,7,"80,81,86,225,82,7,84,222,104,136"
5135795578,17,9,7,"62,53,132,248,57,49,289,61,1,60"
6458269179,17,11,14,"7,205,28,82,104,33,148,81,88,78"
6458271701,17,11,14,"148,82,67,39,81,235,69,298,276,48"
6461475063,17,11,14,"82,81,80,7,276,225,148,9,193,118"
3256290756,18,0,11,"94,36,81,76,7,96,82,23,2,95"
3256210012,18,0,11,"1,13,6,48,0,67,137,10,130,344"
3255551851,18,0,11,"67,68,137,13,344,47,317,48,10,1"
3247364625,18,0,11,"201,247,198,67,109,21,107,151,39,200"
3256212082,18,0,11,"67,13,86,1,48,247,6,91,136,83"
3247418269,18,0,11,"82,118,80,193,81,7,42,9,48,157"
3295469190,18,1,5,"82,81,80,7,276,39,225,42,104,102"
3292685321,18,1,5,"28,99,37,33,14,11,35,34,36,249"
4571938920,19,3,3,"11,68,137,12,67,13,6,14,17,38"
4571303239,19,3,3,"122,7,148,315,71,276,277,42,40,3"
4571953268,19,3,2,"28,17,99,6,32,16,12,19,14,85"
4571318027,19,3,2,"106,266,190,111,188,113,175,107,203,265"
4571318709,19,3,2,"247,76,198,199,86,177,188,200,178,172"
8444960395,21,10,2,"19,17,28,16,38,35,6,138,102,105"
8444960677,21,10,2,"28,17,19,99,105,20,78,33,32,35"
8444960977,21,10,2,"36,33,28,84,19,17,20,98,99,85"
8444961261,21,10,2,"28,17,19,105,32,38,33,35,78,6"
8446051152,21,10,2,"19,17,28,102,103,105,6,16,37,138"
8446051448,21,10,2,"28,17,19,99,33,105,35,102,34,32"
8444962193,21,10,2,"19,28,102,17,32,105,103,56,33,6"
8444962579,21,10,2,"28,17,19,99,33,20,105,35,38,32"
8444962901,21,10,2,"17,28,56,19,12,105,32,14,11,102"
8446052882,21,10,2,"28,17,19,56,32,105,78,138,12,6"
8444963575,21,10,2,"28,17,68,35,38,6,19,13,16,138"
8444964003,21,10,2,"28,99,17,19,33,37,32,11,35,6"
8446053982,21,10,2,"28,17,19,6,68,16,138,149,84,55"
8444964609,21,10,2,"6,19,32,17,28,12,103,87,11,10"
8444965027,21,10,2,"13,67,68,18,17,35,66,44,38,157"
8444965511,21,10,2,"6,11,12,17,28,156,19,32,149,14"
8446055504,21,10,2,"85,28,150,20,149,32,152,17,169,99"
8444966195,21,10,2,"11,14,42,18,29,32,44,87,12,27"
8446056178,21,10,2,"44,13,3,18,10,6,67,12,91,130"
8446056564,21,10,2,"6,32,1,87,11,83,20,14,212,211"
8446056914,21,10,2,"20,6,11,32,149,212,70,154,205,14"
8444967825,21,10,2,"28,19,17,102,105,38,103,16,33,35"
8444968123,21,10,2,"51,195,69,66,15,10,258,298,70,0"
8446060670,21,10,7,"56,145,205,261,98,223,352,309,191,224"
8446061260,21,10,7,"46,1,25,6,43,122,63,59,0,131"
8444971989,21,10,7,"28,17,38,102,35,19,105,101,103,75"
8444972449,21,10,7,"227,25,271,72,46,83,6,61,134,1"
8444973067,21,10,7,"85,84,172,205,56,48,77,38,279,70"
8446063422,21,10,7,"131,89,70,1,84,227,25,91,6,63"
8444974027,21,10,7,"1,6,44,61,0,25,3,13,167,182"
8444974779,21,10,7,"13,10,3,222,2,258,44,17,16,313"
8446065136,21,10,7,"13,67,68,10,48,6,2,0,3,222"
8444975817,21,10,7,"4,306,225,42,160,59,122,165,40,115"
8446066074,21,10,7,"1,6,25,128,32,61,83,84,87,75"
8446066484,21,10,7,"1,6,25,83,61,87,222,76,128,0"
8444977197,21,10,7,"6,1,128,75,87,55,67,211,48,212"
8444977501,21,10,7,"1,6,32,83,25,74,87,55,128,19"
8446067900,21,10,7,"6,1,128,25,83,48,0,32,75,72"
8446068254,21,10,7,"89,77,84,128,132,70,187,172,31,25"
8444978811,21,10,7,"32,87,13,1,70,16,101,48,3,78"
8446069032,21,10,7,"161,3,182,165,167,40,13,61,258,47"
8444980597,21,10,7,"57,58,170,62,135,46,60,20,85,213"
8446070836,21,10,7,"43,25,271,61,58,128,46,6,132,57"
8446100864,21,10,3,"28,30,71,17,105,19,101,102,100,181"
8446101242,21,10,3,"12,10,17,3,11,28,103,15,32,16"
8446101656,21,10,3,"79,176,26,179,180,270,174,178,177,175"
8446101992,21,10,3,"17,32,28,16,19,105,12,85,138,78"
8445012537,21,10,3,"13,10,18,3,67,12,6,19,44,16"
8446102990,21,10,3,"174,79,26,176,173,179,112,177,181,178"
8446103432,21,10,3,"17,19,28,12,11,138,35,102,32,103"
8446104276,21,10,3,"20,151,174,29,188,173,107,27,11,76"
8446104778,21,10,3,"18,13,32,44,17,157,42,28,152,138"
8445015093,21,10,3,"3,18,44,28,157,13,12,16,17,87"
8445015469,21,10,3,"13,35,38,67,44,32,19,17,18,87"
8446105862,21,10,3,"67,68,13,137,19,35,156,38,6,111"
8445016255,21,10,3,"71,17,28,105,79,32,176,177,200,179"
8445016653,21,10,3,"181,105,30,102,28,17,32,71,55,173"
8445017079,21,10,3,"28,17,35,105,38,32,19,138,99,78"
8446107654,21,10,3,"19,76,71,79,102,153,17,20,33,178"
8446108272,21,10,3,"173,181,112,175,278,108,216,189,178,151"
8445018895,21,10,3,"13,10,67,12,11,3,87,18,17,14"
8445019393,21,10,3,"13,10,67,17,3,12,28,68,6,48"
8446109818,21,10,3,"3,28,32,13,44,18,17,10,85,87"
8445029245,21,10,3,"10,17,19,6,13,16,15,28,69,34"
8446119732,21,10,3,"13,17,32,6,19,87,130,28,67,12"
8446120196,21,10,3,"102,19,105,17,103,28,37,38,56,123"
8446120648,21,10,3,"28,17,99,38,19,105,102,35,56,37"
8445031443,21,10,3,"28,19,20,11,55,74,17,14,103,6"
8445031907,21,10,3,"11,28,20,14,19,55,17,74,103,71"
8445032323,21,10,3,"28,17,35,38,105,138,99,78,32,103"
8445032603,21,10,3,"28,17,105,103,32,38,35,138,27,100"
8445032895,21,10,3,"19,102,48,105,17,28,32,98,6,56"
8445036621,21,10,3,"13,10,38,35,17,6,19,3,15,50"
8446126690,21,10,3,"13,3,44,18,10,222,87,48,17,12"
8445037293,21,10,3,"227,0,141,13,91,48,124,169,70,66"
8446127386,21,10,3,"1,48,6,172,72,56,215,67,32,13"
8446127680,21,10,3,"11,32,85,18,19,13,171,28,78,138"
8445038283,21,10,3,"13,32,19,10,85,18,28,6,17,67"
8446128690,21,10,3,"13,67,137,10,48,12,66,3,11,44"
8446129252,21,10,3,"13,18,3,124,10,130,42,44,87,66"
8445039753,21,10,3,"48,66,13,0,2,85,67,141,169,51"
8446129912,21,10,3,"174,112,189,55,17,234,322,175,35,188"
8446130150,21,10,3,"35,174,181,55,112,17,38,288,175,322"
8445040627,21,10,3,"17,35,38,56,174,112,19,28,55,105"
8445040939,21,10,3,"13,67,222,68,11,137,10,48,140,193"
8445041337,21,10,3,"13,91,227,169,0,254,316,44,152,18"
8445041707,21,10,3,"13,44,3,18,48,91,0,10,227,32"
8446131890,21,10,3,"13,227,44,32,73,70,67,0,6,17"
8445042243,21,10,3,"13,32,18,17,19,87,28,10,6,3"
8445042855,21,10,3,"11,17,14,19,28,20,32,78,85,38"
8445043389,21,10,3,"60,46,58,157,61,87,59,159,43,4"
8445043941,21,10,3,"181,203,201,151,174,267,108,200,194,109"
8446137046,21,10,2,"19,17,28,102,105,6,32,138,103,33"
8446137910,21,10,2,"85,19,32,160,0,70,92,149,48,169"
8445048503,21,10,2,"33,36,28,20,17,19,84,154,205,243"
8446138450,21,10,2,"20,212,211,11,14,154,87,76,6,70"
8445049365,21,10,2,"85,20,19,98,84,171,128,172,169,205"
8445049631,21,10,2,"28,19,99,33,84,20,17,105,78,102"
8446139430,21,10,2,"19,28,33,17,6,172,20,102,84,37"
8445050337,21,10,2,"19,20,217,17,190,98,75,28,85,84"
8446140220,21,10,2,"36,33,102,19,28,99,17,56,105,98"
8445051015,21,10,2,"28,19,17,38,35,13,55,11,6,56"
8445051441,21,10,2,"19,98,75,263,33,128,84,56,139,28"
8445051889,21,10,2,"215,84,139,326,172,13,115,202,112,256"
8445052225,21,10,2,"263,217,272,190,174,75,128,98,215,281"
8446142054,21,10,2,"172,94,256,205,20,84,96,191,48,279"
8446142356,21,10,2,"106,75,19,111,190,217,110,265,98,84"
8445053323,21,10,2,"75,107,111,175,265,190,266,203,112,108"
8445053769,21,10,2,"203,198,201,194,181,108,215,200,247,109"
8445054011,21,10,2,"158,217,160,197,39,10,196,195,0,50"
8446143850,21,10,2,"33,112,36,39,174,75,175,96,35,107"
8446144062,21,10,2,"36,96,285,292,273,112,272,39,242,33"
8445054907,21,10,2,"94,36,160,120,95,297,197,96,315,158"
8446144794,21,10,2,"19,56,33,75,28,172,37,102,38,191"
8446145060,21,10,2,"19,33,75,172,56,128,279,113,11,205"
8445055855,21,10,2,"20,190,154,76,172,98,191,205,84,243"
8445056179,21,10,2,"19,56,17,98,102,28,20,105,33,75"
8445056491,21,10,2,"190,84,76,215,128,13,0,112,19,75"
8446146352,21,10,2,"33,17,28,19,20,36,98,149,85,70"
5274437151,23,11,8,"3,104,48,275,12,126,132,13,101,125"
5275083402,23,11,5,"12,11,17,156,19,28,14,103,123,3"
5275081734,23,11,5,"12,156,11,17,14,103,123,10,28,3"
6114668207,24,5,6,"48,193,107,67,0,109,108,39,118,157"
6115214770,24,5,6,"48,258,130,1,87,13,84,41,0,129"
6115215202,24,5,6,"48,129,306,4,163,91,220,308,130,0"
6115213106,24,5,6,"48,1,67,13,0,6,10,130,222,124"
6114669375,24,5,6,"3,13,10,0,222,68,129,130,6,67"
6115215620,24,5,6,"118,257,233,49,159,2,48,193,157,323"
6115216132,24,5,6,"81,225,9,276,148,222,229,7,82,84"
6351815604,24,5,8,"77,334,250,71,101,314,104,296,100,125"
6351074547,24,5,3,"70,83,77,11,20,32,154,101,33,149"
6351075439,24,5,3,"7,80,82,61,81,25,131,60,43,46"
6351076405,24,5,3,"102,19,17,28,99,105,30,37,32,56"
6351077295,24,5,3,"13,67,48,10,2,0,66,68,6,17"
6351822164,24,5,3,"13,91,44,70,169,149,0,94,42,17"
6351078821,24,5,3,"298,3,248,305,235,10,294,306,297,196"
6351079141,24,5,3,"257,217,273,292,272,239,284,242,240,285"
6351079971,24,5,3,"132,53,172,54,135,275,248,62,83,77"
6351824426,24,5,3,"13,44,32,0,14,11,279,28,227,141"
6351360391,24,5,3,"13,51,0,298,258,66,69,67,10,48"
6351361889,24,5,3,"0,195,227,236,53,13,48,49,248,51"
6352107518,24,5,3,"3,86,104,100,7,101,44,152,83,12"
6351362991,24,5,3,"48,0,13,69,70,1,124,298,6,10"
6352111550,24,5,3,"48,13,10,3,298,44,18,222,69,254"
7553324976,25,5,5,"17,19,28,123,21,11,103,55,78,138"
7553327904,25,5,5,"174,150,139,189,151,115,153,112,176,175"
7553320812,25,5,5,"4,306,197,42,160,294,152,40,228,120"
7559438454,25,5,2,"167,182,6,1,31,253,87,165,80,0"
7559435172,25,5,2,"28,17,19,11,32,105,78,123,102,14"
7565306828,25,5,2,"44,15,13,70,10,3,17,12,16,31"
7565311070,25,5,2,"44,17,28,3,13,10,18,12,70,16"
7565313928,25,5,2,"13,6,32,12,11,18,17,19,103,3"
7565316268,25,5,2,"33,28,19,99,172,4,85,36,70,84"
7537359934,25,5,3,"1,67,222,48,6,13,130,211,54,87"
7587134534,25,5,3,"181,17,102,28,103,105,55,32,30,56"
3570513016,29,4,15,"32,85,28,78,101,105,138,100,17,19"
3569711265,29,4,15,"13,17,32,72,44,31,211,11,187,67"
3569715553,29,4,15,"19,17,38,28,32,105,78,138,11,35"
3570556340,29,4,15,"17,19,32,6,28,16,12,70,71,3"
3569739099,29,4,15,"13,32,3,17,28,68,44,67,323,301"
3570609912,29,4,6,"3,44,38,36,129,50,28,42,10,110"
3570545308,29,4,6,"157,42,158,82,159,160,109,10,81,3"
3570541490,29,4,6,"269,258,42,18,41,316,93,91,58,245"
3569781389,29,4,6,"258,130,0,66,235,41,208,320,209,18"
3569768887,29,4,6,"13,68,67,0,66,48,84,6,142,70"
409851063,31,2,16,"205,20,83,74,77,33,84,128,98,71"
3789356576,31,7,2,"28,32,78,17,35,38,105,11,138,12"
3793743963,31,7,2,"28,17,33,99,20,36,98,105,102,19"
3794920039,31,7,2,"20,28,99,17,33,149,85,154,98,78"
3788874627,31,7,2,"20,99,33,36,28,152,98,154,88,17"
3797569610,31,7,2,"99,28,17,20,98,33,19,105,102,36"
3800674665,31,7,2,"102,36,19,20,56,98,95,28,105,33"
3800654235,31,7,2,"28,99,33,17,20,102,105,19,98,78"
11124162225,33,7,13,"17,38,28,13,32,123,35,103,19,67"
11124168625,33,7,13,"17,32,38,28,19,11,138,6,35,78"
11124311794,33,7,15,"17,19,55,13,123,21,12,11,56,32"
11124638944,33,7,3,"13,69,0,48,67,10,70,15,6,1"
5522245313,35,2,1,"48,67,0,141,222,1,6,49,84,236"
5522254353,35,2,1,"0,48,1,67,6,49,13,128,69,172"
5522259887,35,2,1,"104,17,35,101,32,102,78,37,11,103"
5522263999,35,2,1,"104,17,100,1,101,35,68,32,13,16"
5522863188,35,2,1,"68,10,17,13,103,3,37,38,16,35"
5522276237,35,2,1,"48,130,222,0,13,6,1,18,10,87"
5522869144,35,2,1,"130,48,222,13,235,67,0,1,305,18"
5522873258,35,2,1,"17,38,28,19,138,35,123,13,103,11"
5522877478,35,2,1,"17,16,28,103,3,288,100,12,27,13"
5522884108,35,2,1,"86,94,154,1,13,190,83,67,188,247"
5522887858,35,2,1,"86,94,13,85,190,67,1,217,39,156"
5522891934,35,2,1,"225,67,171,315,42,86,319,140,157,276"
5522896156,35,2,1,"67,104,193,155,199,153,222,78,286,201"
5522899630,35,2,1,"19,123,11,6,55,37,102,17,35,32"
5522312587,35,2,1,"71,102,17,32,56,19,1,20,152,83"
5522315969,35,2,1,"99,33,37,28,36,35,34,102,17,39"
5522323269,35,2,1,"13,66,2,0,53,130,48,144,208,196"
5522917562,35,2,1,"67,48,13,0,10,2,130,129,222,124"
5522921466,35,2,1,"13,67,0,51,48,258,10,66,49,211"
5522925400,35,2,1,"67,13,48,0,10,124,222,137,6,140"
5522929700,35,2,1,"217,13,67,0,2,160,48,193,117,118"
5522934560,35,2,1,"13,6,2,67,10,3,290,44,17,258"
5522347499,35,2,1,"48,6,13,0,10,130,51,1,305,258"
5522351613,35,2,1,"19,55,70,11,6,149,128,89,123,0"
5522948410,35,2,1,"95,262,20,239,261,36,292,205,243,281"
5522358685,35,2,1,"99,136,28,149,217,98,36,96,34,95"
5522953636,35,2,1,"19,123,102,48,33,37,55,103,17,99"
5522368577,35,2,1,"154,20,243,190,172,192,212,211,76,217"
5522963024,35,2,1,"112,216,266,175,189,39,96,219,263,217"
5522969650,35,2,1,"99,89,112,188,190,108,88,175,226,76"
5522972062,35,2,1,"102,123,19,201,39,55,38,75,35,105"
6464169997,35,11,6,"272,217,190,242,39,335,231,86,266,240"
6464176057,35,11,6,"217,272,169,85,190,242,335,20,112,291"
6464182503,35,11,6,"0,48,13,69,67,281,199,174,85,39"
6464187233,35,11,6,"48,13,231,86,0,85,67,217,51,69"
6464199137,35,11,6,"13,10,67,0,68,106,48,231,315,279"
6464202567,35,11,6,"85,217,231,272,169,190,13,48,0,284"
6464209065,35,11,6,"13,48,0,86,117,10,231,91,67,88"
6464217161,35,11,6,"86,48,231,13,67,1,83,88,0,222"
6464228855,35,11,6,"13,86,67,231,48,1,10,0,83,6"
6464235099,35,11,6,"13,48,67,1,222,0,69,10,70,2"
6464249631,35,11,6,"1,83,86,49,25,4,133,87,6,61"
6464256031,35,11,6,"83,62,86,58,1,61,57,87,25,78"
6464268247,35,11,6,"58,5,43,62,61,244,162,167,253,271"
6464272975,35,11,6,"1,8,7,4,62,9,0,25,61,134"
6464277789,35,11,6,"86,87,83,89,154,4,1,221,132,162"
6464282619,35,11,6,"49,4,5,22,40,58,1,2,62,146"
6464286529,35,11,6,"0,1,2,3,4,5,6,7,8,9"
6464291051,35,11,6,"1,58,40,83,221,25,43,61,94,271"
6464296777,35,11,6,"4,1,133,83,135,86,187,58,78,87"
6464303267,35,11,6,"61,21,58,25,1,83,185,167,271,43"
6464308275,35,11,6,"7,86,253,269,1,83,80,81,167,93"
6464312949,35,11,6,"21,86,1,83,0,6,61,182,67,78"
6464318211,35,11,6,"1,86,83,94,6,25,87,61,49,126"
7453410244,37,10,3,"17,28,35,38,105,149,78,19,217,85"
7453410612,37,10,3,"68,17,10,48,13,28,6,16,35,208"
7453410784,37,10,2,"28,3,19,33,70,103,17,37,84,36"
7453410730,37,10,2,"33,28,37,102,17,103,42,78,70,56"
7453411458,37,10,2,"11,32,19,14,123,17,28,102,87,103"
7453412172,37,10,2,"80,4,59,195,220,253,196,46,182,63"
7453413434,37,10,2,"83,25,86,1,61,87,43,274,126,77"
7453414140,37,10,2,"102,19,33,28,105,17,56,101,37,84"
7453416168,37,10,10,"191,23,174,56,76,261,188,175,173,172"
1357450936,38,8,8,"151,181,174,71,65,252,200,153,176,21"
1356560581,38,8,8,"33,17,334,71,126,125,314,76,84,174"
1356561169,38,8,8,"76,19,101,56,33,149,138,84,190,191"
1357452632,38,8,8,"153,151,252,199,181,173,44,72,267,71"
1357453004,38,8,8,"153,199,48,46,282,122,151,313,160,115"
1357453422,38,8,8,"131,31,64,187,133,332,141,246,132,47"
1356563043,38,8,8,"74,188,76,20,72,174,33,190,247,88"
1356563689,38,8,8,"116,153,175,189,112,31,151,226,7,84"
1357455118,38,8,8,"178,177,79,151,176,181,270,180,173,179"
1357455692,38,8,8,"38,153,35,55,155,116,231,286,56,107"
1356565315,38,8,8,"217,220,215,76,255,256,189,150,257,85"
1357456774,38,8,8,"48,222,13,86,0,124,2,67,130,1"
1357457350,38,8,8,"153,151,71,79,20,33,55,21,175,150"
1357457928,38,8,8,"70,33,1,131,149,85,6,84,153,19"
1356567829,38,8,8,"6,19,128,153,84,102,68,116,1,99"
1357459218,38,8,8,"140,222,86,49,145,48,286,171,259,280"
1357459880,38,8,8,"252,79,84,151,150,153,291,26,76,172"
1357460536,38,8,8,"6,1,19,258,32,13,84,85,0,153"
1356570457,38,8,8,"71,100,101,77,17,250,334,104,19,131"
1357461730,38,8,8,"211,1,212,130,87,222,6,124,48,44"
1356571677,38,8,8,"99,19,175,33,55,28,35,85,174,176"
1356572197,38,8,8,"19,6,28,16,17,32,35,38,55,70"
1356572749,38,8,8,"141,257,7,225,276,81,48,149,82,8"
1357464090,38,8,8,"257,34,255,90,330,88,48,117,2,91"
1357464654,38,8,8,"17,187,104,100,11,123,48,101,19,250"
1356574501,38,8,8,"179,79,180,176,175,174,270,33,131,71"
1357466044,38,8,8,"188,76,178,72,177,79,247,174,131,154"
1356575623,38,8,5,"34,17,173,27,174,37,288,181,33,178"
1357467166,38,8,5,"17,28,19,103,37,102,12,123,21,55"
1356576665,38,8,5,"34,17,288,174,37,28,181,99,33,178"
1356577257,38,8,5,"17,12,19,28,156,11,123,138,6,103"
1357468802,38,8,5,"19,17,138,28,13,38,250,102,35,16"
1357469550,38,8,5,"174,261,263,338,241,281,172,191,121,279"
1357470040,38,8,5,"17,16,103,19,12,13,138,11,123,3"
1356579645,38,8,5,"3,100,33,250,17,44,12,71,70,14"
1357471220,38,8,5,"190,76,96,238,94,23,188,268,247,20"
1356870935,38,8,3,"67,48,13,137,12,3,103,87,222,1"
1356871695,38,8,3,"14,11,12,17,28,32,102,19,71,103"
1357761584,38,8,3,"17,19,28,11,32,6,14,56,70,16"
1356872939,38,8,3,"26,174,79,28,226,71,175,179,181,17"
1356873703,38,8,3,"102,19,56,17,28,37,105,55,71,103"
1357763848,38,8,3,"13,3,44,10,67,17,12,18,15,16"
1356875311,38,8,3,"44,3,13,18,87,12,38,32,35,42"
1357765432,38,8,3,"174,181,17,151,173,175,21,71,105,112"
1357766140,38,8,3,"28,99,17,288,101,103,98,105,100,30"
1356880581,38,8,3,"13,66,0,70,227,44,67,84,48,1"
1356881271,38,8,3,"28,141,221,40,17,152,4,16,3,6"
1357771268,38,8,3,"103,3,12,11,123,19,16,17,156,13"
1357771956,38,8,3,"71,181,79,176,178,173,32,55,179,180"
1356883227,38,8,3,"12,3,13,18,6,11,10,87,16,28"
1357773616,38,8,3,"79,96,76,20,71,188,238,94,26,74"
1357774278,38,8,3,"102,17,56,105,19,28,71,55,37,30"
1357775294,38,8,3,"174,56,102,200,55,99,179,175,71,181"
1357776340,38,8,3,"19,16,35,17,55,6,101,37,38,103"
2586516498,39,5,5,"12,11,156,17,19,103,28,10,3,35"
2626411363,39,5,0,"38,55,35,110,28,106,17,16,138,19"
2652033734,39,5,13,"13,67,10,3,140,38,222,11,35,12"
2862460797,40,4,8,"130,13,6,153,10,18,0,48,211,140"
2906477521,40,7,11,"45,67,83,267,80,219,151,86,109,182"
3407666357,40,1,13,"19,102,35,17,28,38,37,123,99,103"
3354045408,40,2,14,"235,148,52,337,50,129,159,22,8,82"
3457508677,40,3,0,"99,35,28,38,37,100,17,138,235,102"
4578410771,44,2,3,"68,13,67,3,35,11,44,12,10,28"
4584202857,44,2,8,"187,56,33,17,102,175,19,36,131,98"
4584917996,44,2,8,"33,187,99,39,84,100,34,71,32,89"
4461786976,44,2,8,"17,175,234,55,33,68,19,71,189,181"
4461786982,44,2,8,"55,234,35,38,136,223,310,39,140,27"
4753368483,44,5,0,"35,99,38,37,28,55,17,103,102,138"
4753368485,44,5,0,"71,32,102,56,105,17,19,101,103,11"
4754093202,44,5,0,"123,17,250,19,139,138,102,11,103,13"
4754093214,44,5,0,"13,3,12,48,10,67,6,18,87,44"
4754093244,44,5,1,"156,11,12,123,14,103,139,249,102,3"
4754093248,44,5,1,"67,13,10,68,137,6,11,12,139,140"
4754093250,44,5,1,"13,130,222,67,48,10,15,66,44,87"
4753368437,44,5,0,"28,99,33,37,17,19,103,55,100,102"
4753368467,44,5,1,"6,73,1,72,70,227,131,19,83,87"
5238303810,45,11,16,"89,1,6,227,91,187,83,76,70,72"
5237711147,45,11,16,"84,128,72,326,70,1,83,131,227,115"
5238308612,45,11,16,"25,58,1,62,61,46,6,57,128,87"
5238310212,45,11,16,"4,44,210,40,68,72,70,13,42,197"
5238311906,45,11,16,"122,160,0,10,45,130,60,129,258,48"
5237718321,45,11,16,"70,91,169,72,88,85,89,33,316,254"
5237721811,45,11,0,"87,44,3,11,86,83,61,18,1,13"
5238318848,45,11,0,"3,44,6,289,1,4,221,60,61,13"
5237725437,45,11,0,"6,0,20,13,87,19,25,152,84,61"
5237727883,45,11,0,"13,67,35,38,6,19,222,1,17,28"
5237731655,45,11,0,"123,13,11,19,14,0,48,6,12,124"
5238329038,45,11,0,"110,38,35,156,106,55,217,95,12,111"
5238331244,45,11,0,"19,20,17,152,28,154,98,217,102,6"
5238333214,45,11,0,"13,0,48,67,10,1,69,6,66,15"
5237739663,45,11,0,"11,156,14,12,35,123,10,6,38,67"
5238336926,45,11,0,"296,49,48,10,352,53,286,62,135,127"
5238339066,45,11,0,"217,308,68,13,46,313,67,317,48,66"
5238341364,45,11,0,"178,177,176,85,179,79,169,150,180,26"
5237746947,45,11,0,"13,44,70,0,84,6,67,3,69,11"
5238344766,45,11,0,"13,6,15,10,1,51,69,258,0,44"
5237751663,45,11,0,"247,76,151,200,35,188,72,278,231,267"
5241624150,45,11,5,"33,3,70,44,17,28,149,141,101,100"
5241625336,45,11,5,"76,20,34,17,190,33,188,19,28,89"
5241032739,45,11,11,"174,76,71,89,181,201,33,334,151,21"
5241628688,45,11,11,"13,67,68,140,0,6,217,231,42,137"
5241034099,45,11,11,"67,13,1,86,6,0,10,231,11,48"
5241034793,45,11,11,"247,188,76,198,72,190,192,191,151,109"
5241630850,45,11,11,"263,112,291,189,293,169,216,85,128,219"
5241036125,45,11,11,"263,112,291,21,189,252,173,216,151,108"
167797662,48,5,8,"131,153,160,115,84,33,188,189,76,19"
169575490,48,5,1,"89,47,31,185,64,187,7,183,93,63"
169575565,48,5,1,"83,93,20,76,74,86,25,88,154,1"
169767264,48,5,1,"33,125,126,37,84,28,39,314,36,76"
1466714377,49,8,10,"177,179,178,180,131,160,176,79,26,85"
1466773589,49,8,10,"13,0,10,66,50,54,2,51,48,195"
1472591908,49,8,5,"12,17,19,156,11,10,28,131,6,37"
1472595690,49,8,1,"14,12,13,21,17,11,32,67,181,231"
1471745491,49,8,0,"224,17,55,309,74,71,310,181,205,56"
1472596752,49,8,0,"35,99,38,28,37,17,55,138,103,102"
1472595348,49,8,1,"35,38,99,55,37,28,138,17,19,11"
1471747495,49,8,1,"11,12,10,13,67,156,6,14,3,19"
1471746683,49,8,1,"67,11,10,14,13,12,19,6,137,123"
1472599034,49,8,1,"13,67,137,0,124,130,66,87,10,48"
1466711221,49,8,0,"19,102,17,55,123,35,110,175,38,37"
1472592746,49,8,9,"301,94,55,98,311,239,149,177,56,116"
5208096074,50,10,4,"36,94,95,35,28,38,96,97,17,98"
5207495861,50,10,4,"36,28,99,172,35,38,95,20,243,17"
5207496071,50,10,1,"181,71,174,175,55,79,151,21,17,176"
5207498823,50,10,1,"137,156,11,14,12,29,249,7,67,85"
5207498687,50,10,1,"12,11,156,123,14,103,3,19,139,17"
5207497485,50,10,1,"11,123,19,156,14,12,139,102,103,249"
5208095550,50,10,1,"13,48,67,0,10,1,69,70,6,222"
5207497947,50,10,1,"55,19,11,250,103,106,136,215,110,101"
5207497341,50,10,1,"1,67,48,13,6,11,0,19,123,10"
5207494339,50,10,1,"11,32,12,6,10,19,67,13,103,14"
5208093738,50,10,1,"308,46,313,254,317,85,68,48,90,231"
5208092130,50,10,1,"48,13,67,1,0,222,44,66,6,70"
5207496211,50,10,9,"173,181,174,178,176,220,195,150,221,177"
5207495535,50,10,9,"226,174,175,189,282,7,283,232,107,188"
5207497651,50,10,9,"226,149,138,7,26,55,238,96,282,175"
5208090990,50,10,9,"226,218,232,175,112,174,65,257,55,189"
5207498089,50,10,9,"226,138,149,257,7,97,283,282,55,181"
5207498319,50,10,9,"226,28,12,138,68,285,55,156,282,16"
8371920192,55,11,7,"36,94,33,84,77,70,96,34,149,262"
8371920572,55,11,7,"38,35,6,1,128,55,32,25,237,84"
8370854273,55,11,5,"28,17,37,103,102,16,100,35,105,12"
8371923174,55,11,5,"33,3,44,70,84,277,276,149,81,101"
8371553418,55,0,12,"89,187,93,91,131,23,70,227,84,83"
6943503445,60,1,2,"152,228,85,229,42,23,149,230,231,70"
6943503971,60,1,2,"66,107,171,13,84,0,48,72,4,124"
6797389336,60,1,7,"1,6,83,48,172,205,84,137,127,70"
6943504719,60,1,7,"141,131,70,69,44,15,73,0,258,227"
6797390058,60,1,7,"57,60,46,193,213,25,48,84,61,122"
6943505551,60,1,7,"132,57,213,135,46,53,0,62,47,214"
6943508177,60,1,7,"1,68,6,145,94,86,61,25,3,87"
6943508541,60,1,7,"83,20,35,38,187,25,76,74,86,154"
3083636184,61,9,7,"80,67,7,82,253,1,0,13,84,131"
3083639108,61,9,7,"83,60,25,59,1,57,46,247,61,43"
3083629352,61,9,7,"7,83,25,81,152,61,104,86,89,78"
3083642904,61,9,7,"57,213,135,60,46,62,47,248,259,165"
3083647372,61,9,7,"1,83,25,6,86,3,0,70,61,126"
3083659580,61,9,7,"167,182,253,244,61,185,60,43,40,47"
3082827101,61,9,7,"64,244,43,61,213,60,31,133,25,47"
3083669980,61,9,7,"137,67,0,1,167,309,84,215,101,182"
3083654094,61,9,7,"83,86,126,25,152,1,205,104,78,93"
3272463763,61,11,9,"68,285,95,138,273,65,28,55,239,149"
3272465279,61,11,9,"6,1,83,46,70,25,59,0,61,60"
1091021089,62,6,8,"20,76,74,154,33,72,188,88,174,89"
1091881330,62,6,8,"140,0,307,245,18,85,44,89,13,31"
1091878728,62,6,8,"85,140,97,307,208,290,0,226,4,2"
1091876392,62,6,8,"178,177,79,22,176,181,151,71,31,72"
1091875860,62,6,8,"17,55,131,71,28,288,33,79,100,187"
1091010975,62,6,8,"76,188,72,131,247,160,79,102,71,74"
1091008451,62,6,8,"175,177,178,188,131,189,79,174,84,107"
1091868180,62,6,8,"65,35,116,34,78,99,33,36,155,131"
1091003089,62,6,8,"115,171,231,85,116,72,128,139,289,84"
1091000587,62,6,8,"153,187,115,89,84,33,172,139,151,116"
1091860374,62,6,8,"6,153,68,48,13,10,19,67,12,32"
1090995269,62,6,8,"85,140,131,0,70,245,153,13,44,8"
1091855280,62,6,8,"65,176,79,181,151,179,180,71,78,173"
1091852344,62,6,8,"176,79,180,151,179,153,181,270,71,85"
1090986667,62,6,8,"187,79,176,89,181,180,173,179,131,174"
1089881603,62,6,4,"28,35,99,36,38,17,172,95,94,97"
1089875917,62,6,4,"4,226,148,80,196,48,235,82,347,0"
1090736602,62,6,4,"269,86,211,58,42,93,44,41,212,18"
1090733500,62,6,4,"26,180,179,176,270,174,177,171,150,169"
1090742286,62,6,4,"28,100,103,38,35,138,105,101,99,78"
1090196013,62,6,6,"76,190,247,188,96,74,94,83,238,79"
1091063638,62,6,6,"76,190,247,188,96,238,94,79,23,88"
1092457320,62,6,6,"74,55,295,6,72,73,71,16,32,77"
1091592631,62,6,6,"65,71,78,32,202,101,294,278,138,200"
1091590011,62,6,6,"181,21,200,173,79,278,176,204,17,72"
1092449506,62,6,6,"258,130,187,41,87,269,18,44,48,51"
1091584293,62,6,6,"306,0,129,130,258,159,269,91,22,117"
1092831872,62,6,6,"10,13,34,67,48,50,37,102,19,129"
1091576593,62,6,6,"129,220,52,10,4,48,50,195,221,3"
1092437426,62,6,6,"50,159,129,52,157,10,13,220,221,2"
1091572411,62,6,6,"129,195,220,52,50,221,4,10,196,48"
1092432580,62,6,6,"44,3,141,160,70,258,18,196,41,206"
1092429402,62,6,6,"44,38,13,35,15,3,133,0,70,10"
1091561361,62,6,6,"52,337,129,50,321,235,51,18,130,44"
1091564073,62,6,6,"129,52,22,0,211,337,50,320,306,130"
1091558105,62,6,6,"52,129,337,50,321,304,197,158,298,196"
1091555569,62,6,6,"117,269,93,91,152,157,228,42,41,8"
1091553111,62,6,6,"118,46,4,244,253,60,57,47,165,213"
1091550439,62,6,6,"4,320,146,1,196,162,64,142,41,257"
1092410770,62,6,6,"118,80,46,193,122,42,159,4,315,60"
1091546417,62,6,6,"258,269,41,58,274,93,91,141,130,0"
1092406586,62,6,6,"160,46,59,10,197,248,195,53,13,4"
1091541971,62,6,6,"327,166,165,161,159,91,157,118,0,5"
1092402352,62,6,6,"5,4,2,290,158,197,160,120,80,286"
1092398888,62,6,6,"0,1,227,134,6,91,145,142,48,130"
1091535979,62,6,6,"290,2,208,165,257,4,323,206,124,307"
1091535535,62,6,6,"5,157,294,258,4,235,50,159,52,141"
1083484811,62,6,9,"48,18,316,269,149,12,152,13,124,140"
1084346600,62,6,9,"138,239,95,55,285,97,226,149,65,98"
1084304322,62,6,9,"21,112,175,174,173,216,107,189,108,181"
1084349382,62,6,9,"237,55,138,28,99,340,226,149,94,65"
1084352634,62,6,9,"138,65,226,28,55,149,71,16,100,17"
1084355602,62,6,9,"97,238,94,96,268,257,237,149,239,90"
1084308756,62,6,9,"112,21,181,174,108,189,216,13,175,219"
1083498935,62,6,9,"65,138,55,28,116,239,226,17,149,97"
1084361364,62,6,9,"226,138,149,68,55,97,257,90,95,28"
1083435175,62,6,9,"79,237,172,55,77,99,256,149,20,76"
1083452847,62,6,9,"174,175,112,216,189,173,218,188,232,181"
1084315234,62,6,9,"173,174,175,176,177,178,179,180,112,181"
1083457007,62,6,9,"7,256,202,107,183,80,300,299,174,185"
1084322876,62,6,9,"160,278,122,158,202,4,299,298,31,197"
1083457779,62,6,9,"94,238,96,268,149,20,154,260,269,237"
1083467529,62,6,9,"188,108,112,174,181,278,247,76,72,203"
1084329862,62,6,9,"173,174,181,176,175,79,216,112,108,178"
1084298234,62,6,9,"107,21,108,106,190,112,265,55,174,188"
1083477915,62,6,9,"70,131,149,89,77,72,92,73,32,33"
1083482105,62,6,9,"154,76,188,20,174,72,247,96,177,200"
1084301862,62,6,9,"174,175,189,112,216,181,188,218,26,178"
1083475653,62,6,9,"252,181,151,153,201,203,204,21,267,216"
1084291464,62,6,9,"21,151,181,174,201,267,153,252,203,17"
1083437337,62,7,9,"174,173,112,175,181,39,216,107,109,151"
1083460857,62,7,9,"174,173,181,156,109,278,12,226,11,175"
2148810452,62,11,9,"80,42,7,271,260,26,179,43,46,25"
2148810450,62,11,9,"59,271,46,260,25,221,7,289,60,43"
2148802982,62,11,9,"189,175,174,7,107,112,263,173,85,108"
2148802978,62,11,9,"0,4,236,258,63,141,220,80,8,117"
2148802974,62,11,9,"195,221,220,271,25,260,289,58,128,61"
2148802968,62,11,9,"76,188,190,247,175,176,79,179,107,72"
2148802964,62,11,9,"21,112,173,108,181,176,79,151,107,189"
2148747334,62,11,9,"96,76,94,188,238,190,21,175,268,174"
2148747328,62,11,9,"221,266,217,226,110,175,106,339,195,220"
2148747326,62,11,9,"149,238,17,138,94,96,55,20,35,38"
2148747322,62,11,9,"177,178,79,179,180,200,176,174,188,270"
2148747318,62,11,9,"171,172,279,19,77,149,250,101,84,76"
4740537223,62,5,9,"45,237,10,3,129,340,257,4,18,40"
4741173460,62,5,9,"222,269,226,51,7,124,307,67,91,48"
4741171556,62,5,9,"3,12,18,40,167,7,42,10,28,280"
4741172362,62,5,9,"45,217,39,157,284,42,219,317,230,265"
4740539383,62,5,9,"149,7,94,65,96,262,81,138,269,152"
4740540159,62,5,9,"149,7,138,226,76,262,250,152,12,68"
4741176168,62,5,9,"7,149,159,81,82,226,68,117,80,138"
4740539769,62,5,9,"7,269,149,275,31,132,159,153,10,124"
4741174562,62,5,9,"7,149,81,226,225,23,94,148,82,137"
4740538071,62,5,9,"149,148,94,99,159,235,276,96,225,7"
4741174194,62,5,9,"34,7,2,269,149,255,159,226,82,222"
4741176578,62,5,9,"39,37,28,81,82,96,148,33,94,125"
5253925465,63,10,4,"28,17,102,56,105,38,103,35,19,172"
5255272454,63,10,4,"44,3,17,63,13,84,31,33,7,48"
5254661581,63,10,4,"7,80,81,82,42,83,84,36,33,85"
5255274570,63,10,4,"7,80,25,61,260,271,42,0,221,43"
5254663271,63,10,4,"28,38,35,17,103,138,105,102,78,99"
5254663873,63,10,4,"89,91,93,86,152,269,68,83,23,22"
5259006302,63,10,4,"122,25,45,59,46,43,94,83,57,271"
5259005860,63,10,4,"227,0,160,68,46,115,53,72,197,73"
5259005246,63,10,4,"68,40,0,93,4,6,271,31,91,47"
5259004844,63,10,4,"146,122,142,163,143,40,68,182,80,47"
5258397033,63,10,4,"88,86,91,47,72,68,117,4,152,0"
5258396565,63,10,4,"4,2,94,172,290,163,144,316,97,145"
5264607088,63,10,9,"138,149,28,7,226,282,12,68,17,96"
5269810408,63,10,9,"68,219,142,45,175,122,80,13,67,107"
5271708743,63,10,3,"51,13,69,66,141,258,15,195,10,0"
5271708143,63,10,3,"66,169,13,69,254,141,124,0,222,227"
5271709425,63,10,3,"17,32,11,28,12,19,138,105,6,71"
5274179250,63,10,3,"13,10,44,67,12,15,222,17,3,87"
5274179916,63,10,3,"48,13,222,140,0,67,66,10,2,148"
5273573379,63,10,3,"13,69,10,48,0,70,15,127,67,298"
5274181052,63,10,3,"208,308,124,66,13,68,0,115,85,206"
5280932322,63,10,2,"51,258,50,54,13,70,10,315,235,31"
5280931916,63,10,2,"28,17,32,16,38,19,138,78,105,44"
5280329441,63,10,2,"2,13,48,0,66,10,290,258,51,141"
5281415852,63,10,2,"28,17,44,12,19,16,6,32,7,42"
5280798015,63,10,2,"13,67,66,222,1,69,48,39,136,82"
5281398668,63,10,2,"18,13,12,11,67,87,6,3,157,44"
5281399534,63,10,2,"14,11,87,44,18,12,32,91,42,3"
5280814435,63,10,2,"17,28,19,32,105,38,138,78,16,102"
5281065293,63,10,10,"247,231,151,72,252,76,155,83,1,74"
5281667030,63,10,10,"89,227,0,7,23,134,163,53,172,85"
5281666586,63,10,10,"4,64,165,47,294,253,333,31,46,60"
5281065707,63,10,10,"152,228,200,172,171,229,81,279,72,179"
5283140751,63,10,10,"7,94,80,131,88,226,83,40,42,45"
5307802626,63,10,0,"35,99,37,38,28,103,17,55,34,102"
5307802280,63,10,0,"13,48,10,67,0,12,3,66,19,44"
5307801730,63,10,0,"13,67,0,66,48,10,69,19,6,1"
5307211077,63,10,0,"13,67,0,48,10,69,66,19,6,1"
5307800710,63,10,0,"38,6,13,35,123,94,70,19,1,67"
5307801268,63,10,0,"11,14,123,38,35,12,87,28,154,156"
5307208207,63,10,0,"13,67,19,10,124,48,68,0,139,11"
5307207359,63,10,0,"67,13,1,48,6,0,222,70,19,10"
5307798896,63,10,0,"67,48,0,13,1,11,10,69,49,127"
5310576140,63,10,1,"89,33,149,64,76,70,20,92,154,153"
5309986925,63,10,1,"160,19,6,217,85,67,178,13,0,10"
5310576606,63,10,1,"69,10,85,6,0,15,70,13,48,160"
5310578276,63,10,0,"89,1,0,6,44,70,13,69,84,3"
13088710105,65,2,6,"101,71,100,104,92,334,30,224,78,105"
13088763715,65,2,5,"17,12,19,149,11,156,28,70,33,14"
13088968863,65,2,5,"17,28,19,38,6,35,12,11,138,37"
13088890315,65,2,5,"17,19,28,34,123,37,55,35,102,38"
4897862718,68,1,6,"39,148,81,82,276,67,225,235,42,37"
3819948065,68,4,17,"55,223,224,32,71,19,70,1,38,35"
5479175660,68,0,13,"67,6,10,32,13,19,28,17,15,12"
5537478647,68,0,13,"108,201,181,203,247,109,216,278,198,151"
5411169046,68,0,13,"261,121,239,262,263,264,95,98,172,252"
5410506819,68,0,13,"158,39,284,285,273,96,197,238,230,217"
5885674468,68,0,15,"17,19,28,102,105,16,101,138,103,32"
5885676692,68,0,15,"17,28,105,102,32,19,78,138,103,100"
5885678536,68,0,15,"35,38,28,17,99,106,138,55,105,102"
5870526963,68,0,15,"35,38,17,28,99,138,37,100,103,105"
5583366038,68,3,5,"33,76,126,125,37,148,82,276,83,42"
6241759864,68,8,16,"1,83,67,6,253,25,205,185,86,87"
6210815360,68,8,16,"1,87,61,6,3,25,83,43,167,253"
6210810332,68,8,16,"1,87,6,48,0,199,83,25,61,7"
6148245454,68,8,16,"67,1,33,136,13,6,137,0,68,84"
6448659587,68,11,14,"7,82,81,276,225,80,148,9,42,277"
8844772447,68,11,14,"148,82,81,235,80,225,159,8,276,7"
3413590819,69,3,12,"35,38,127,33,296,84,104,125,314,140"
4575171495,69,3,8,"83,86,154,20,1,126,205,87,6,25"
4575966620,69,3,8,"80,165,60,46,185,167,253,182,118,40"
4575174023,69,3,8,"68,142,221,163,220,161,58,21,13,195"
4575810740,69,3,8,"7,225,185,80,9,8,118,167,82,81"
4885975708,69,7,8,"86,83,182,80,117,20,40,42,167,253"
4887319170,69,7,8,"86,83,182,167,253,40,185,244,329,184"
4886717573,69,7,8,"0,83,7,225,86,128,42,81,21,84"
4890061328,69,7,8,"83,26,79,86,151,23,174,84,177,178"
4885377241,69,7,8,"40,1,167,182,183,3,184,185,87,186"
4879136975,69,7,8,"1,67,83,21,60,45,6,107,155,87"
5389277393,69,7,8,"167,80,61,43,253,40,25,83,182,60"
2096735293,74,8,10,"86,154,247,198,199,1,72,21,76,200"
2097513114,74,8,10,"174,175,189,112,188,107,21,232,76,216"
2097513878,74,8,10,"173,181,174,112,175,176,21,108,200,178"
2097514518,74,8,10,"174,175,107,281,76,188,189,232,191,112"
2096738439,74,8,10,"174,179,180,178,175,173,181,79,177,176"
2097556990,74,8,13,"17,55,38,35,28,19,102,103,123,105"
2096780399,74,8,13,"11,12,14,13,10,67,6,32,18,3"
2096781663,74,8,13,"67,13,20,11,87,152,12,48,17,137"
2096782857,74,8,13,"84,111,110,67,215,156,13,106,172,19"
2097564784,74,8,5,"17,28,19,76,190,34,20,33,31,149"
2097565472,74,8,5,"19,138,17,13,102,38,28,35,149,105"
2097566676,74,8,5,"17,19,12,28,103,11,123,37,55,138"
2097568314,74,8,5,"55,149,237,234,16,19,33,288,70,322"
2097569360,74,8,5,"34,99,33,17,21,28,153,37,174,151"
2096794169,74,8,6,"255,330,331,89,63,297,90,76,233,257"
8615637079,77,3,5,"17,28,37,34,99,103,35,100,102,33"
8618978056,77,3,9,"226,96,7,36,149,94,238,268,237,90"
139358816,78,3,15,"17,28,19,35,105,102,38,71,55,100"
139358818,78,3,15,"19,35,17,38,138,28,32,102,78,103"
139358819,78,3,15,"17,28,19,35,38,103,99,102,37,138"
139358820,78,3,15,"13,130,67,6,48,87,0,1,66,222"
139360404,78,3,13,"101,187,32,102,202,19,104,127,1,17"
139360406,78,3,13,"17,28,19,102,35,37,38,103,55,105"
141354322,78,3,3,"6,18,32,13,10,12,73,70,67,227"
139365162,78,3,0,"99,35,37,28,38,34,17,155,103,55"
139365163,78,3,0,"87,13,91,32,130,6,12,44,11,0"
139365164,78,3,0,"1,6,130,87,222,70,13,48,67,84"
139365166,78,3,0,"35,38,17,68,110,28,55,99,123,106"
139365169,78,3,1,"123,11,19,139,38,217,171,13,35,17"
139365173,78,3,0,"102,35,55,17,38,123,37,181,103,19"
140396692,78,3,19,"267,155,107,203,45,80,194,200,109,151"
140396695,78,3,14,"20,150,151,152,74,71,17,153,154,79"
140396696,78,3,14,"181,151,72,32,204,1,71,200,252,17"
1416940337,80,8,9,"226,82,80,81,148,149,223,55,7,90"
1417817790,80,8,9,"63,80,8,187,122,148,323,297,160,235"
1416937383,80,8,9,"301,311,239,297,149,116,177,179,178,150"
1350499673,80,8,5,"17,55,19,123,11,35,37,138,28,16"
3572638645,80,4,9,"195,221,285,68,226,152,343,273,269,42"
57947809,86,9,19,"257,208,48,196,209,206,166,207,10,290"
57947836,86,9,3,"17,28,105,38,35,19,103,102,30,27"
8479458343,87,0,2,"17,28,19,32,138,6,16,105,12,78"
8480550008,87,0,2,"28,17,103,99,105,19,32,102,38,138"
8479458101,87,0,2,"99,28,17,33,37,98,35,34,36,20"
8479458743,87,0,2,"17,19,28,102,105,37,56,32,138,34"
8479444591,87,0,2,"205,83,191,172,1,262,86,261,78,46"
8480546682,87,0,10,"217,0,48,47,144,13,10,64,129,2"
8480539780,87,0,10,"2,290,333,327,178,177,144,160,76,131"
8480539344,87,0,6,"76,17,71,77,28,26,33,78,20,79"
8480559012,87,0,0,"56,17,102,191,181,13,151,172,171,32"
8482544696,87,0,0,"181,151,173,11,17,13,21,112,108,267"
8479467715,87,0,1,"68,13,17,10,67,38,35,70,0,140"
8480552186,87,0,1,"35,38,99,19,37,28,123,17,55,139"
8480553088,87,0,1,"34,35,110,37,38,102,19,99,17,123"
8480557880,87,0,1,"70,13,91,227,0,87,84,222,130,73"
8480561598,87,0,1,"13,0,68,67,91,38,10,44,70,48"
8479468643,87,0,1,"11,10,13,67,12,38,14,35,123,48"
8479461561,87,0,1,"99,35,28,38,37,98,55,138,17,33"
8479471267,87,0,0,"1,48,67,258,6,13,49,69,0,222"
8480558180,87,0,0,"51,69,70,13,1,258,48,67,49,15"
429804977,89,2,5,"17,33,149,190,76,70,28,89,34,31"
417556041,89,2,20,"68,13,65,344,278,137,76,113,247,38"
8410918392,90,0,3,"32,28,85,138,42,18,65,19,17,78"
8410918442,90,0,3,"102,28,105,19,56,32,55,99,71,17"
8410935988,90,0,9,"28,138,68,55,38,95,17,7,16,35"
6983709757,91,2,14,"0,48,122,84,254,13,70,46,129,313"
8559136563,91,2,7,"67,13,137,222,1,130,0,44,66,48"
8827661194,91,2,5,"56,99,102,261,172,14,55,37,17,205"
10201296996,91,2,5,"261,56,99,102,172,14,55,37,17,191"
8560721845,91,2,5,"121,241,261,95,338,281,239,119,36,56"
10201314186,91,2,5,"112,174,216,217,218,175,219,201,21,39"
8592875066,91,2,5,"338,191,48,281,56,241,13,42,121,119"
8586203258,91,2,5,"212,20,154,211,76,192,33,190,149,249"
8827672554,91,2,5,"212,20,154,211,76,192,33,190,149,249"
10201285295,91,2,5,"212,20,154,76,211,192,33,190,149,249"
11620489615,92,7,3,"17,6,16,13,15,19,28,10,32,48"
11620492675,92,7,2,"28,17,19,105,38,103,32,78,35,102"
6044423668,95,6,9,"174,226,175,112,21,136,109,108,107,75"
6047949478,95,6,0,"83,76,86,72,247,88,89,231,94,23"
6047399393,95,6,0,"68,17,13,12,16,6,10,11,15,19"
6047401795,95,6,0,"151,252,153,21,72,247,31,20,86,78"
6047403453,95,6,0,"35,99,38,37,28,17,103,105,102,138"
6047404953,95,6,0,"99,35,28,37,38,98,36,102,262,138"
6047959256,95,6,0,"153,20,151,187,74,252,31,231,83,185"
6047408533,95,6,0,"99,35,188,76,72,33,55,28,37,17"
6047962934,95,6,0,"6,1,87,154,83,211,72,20,68,247"
6047412781,95,6,0,"122,84,13,59,160,6,46,0,60,3"
6047966894,95,6,0,"84,0,59,131,221,46,195,180,13,21"
6047416247,95,6,0,"0,84,195,59,91,13,221,46,220,10"
6047419267,95,6,0,"13,67,10,48,11,0,139,6,38,123"
6047974138,95,6,0,"13,48,67,0,70,141,6,66,56,222"
6047423435,95,6,0,"48,13,56,19,0,66,102,172,69,70"
6047978306,95,6,0,"13,10,124,67,12,3,17,222,16,211"
6047428257,95,6,0,"13,67,11,0,10,38,48,123,6,44"
6047430315,95,6,0,"67,1,13,6,19,111,48,66,69,127"
6047431985,95,6,0,"123,19,17,13,102,16,37,138,48,250"
6047986358,95,6,0,"19,48,102,13,56,67,123,171,0,139"
6047438383,95,6,0,"38,35,55,17,28,138,68,226,16,19"
6047993950,95,6,0,"13,211,66,67,1,48,0,70,91,222"
6047443777,95,6,0,"13,67,48,0,1,66,19,6,69,70"
6047446091,95,6,0,"55,106,110,156,95,38,217,123,35,12"
6047449447,95,6,0,"110,106,136,156,55,111,251,113,217,19"
6047453191,95,6,0,"110,156,106,95,111,113,38,137,12,35"
6048009072,95,6,0,"11,13,87,14,123,91,32,0,12,44"
6048013250,95,6,0,"6,11,12,67,14,10,32,13,18,19"
6047464421,95,6,0,"48,67,1,0,127,104,296,66,10,13"
6048019518,95,6,0,"123,14,11,12,156,13,17,103,21,137"
6047469023,95,6,0,"38,17,35,28,13,123,12,137,67,103"
6048025222,95,6,0,"13,48,0,67,69,10,1,66,222,70"
6048028830,95,6,0,"13,67,124,12,48,3,10,14,222,137"
6047478549,95,6,0,"9,8,225,117,233,167,257,80,253,145"
6048035184,95,6,0,"13,66,67,0,48,254,44,1,69,10"
6048038380,95,6,0,"160,72,4,299,154,46,42,115,300,55"
6048042564,95,6,0,"42,115,160,315,3,120,13,59,85,46"
6047492709,95,6,0,"179,178,180,79,176,174,173,177,181,85"
6048048772,95,6,0,"179,180,176,79,85,178,177,174,173,270"
6048052238,95,6,0,"179,180,79,176,174,178,85,177,181,270"
6047502219,95,6,0,"179,174,180,79,176,178,85,177,173,181"
6047505655,95,6,0,"64,227,196,333,52,248,31,129,144,0"
6048060804,95,6,0,"35,38,55,28,103,102,123,37,105,94"
6048063494,95,6,0,"67,137,13,156,111,48,110,113,1,6"
6048066126,95,6,0,"14,11,110,102,37,123,103,55,19,156"
6048069220,95,6,0,"6,75,21,19,56,55,191,11,13,12"
6048072076,95,6,0,"12,14,156,11,28,123,33,137,103,17"
6048077426,95,6,0,"80,8,82,225,0,9,109,181,194,7"
6047527831,95,6,0,"80,8,82,225,9,7,42,81,0,109"
6048083158,95,6,0,"85,115,169,229,152,42,116,228,84,86"
6048086118,95,6,0,"13,67,123,0,48,3,87,44,11,10"
6048091214,95,6,0,"11,123,103,14,19,139,102,156,12,13"
6048095918,95,6,0,"48,13,0,69,67,10,70,2,1,49"
6048099300,95,6,0,"35,37,110,38,99,102,34,19,17,28"
6047550045,95,6,0,"13,0,48,67,11,1,10,87,6,254"
6048106468,95,6,0,"13,67,48,10,0,6,68,1,130,38"
7666049102,96,8,15,"56,205,17,71,105,172,191,20,151,78"
7666050314,96,8,15,"17,28,19,32,38,105,6,35,13,102"
7666051950,96,8,15,"6,67,13,87,32,130,12,18,19,85"
7666053734,96,8,15,"67,13,139,85,10,137,68,48,11,302"
7666055602,96,8,15,"137,67,111,13,139,113,155,215,68,156"
7666057338,96,8,15,"28,38,103,102,105,37,17,33,35,36"
7666060504,96,8,13,"13,67,17,35,37,10,38,222,3,12"
7666062628,96,8,13,"13,67,51,66,199,48,175,201,69,39"
7666065478,96,8,13,"13,67,48,66,0,69,10,137,139,124"
7666067342,96,8,13,"17,38,28,35,19,55,105,32,13,102"
7666101934,96,8,5,"17,34,28,99,19,37,35,123,102,38"
6186422906,96,8,7,"57,94,83,36,84,25,62,113,172,20"
7666082496,96,8,7,"62,1,57,86,83,46,132,25,58,59"
7666083698,96,8,7,"61,271,221,58,25,167,64,165,40,43"
7666085988,96,8,7,"44,3,13,0,157,167,104,41,64,48"
7666087672,96,8,7,"13,44,161,3,142,10,47,40,165,68"
7666089662,96,8,7,"80,84,82,7,180,179,68,146,131,94"
7666097270,96,8,2,"28,17,105,103,32,19,102,38,78,44"
6186434542,96,8,2,"94,262,172,20,292,99,86,33,154,205"
7666092384,96,8,2,"28,205,17,56,48,32,11,19,44,105"
7666099922,96,8,2,"94,28,6,12,19,37,156,67,233,137"
7666093384,96,8,2,"107,75,109,203,174,155,202,226,191,200"
6185919423,96,8,2,"167,57,182,168,213,253,135,185,60,61"
7666094372,96,8,2,"102,19,105,56,33,334,17,98,84,28"
7666096124,96,8,2,"38,35,28,103,3,37,105,125,126,16"
6133216113,96,8,9,"7,94,68,96,226,84,149,138,65,136"
6215092624,96,8,0,"27,35,29,11,38,309,123,102,100,318"
6215098222,96,8,0,"35,38,99,28,17,37,55,105,138,102"
6214588663,96,8,0,"68,28,90,106,110,39,156,17,136,19"
6214595533,96,8,0,"67,137,13,48,0,140,111,156,222,10"
6214600645,96,8,0,"48,13,1,87,69,222,130,0,195,3"
6214606905,96,8,0,"222,124,84,87,307,237,140,90,215,211"
6214612899,96,8,0,"55,38,35,123,102,13,19,17,103,37"
6214617941,96,8,1,"35,38,28,19,55,99,17,37,123,11"
6214625073,96,8,0,"55,38,106,110,35,28,102,17,103,37"
6214632205,96,8,0,"99,35,28,34,55,38,17,37,102,16"
6215156658,96,8,0,"132,48,57,135,62,170,275,127,213,1"
6214535821,96,8,0,"11,67,38,123,137,1,35,13,48,83"
6214646739,96,8,1,"99,28,37,35,33,17,16,39,123,138"
6215196254,96,8,1,"99,1,35,37,19,48,6,127,13,103"
6215168624,96,8,0,"1,21,6,13,67,17,32,0,48,10"
8484023906,98,11,3,"17,102,28,105,19,56,99,71,37,55"
8482933143,98,11,3,"29,14,11,149,27,76,12,288,17,188"
8482934131,98,11,3,"13,44,70,18,87,48,73,69,32,227"
8484026730,98,11,3,"17,28,19,105,32,102,138,103,6,78"
8482936097,98,11,3,"71,79,96,179,26,200,188,76,212,238"
8484028658,98,11,2,"99,28,33,37,19,34,17,85,102,32"
8484031200,98,11,2,"28,32,78,17,38,85,105,35,138,149"
8484042712,98,0,2,"28,17,105,103,38,19,102,37,78,16"
6213449457,99,6,7,"57,62,135,170,46,86,213,60,80,244"
6213941270,99,6,2,"76,89,269,80,86,117,135,64,57,7"
6360823045,99,6,2,"7,1,81,4,128,46,293,25,87,32"
6014187214,99,6,2,"48,68,0,13,2,128,67,129,6,130"
2240343346,101,10,3,"11,14,12,44,3,123,141,42,249,32"
2240338012,101,10,3,"12,11,14,17,27,3,32,156,29,123"
2239541691,101,10,3,"27,29,13,87,44,17,12,300,38,35"
2239567027,101,10,3,"156,137,11,12,67,13,181,139,21,155"
2239724569,101,10,3,"11,28,181,103,105,138,17,12,14,101"
2239727085,101,10,3,"13,3,42,10,152,18,11,228,12,44"
2240522532,101,10,3,"44,38,13,3,123,17,105,35,67,12"
2239735613,101,10,3,"80,82,42,315,128,129,220,159,67,321"
2181445042,101,10,3,"3,10,59,160,142,122,146,17,6,68"
2092446962,101,10,7,"60,122,259,47,59,160,46,45,286,4"
9088084271,102,0,5,"17,34,28,35,37,19,33,16,99,55"
9090303152,102,0,2,"28,17,19,33,105,32,99,38,35,78"
9090302916,102,0,2,"56,174,191,172,241,281,48,263,112,84"
9090302550,102,0,2,"99,28,37,34,33,17,35,36,102,38"
9090302352,102,0,2,"190,94,88,84,76,33,112,169,96,175"
9090302018,102,0,2,"75,128,98,272,217,84,190,174,239,293"
9090301652,102,0,2,"14,12,67,257,233,24,90,11,157,48"
9090300584,102,0,7,"25,17,6,20,28,38,7,31,35,94"
9088078331,102,0,7,"80,59,44,63,160,131,60,159,253,82"
9125820953,102,0,21,"112,188,108,175,190,107,75,198,265,174"
9147581072,102,0,9,"116,239,301,323,311,98,149,226,173,297"
9145357261,102,0,9,"226,66,2,306,217,13,222,130,124,140"
9145356905,102,0,12,"76,83,88,23,20,33,90,74,84,190"
9147576312,102,0,2,"145,0,1,62,227,134,61,25,83,91"
10937208626,102,5,12,"84,33,17,53,128,20,205,46,98,89"
3573184191,107,3,0,"35,99,38,28,17,37,55,19,123,102"
3573991094,107,3,4,"65,205,261,7,262,172,36,243,97,279"
2124561916,109,7,10,"23,79,172,76,7,189,174,26,176,115"
2124570666,109,7,10,"115,23,172,174,189,122,79,26,76,160"
2124570756,109,7,10,"172,191,56,205,279,263,261,173,174,116"
2124561996,109,7,10,"172,191,205,56,279,261,263,116,262,20"
2123797695,109,7,10,"116,172,191,115,56,93,205,261,98,153"
2123789001,109,7,10,"116,172,205,191,56,261,98,93,153,115"
2123797785,109,7,10,"172,239,116,279,261,262,121,272,191,205"
2124562154,109,7,10,"116,239,172,262,152,261,205,269,272,20"
2123789207,109,7,10,"175,174,181,173,189,112,102,278,107,55"
2124571056,109,7,10,"174,175,173,189,112,181,107,216,179,232"
2124571140,109,7,10,"51,50,52,129,10,195,258,49,235,157"
2123789265,109,7,10,"51,258,187,141,49,48,0,10,220,195"
2124562424,109,7,17,"99,28,37,33,102,17,105,103,101,100"
2123798149,109,7,17,"99,28,33,37,102,17,105,103,100,101"
2123798237,109,7,17,"28,99,17,33,37,35,19,34,78,105"
2124562492,109,7,17,"28,99,17,33,37,35,19,78,32,34"
2124571390,109,7,17,"28,17,99,102,33,105,37,19,35,101"
2124562614,109,7,17,"28,99,102,17,33,37,105,19,35,71"
2123789609,109,7,17,"76,79,33,86,88,20,131,176,74,31"
2124571498,109,7,17,"76,79,33,131,88,86,176,20,31,34"
2124562780,109,7,17,"76,20,96,190,238,94,188,88,99,154"
2124571564,109,7,17,"76,20,96,190,188,238,174,88,99,94"
2124571664,109,7,17,"76,96,20,174,190,256,188,31,175,238"
2123789775,109,7,17,"76,20,96,23,190,94,238,31,26,188"
2123798687,109,7,17,"105,28,71,17,102,78,35,38,20,33"
2124562960,109,7,17,"105,28,71,17,102,78,20,35,76,38"
2123798777,109,7,17,"76,23,88,33,188,74,131,89,190,247"
2123789901,109,7,17,"76,23,88,131,74,33,188,89,190,247"
2124563122,109,7,17,"80,118,122,165,46,193,84,68,194,82"
2124571862,109,7,17,"80,118,122,165,46,193,114,82,68,142"
2124571940,109,7,17,"160,120,158,197,122,114,46,59,315,47"
2123790085,109,7,17,"160,120,122,197,59,46,158,115,47,114"
2123814133,109,7,17,"114,115,116,117,85,118,119,120,121,122"
2124580416,109,7,17,"115,85,114,116,174,128,120,263,122,139"
2124580480,109,7,17,"99,28,35,172,36,31,37,17,20,33"
2123814257,109,7,17,"99,28,35,36,172,17,37,237,38,33"
2123814357,109,7,17,"28,99,35,20,65,38,36,237,31,33"
2123807527,109,7,17,"35,99,28,38,20,31,65,174,36,84"
2123814437,109,7,17,"99,28,20,35,31,294,172,38,65,17"
2123807593,109,7,17,"99,20,31,28,294,35,172,64,19,38"
2123807675,109,7,17,"187,89,122,63,153,163,31,297,115,159"
2123814529,109,7,17,"187,89,153,163,122,63,31,115,297,159"
2124580812,109,7,8,"17,28,37,102,12,13,19,35,16,56"
2124587970,109,7,8,"17,37,12,28,102,13,35,103,16,19"
2124580912,109,7,8,"11,12,156,14,103,17,123,19,3,10"
2124588106,109,7,8,"12,11,156,14,103,17,10,123,3,19"
2124581028,109,7,8,"12,11,14,17,103,156,37,3,10,123"
2124588226,109,7,8,"12,11,156,17,14,103,10,3,37,123"
2124581122,109,7,8,"12,17,11,156,28,103,19,35,14,37"
2123808149,109,7,8,"17,12,11,28,156,37,103,35,19,34"
2124581292,109,7,8,"17,35,11,12,28,37,19,156,34,103"
2124581370,109,7,8,"17,156,12,35,11,28,37,149,19,38"
2124581550,109,7,8,"17,11,12,156,28,37,35,103,19,14"
2123808403,109,7,8,"17,35,28,12,37,11,19,103,156,102"
2124581628,109,7,8,"12,11,156,17,103,28,19,14,249,138"
2124581724,109,7,8,"298,129,41,44,18,269,42,4,160,294"
2124581798,109,7,8,"4,294,41,31,2,333,258,3,44,129"
2123808803,109,7,8,"22,269,258,280,163,149,294,42,33,31"
2124581988,109,7,8,"17,28,38,13,138,12,102,105,16,19"
2123808979,109,7,8,"17,38,28,35,138,16,13,12,19,103"
2124582216,109,7,8,"17,28,38,12,32,138,19,16,105,13"
2123809085,109,7,8,"34,17,11,76,37,14,28,12,33,249"
2124582370,109,7,8,"99,76,34,188,33,20,174,36,96,172"
2123810895,109,7,9,"174,226,136,107,175,283,260,7,282,202"
2124584264,109,7,9,"55,138,149,28,226,95,257,17,16,100"
5722403122,110,3,12,"70,93,212,84,211,76,33,192,326,6"
5722408726,110,3,8,"234,55,98,149,19,68,223,33,138,28"
5721875151,110,3,2,"42,40,44,59,3,46,60,4,221,287"
5722447654,110,3,12,"257,0,331,211,330,208,91,255,117,130"
5722451708,110,3,14,"17,28,32,6,44,19,38,13,35,105"
5721898487,110,3,12,"83,25,6,20,68,59,230,46,152,86"
5722608626,110,4,0,"35,38,55,110,17,106,28,217,138,95"
5722055713,110,4,0,"11,12,156,14,123,10,139,19,3,13"
5722614618,110,4,10,"144,248,163,327,160,164,24,227,53,315"
3406435440,113,2,7,"1,6,25,61,46,44,128,59,13,160"
5824018571,113,5,2,"133,274,25,104,87,83,86,43,221,60"
5824019285,113,5,2,"47,259,64,162,213,168,244,184,329,60"
5824581542,113,5,2,"167,84,165,253,43,213,182,40,161,47"
5824582204,113,5,2,"64,244,167,80,269,182,165,246,253,31"
5824582888,113,5,2,"165,161,167,253,64,84,182,13,3,33"
5824022029,113,5,2,"122,80,165,117,253,167,67,47,182,213"
9217853292,114,6,13,"17,35,38,19,55,102,103,28,123,13"
9217871136,114,6,13,"108,151,181,203,198,173,247,201,188,153"
9231251364,114,6,3,"13,66,48,0,10,51,195,69,169,141"
9228520461,114,6,3,"13,11,10,0,87,12,3,32,103,18"
9231839408,114,6,13,"181,102,200,55,278,174,204,17,32,56"
9229196109,114,6,15,"102,105,55,17,37,103,19,28,30,35"
9229214767,114,6,15,"17,35,38,19,71,102,28,105,55,56"
9232014286,114,6,15,"68,67,13,35,10,17,139,6,32,38"
9232095040,114,6,15,"96,238,149,17,20,151,88,76,176,78"
9279064748,114,6,1,"11,12,156,123,6,14,10,13,67,139"
3226869571,118,0,3,"174,175,79,176,188,26,179,189,181,180"
3226870857,118,0,3,"13,67,11,156,6,68,111,19,113,110"
3227726126,118,0,3,"27,29,38,32,35,13,44,87,17,19"
3227727672,118,0,3,"13,6,3,44,18,10,67,19,12,38"
3226877083,118,0,3,"44,3,42,13,87,103,18,32,78,17"
3227944076,118,0,3,"28,17,105,181,103,35,78,38,138,32"
3227944990,118,0,3,"13,66,48,222,67,0,6,70,1,124"
3227099013,118,0,3,"181,19,177,71,178,173,102,174,79,56"
3227953826,118,0,3,"177,112,176,179,178,174,180,173,26,79"
3230734604,118,0,3,"6,67,87,44,12,28,157,61,11,32"
3243385126,118,0,5,"28,17,12,19,33,16,103,156,102,37"
3242553497,118,0,5,"12,156,11,17,123,19,103,14,28,13"
3243388654,118,0,15,"6,28,67,12,14,17,11,19,87,32"
3243389216,118,0,15,"11,67,12,156,123,14,137,13,19,103"
3242648915,118,0,15,"17,20,28,35,105,76,154,96,56,188"
3242649823,118,0,15,"67,13,48,10,68,137,0,3,44,15"
3242650591,118,0,15,"156,137,12,11,67,14,13,249,6,113"
3242651251,118,0,15,"19,110,66,195,217,0,6,111,55,156"
3242652153,118,0,15,"19,17,28,56,102,105,103,32,38,35"
3242653959,118,0,15,"3,44,17,70,18,4,32,138,10,28"
3249906928,118,0,2,"19,28,17,123,6,21,217,139,39,141"
3249081631,118,0,2,"17,28,19,105,103,33,32,16,38,102"
3249910844,118,0,2,"269,93,330,70,315,53,89,22,120,159"
3249084377,118,0,2,"1,6,128,32,25,83,38,35,84,87"
3252689512,118,0,10,"177,178,179,180,79,176,270,26,174,175"
3252693014,118,0,10,"231,261,98,70,322,149,282,73,155,17"
3257638174,118,0,0,"35,38,28,37,99,17,33,125,55,103"
3256809451,118,0,0,"19,247,32,71,200,56,102,76,11,72"
3256810545,118,0,1,"13,48,69,66,0,70,222,2,127,1"
3256810879,118,0,1,"67,13,48,19,0,10,6,66,139,68"
3256811203,118,0,1,"19,123,35,38,110,126,102,125,33,84"
3257640920,118,0,1,"99,35,38,19,123,28,37,11,13,6"
3256812015,118,0,1,"123,13,11,139,19,38,113,67,156,110"
3257641998,118,0,1,"35,38,110,55,99,37,19,95,34,102"
3256813361,118,0,1,"67,13,19,1,6,37,102,11,48,111"
3256814017,118,0,1,"66,13,0,48,67,124,10,69,254,130"
3257643928,118,0,1,"6,13,67,1,0,53,48,38,87,258"
3256815097,118,0,0,"112,80,278,181,226,160,21,7,68,115"
3257681978,118,0,6,"96,88,76,23,33,94,90,20,262,149"
