3363305051,4,2,11,"8,0,1,9"
3363279275,4,2,2,"0,8,1,14"
3363282141,4,2,2,"8,1,0,10"
3364106390,4,2,2,"8,14,1,15"
3363290551,4,2,2,"1,8,0,36"
439641008,6,2,8,"8,1,9,0"
563360488,6,5,5,"0,2,3,8"
572337500,6,5,11,"2,4,0,3"
572337872,6,5,11,"2,0,3,4"
572789947,6,5,2,"0,8,11,2"
7139059449,10,3,0,"2,4,0,3"
6992991140,10,3,0,"0,6,8,46"
9694602718,10,10,9,"0,1,8,2"
9691371773,10,10,9,"2,0,39,3"
9691373745,10,10,9,"0,2,4,3"
9694632272,10,10,9,"0,2,4,15"
9694609400,10,10,9,"2,0,14,3"
9691402403,10,10,5,"2,4,3,0"
5682853558,11,3,2,"8,0,1,6"
5682286461,11,3,1,"0,2,6,39"
5682850830,11,3,2,"8,0,1,4"
2352634444,12,0,2,"8,0,1,6"
2351802897,12,0,5,"1,8,38,27"
3108277973,12,11,1,"0,2,5,1"
3109112646,12,11,1,"2,0,14,15"
3108281957,12,11,1,"2,15,12,1"
3108284773,12,11,1,"2,0,14,15"
3109119052,12,11,1,"8,1,12,9"
3108289977,12,11,1,"2,14,15,31"
3109126488,12,11,1,"2,0,14,1"
3109131940,12,11,1,"8,0,1,14"
3109135570,12,11,1,"2,0,14,15"
3108308233,12,11,1,"2,0,14,15"
3108311597,12,11,1,"2,0,14,8"
3109148112,12,11,1,"2,0,26,14"
3108317685,12,11,1,"2,5,24,14"
3108320977,12,11,1,"2,0,8,1"
3109156720,12,11,1,"0,2,8,15"
3108325149,12,11,1,"2,5,0,24"
3109159896,12,11,1,"2,0,8,1"
3109163598,12,11,1,"2,15,0,14"
3109166506,12,11,1,"0,2,1,8"
3108337123,12,11,1,"2,15,14,12"
3108340137,12,11,1,"2,15,12,14"
3108342889,12,11,1,"2,0,15,14"
3108345353,12,11,1,"11,2,12,0"
3109179560,12,11,1,"14,0,8,11"
3109181978,12,11,1,"2,15,12,14"
3108351207,12,11,1,"2,15,14,31"
3108353913,12,11,1,"0,2,8,1"
3109190044,12,11,1,"0,2,1,8"
3109191704,12,11,1,"2,0,14,5"
3108361385,12,11,1,"2,0,14,8"
3109195770,12,11,1,"2,0,14,6"
3109197944,12,11,1,"2,0,14,15"
3109200522,12,11,1,"0,2,1,14"
3108370323,12,11,1,"14,2,15,31"
3109206102,12,11,1,"2,0,14,15"
3108810833,12,11,1,"2,14,0,8"
3108391195,12,11,1,"2,14,0,8"
3108383971,12,11,1,"2,14,0,8"
3108813923,12,11,1,"2,0,1,8"
3108816667,12,11,1,"2,0,14,11"
3109650082,12,11,1,"2,0,14,5"
3109653278,12,11,1,"2,0,1,14"
3109655484,12,11,1,"0,2,8,1"
3109658654,12,11,1,"0,8,11,1"
3109662218,12,11,1,"0,14,2,8"
3109669892,12,11,1,"0,8,2,14"
3123997529,12,11,18,"3,2,4,0"
3123999959,12,11,18,"0,2,3,7"
3124827556,12,11,18,"0,1,8,2"
3124829164,12,11,18,"0,8,1,9"
3124005455,12,11,18,"8,0,1,38"
3124007725,12,11,18,"0,2,20,19"
3124009881,12,11,18,"0,2,3,4"
3124012345,12,11,18,"0,2,5,3"
3124014567,12,11,18,"0,2,7,3"
3124016055,12,11,18,"2,5,3,0"
3124018019,12,11,18,"2,3,0,5"
3124019729,12,11,18,"0,3,2,5"
3124846594,12,11,18,"5,0,2,24"
3124023249,12,11,18,"0,2,5,3"
3124025271,12,11,18,"2,0,41,3"
3124852166,12,11,18,"0,2,3,5"
3124028951,12,11,18,"2,0,3,5"
3124030561,12,11,18,"2,0,5,3"
3124032191,12,11,18,"0,2,4,3"
3124858978,12,11,18,"0,2,5,4"
3124860646,12,11,18,"2,3,0,5"
3124038699,12,11,18,"2,3,5,0"
3124040573,12,11,18,"0,2,20,1"
3124867584,12,11,18,"0,8,2,1"
3124869048,12,11,18,"2,3,0,4"
3124045777,12,11,18,"2,0,3,41"
3124047295,12,11,18,"0,2,3,4"
3124873832,12,11,18,"2,3,0,5"
3124050921,12,11,18,"2,0,3,5"
3124053463,12,11,18,"0,2,3,4"
3124879722,12,11,18,"0,2,3,5"
3124056511,12,11,18,"8,1,0,10"
3124883222,12,11,18,"0,8,1,22"
3124060219,12,11,18,"0,8,1,22"
3124886854,12,11,18,"2,0,5,3"
3124888580,12,11,18,"0,2,21,3"
3124890070,12,11,18,"0,1,8,7"
3124067267,12,11,18,"0,8,1,22"
3124893902,12,11,18,"0,8,1,35"
3124895196,12,11,18,"0,1,8,22"
3124071777,12,11,18,"0,2,5,1"
3124073077,12,11,18,"0,1,3,2"
3124898848,12,11,18,"0,5,1,3"
3124076413,12,11,18,"0,1,2,8"
5355768073,12,0,0,"2,0,4,3"
5361880958,12,0,0,"0,3,2,4"
6927922347,13,9,11,"2,0,3,4"
6782488404,13,0,9,"3,2,0,42"
6782494956,13,0,2,"2,0,21,3"
6782498412,13,0,2,"2,0,3,5"
6928620645,13,0,6,"3,2,0,4"
6928622975,13,0,6,"0,2,1,30"
6782523534,13,0,11,"3,2,0,41"
6782526960,13,0,11,"2,3,4,27"
6927880745,13,0,11,"2,3,5,4"
6928655609,13,0,11,"1,8,2,13"
6782543340,13,0,11,"3,2,0,4"
6928668987,13,0,11,"2,3,0,5"
6782556864,13,0,11,"2,3,0,4"
6927882459,13,0,11,"2,3,4,0"
6782574348,13,0,11,"2,3,0,4"
6782578028,13,0,11,"2,3,0,42"
6782580822,13,0,11,"2,3,0,4"
6782635200,13,0,0,"2,3,4,0"
6782637466,13,0,0,"2,3,0,4"
6928759867,13,0,2,"8,10,1,36"
6782643472,13,0,2,"10,22,8,36"
7152041739,13,2,11,"2,0,3,4"
7005954564,13,2,11,"2,0,3,4"
7005897464,13,2,1,"2,3,0,4"
7152058517,13,2,0,"2,3,0,4"
7005905424,13,2,1,"2,3,0,5"
8293935658,19,11,2,"8,0,1,46"
8292881865,19,11,2,"8,0,1,46"
8293936510,19,11,2,"0,8,1,46"
8293936398,19,11,2,"8,0,1,9"
8293935822,19,11,1,"0,2,8,4"
8293936450,19,11,1,"0,2,8,4"
8292881293,19,11,1,"0,8,1,11"
8293936076,19,11,1,"0,8,4,2"
8293935756,19,11,0,"0,8,1,9"
8292881739,19,11,5,"2,3,4,0"
8292881791,19,11,5,"0,2,4,3"
8293936160,19,11,5,"0,8,1,2"
5181982142,20,10,2,"12,11,14,15"
5181986202,20,10,2,"19,0,20,29"
5181988044,20,10,2,"0,8,6,1"
5181990510,20,10,2,"8,0,6,1"
5181393015,20,10,2,"0,2,8,14"
5181998634,20,10,11,"0,8,6,1"
5181401611,20,10,11,"0,8,1,19"
6401089303,20,9,2,"0,8,1,19"
8534302436,23,2,10,"0,4,3,2"
8558923557,23,2,9,"4,2,3,0"
8562283826,23,2,8,"2,4,3,0"
5522413588,24,11,0,"8,1,10,36"
5522417226,24,11,5,"2,15,12,14"
5522420948,24,11,9,"15,12,14,31"
5522423724,24,11,5,"15,12,14,1"
5522425868,24,11,5,"1,8,9,12"
5522428610,24,11,5,"1,8,10,27"
5522431312,24,11,5,"8,1,10,12"
5522435034,24,11,5,"2,11,12,15"
5521847575,24,11,5,"2,15,14,31"
5521849849,24,11,5,"2,12,15,31"
5521852939,24,11,5,"2,0,3,4"
5521855845,24,11,5,"8,11,1,12"
4575707413,29,1,2,"2,0,3,4"
4575718991,29,1,9,"2,3,0,4"
3446172699,31,3,4,"0,8,1,14"
3446174925,31,3,2,"0,8,1,6"
3446992704,31,3,1,"2,12,15,11"
3446181937,31,3,1,"2,0,8,1"
3447000286,31,3,1,"8,1,0,15"
410477037,32,1,7,"0,2,1,23"
410516838,32,1,16,"2,12,15,14"
410516976,32,1,16,"14,2,15,31"
410539676,32,1,16,"3,2,0,41"
11247093615,33,11,14,"0,2,1,4"
11247162255,33,11,17,"2,0,3,1"
11382630863,33,11,17,"0,8,1,6"
11382554574,33,11,17,"11,8,1,12"
11382514365,33,11,17,"0,8,1,2"
2104987438,34,6,11,"4,2,3,0"
2107219353,34,4,7,"14,15,2,31"
2109527709,34,7,5,"0,2,3,4"
2109527735,34,7,5,"2,0,5,3"
2110303868,34,7,5,"2,0,3,5"
2110303978,34,7,0,"2,0,3,25"
2109527969,34,7,0,"0,2,3,37"
2110304140,34,7,2,"2,3,0,4"
2109528095,34,7,11,"8,1,11,0"
3693438761,34,6,2,"8,1,0,14"
3694244222,34,6,2,"8,1,0,22"
3693439373,34,6,2,"8,11,1,0"
12382923033,35,8,5,"2,0,3,1"
12383225244,35,8,2,"2,3,4,0"
12382778175,35,8,2,"3,2,4,0"
12382920253,35,8,2,"8,1,0,22"
12382778825,35,8,2,"8,1,0,22"
12382926743,35,8,2,"1,0,8,22"
12382927153,35,8,2,"8,0,1,22"
5674672503,36,3,0,"2,0,3,6"
5674672875,36,3,5,"2,0,3,4"
5674673209,36,3,0,"0,2,1,3"
5682937095,36,3,11,"0,2,3,44"
5683502832,36,3,1,"0,2,1,8"
5682937807,36,3,1,"1,15,14,2"
5686239805,36,3,13,"0,2,3,44"
5686236479,36,3,13,"0,2,3,35"
11726643693,37,0,2,"11,8,1,43"
11766297183,37,0,4,"0,2,1,14"
11766295823,37,0,4,"0,8,6,1"
7607717376,40,6,13,"2,0,3,42"
7960368942,40,8,10,"2,3,0,4"
3015252536,41,10,7,"2,3,5,0"
3014418767,41,10,7,"3,2,5,4"
3014419523,41,10,7,"3,2,0,4"
3014420147,41,10,7,"2,3,5,0"
3015255658,41,10,7,"2,3,0,5"
3014421577,41,10,7,"2,3,5,4"
3015257168,41,10,7,"3,2,0,4"
3015263080,41,10,0,"2,3,4,5"
7987577104,43,7,7,"0,2,8,1"
7987606357,43,7,10,"0,1,8,9"
3161661928,44,11,5,"8,1,0,9"
3161666346,44,11,5,"0,8,1,9"
3162597500,44,11,7,"0,8,1,9"
3162601052,44,11,7,"8,1,0,9"
3161770967,44,11,7,"8,0,1,6"
3165870382,44,11,7,"8,0,1,9"
3165054427,44,11,7,"0,1,2,8"
3165669811,44,11,4,"2,0,1,3"
3166505226,44,11,2,"1,8,0,6"
3165677949,44,11,1,"0,8,1,9"
3165686539,44,11,1,"8,1,0,9"
3169116447,44,11,1,"8,1,0,9"
3169975624,44,11,0,"8,0,1,9"
3169219493,44,11,8,"0,8,1,9"
3172593371,44,11,18,"0,1,8,9"
3172602043,44,11,16,"11,14,12,15"
3173438616,44,11,9,"8,0,1,6"
3172618657,44,11,5,"0,2,3,4"
3401280497,44,2,2,"8,0,1,14"
5844866774,45,8,4,"8,1,0,9"
4350254290,45,1,4,"0,4,2,6"
4350254126,45,1,4,"0,8,1,2"
4350254212,45,1,4,"2,0,3,4"
4350254394,45,1,4,"2,0,4,3"
4350254488,45,1,4,"2,0,4,3"
4349507627,45,1,4,"2,3,4,0"
4350254708,45,1,4,"0,2,4,3"
4350254800,45,1,4,"0,4,2,3"
4349507955,45,1,4,"2,3,0,4"
4349508051,45,1,4,"2,3,0,4"
4349508143,45,1,4,"3,2,4,0"
4907087983,45,7,5,"0,8,1,6"
5126285730,45,9,1,"1,8,0,12"
5360355948,45,0,19,"11,12,8,14"
5360356020,45,0,19,"2,3,0,4"
5359741239,45,0,19,"1,8,0,11"
5360356182,45,0,19,"2,11,0,12"
5359741365,45,0,19,"11,12,15,14"
5360356388,45,0,19,"2,0,4,11"
5360356448,45,0,19,"0,2,8,4"
5360356536,45,0,19,"2,0,3,1"
5360356610,45,0,19,"0,2,3,4"
5359741765,45,0,19,"2,3,0,4"
5359741869,45,0,19,"2,0,3,4"
5359741965,45,0,19,"11,2,0,1"
5538557319,45,2,11,"2,0,3,1"
5539135868,45,2,14,"2,0,3,39"
5538557535,45,2,15,"2,3,0,6"
5730225072,45,4,1,"0,2,3,8"
6102889742,45,8,4,"0,2,8,4"
6105757556,45,8,7,"2,3,0,27"
6105757256,45,8,7,"0,4,2,3"
6105757356,45,8,7,"8,1,10,0"
6105214577,45,8,7,"2,0,3,4"
6105757516,45,8,7,"3,2,0,4"
6290516346,45,9,5,"0,1,8,2"
6289999023,45,9,5,"0,2,3,1"
6290516710,45,9,5,"0,8,1,6"
6289999319,45,9,5,"2,0,3,4"
6290516956,45,9,5,"0,1,8,6"
6289999633,45,9,5,"0,2,1,6"
6289999753,45,9,5,"2,0,3,4"
6290517438,45,9,5,"0,1,8,2"
6290000013,45,9,5,"2,3,0,4"
6290000069,45,9,5,"3,2,4,5"
6290517754,45,9,5,"2,0,1,8"
6290517912,45,9,5,"0,1,8,6"
6290000479,45,9,5,"2,0,3,4"
6290000635,45,9,5,"2,0,3,4"
6290000733,45,9,5,"2,0,5,3"
6290518388,45,9,5,"2,3,0,4"
6290000963,45,9,5,"2,3,0,4"
6290001143,45,9,5,"2,3,0,4"
6290001301,45,9,5,"2,0,3,4"
6290518920,45,9,5,"8,0,1,9"
6290518978,45,9,5,"0,8,1,14"
6290001663,45,9,5,"8,0,1,14"
6290519238,45,9,5,"2,0,3,4"
6418788307,45,10,4,"0,2,3,4"
6418787957,45,10,0,"0,1,7,8"
6440870663,45,11,7,"2,1,0,39"
6440870825,45,11,7,"0,1,8,2"
6440870987,45,11,7,"1,0,2,8"
6440871239,45,11,7,"0,1,2,8"
6440871533,45,11,7,"0,1,2,8"
6440871751,45,11,7,"0,2,1,39"
6440871971,45,11,7,"2,1,0,8"
6440872169,45,11,7,"0,1,8,2"
6486781919,45,11,4,"4,2,0,3"
6510486015,45,11,16,"4,3,2,0"
6510607519,45,11,18,"1,0,8,9"
6510607729,45,11,18,"0,2,3,7"
6510608233,45,11,18,"1,8,0,22"
6510608841,45,11,10,"0,19,2,20"
6510621421,45,11,16,"0,2,3,1"
6510622029,45,11,16,"0,2,3,4"
6645257375,45,0,5,"2,4,0,3"
6645257591,45,0,5,"2,3,0,4"
6658775723,45,0,10,"0,2,3,21"
6658777081,45,0,10,"3,2,0,4"
6947925031,45,2,8,"0,2,4,8"
6801816478,45,2,8,"0,4,8,2"
6801816652,45,2,8,"2,4,3,0"
6947925471,45,2,8,"4,2,0,3"
6801816192,45,2,8,"4,0,2,3"
6947925589,45,2,8,"0,4,8,2"
6902088938,45,3,19,"8,1,22,0"
6910185420,45,3,10,"0,1,8,19"
6910185034,45,3,10,"0,2,1,19"
7056271691,45,3,10,"0,2,1,8"
7056271119,45,3,10,"0,2,1,8"
6910183160,45,3,10,"0,1,2,8"
6910182676,45,3,10,"2,3,0,4"
6910181998,45,3,10,"0,8,1,2"
7058721387,45,3,19,"0,3,2,34"
6924249468,45,3,19,"0,8,1,10"
6985142882,45,3,5,"0,2,1,8"
6985142890,45,3,5,"2,0,3,4"
6985142778,45,3,5,"0,8,1,3"
6985142108,45,3,0,"0,2,3,1"
7131225587,45,3,1,"0,2,8,4"
7131225307,45,3,1,"8,1,0,14"
7123652719,45,3,0,"0,2,4,8"
6994412566,45,4,8,"2,0,4,14"
7158069970,45,4,0,"0,2,4,19"
7170148428,45,4,12,"2,0,3,4"
7174053644,45,4,10,"0,2,4,3"
7174101896,45,4,10,"2,0,3,4"
7174109968,45,4,10,"0,2,4,3"
7188319114,45,4,10,"0,1,8,19"
7188317854,45,4,7,"3,2,0,5"
7186650832,45,4,5,"0,1,8,10"
7188317500,45,4,10,"0,2,3,1"
7192480096,45,4,5,"0,2,3,4"
7193298282,45,4,7,"2,0,3,4"
7193308928,45,4,7,"0,2,4,1"
7318798298,45,5,18,"0,2,4,3"
7324203002,45,5,1,"2,3,4,0"
7560175438,45,6,12,"0,8,6,1"
7560183928,45,6,12,"0,8,1,11"
7872817456,45,7,20,"0,8,11,1"
7872866184,45,7,7,"2,4,3,0"
7872897648,45,7,7,"2,3,0,4"
7912879846,45,8,7,"4,2,0,3"
7921170492,45,8,7,"2,3,42,0"
7913482298,45,8,7,"2,3,4,0"
8117475809,45,9,10,"0,8,4,2"
8117479703,45,9,10,"0,3,2,4"
8117484613,45,9,10,"2,3,4,0"
8118688790,45,9,10,"2,4,0,3"
8118677503,45,9,10,"0,4,2,8"
8157317390,45,10,1,"8,1,11,14"
8157283461,45,10,1,"8,1,0,14"
8157283009,45,10,1,"1,0,8,11"
8157293111,45,10,1,"0,1,8,22"
8157282679,45,10,1,"0,2,4,3"
8157316132,45,10,1,"4,3,2,0"
8157315088,45,10,1,"0,3,2,4"
8157281109,45,10,1,"2,0,3,4"
8157314468,45,10,1,"2,3,0,4"
8157314230,45,10,2,"8,1,10,12"
8157313882,45,10,1,"0,2,1,8"
8157279761,45,10,1,"0,1,8,2"
8157313286,45,10,1,"2,0,3,4"
8157312860,45,10,0,"0,1,8,2"
8157339483,45,10,11,"3,0,2,4"
8157339067,45,10,11,"2,0,3,4"
8157338071,45,10,11,"2,3,4,0"
8157337815,45,10,11,"0,2,4,3"
8157337521,45,10,11,"2,0,4,3"
8157371040,45,10,11,"4,2,3,0"
8157336813,45,10,11,"0,2,4,8"
8157370388,45,10,11,"0,2,3,4"
8157336087,45,10,11,"0,2,3,4"
8157335753,45,10,11,"2,0,4,3"
8157335335,45,10,11,"2,3,4,0"
8157368986,45,10,11,"2,0,4,3"
8157368702,45,10,11,"2,0,4,3"
8157368338,45,10,11,"2,0,3,4"
8157368032,45,10,11,"2,0,4,3"
8157333679,45,10,11,"2,3,0,4"
8157367212,45,10,11,"3,2,4,0"
8157332985,45,10,11,"3,2,4,0"
8157332545,45,10,11,"3,2,0,4"
8157366000,45,10,11,"0,2,4,3"
8157365666,45,10,11,"0,2,4,8"
8157365268,45,10,11,"0,4,2,3"
8157364856,45,10,11,"3,2,0,41"
8157330711,45,10,11,"2,0,3,4"
8157330443,45,10,11,"2,0,4,8"
8157394912,45,10,0,"3,2,0,4"
8157394426,45,10,0,"0,2,3,47"
8157394184,45,10,0,"0,2,3,4"
8157360323,45,10,0,"0,2,6,1"
8157393706,45,10,0,"0,2,3,6"
8157392818,45,10,0,"0,3,2,6"
8157390424,45,10,0,"0,8,1,6"
8157390188,45,10,0,"0,2,6,25"
8157358221,45,10,0,"0,2,3,4"
8157357335,45,10,0,"0,2,1,3"
8157390868,45,10,0,"2,3,0,4"
8157356759,45,10,0,"4,2,0,3"
8157356227,45,10,0,"0,4,2,3"
8150214689,45,10,1,"2,0,3,4"
8150218327,45,10,11,"4,2,0,3"
8150248042,45,10,1,"0,2,1,8"
8150253768,45,10,11,"2,3,0,4"
8150257316,45,10,0,"2,3,0,4"
8152554328,45,10,1,"0,8,14,2"
8157312442,45,10,0,"0,2,1,8"
8166450107,45,10,7,"0,4,2,3"
8168538866,45,10,7,"0,4,2,3"
8168521773,45,10,10,"2,4,0,3"
8168551298,45,10,10,"2,3,0,4"
8168552250,45,10,10,"2,3,4,0"
8168591365,45,10,7,"4,2,0,3"
8249724248,45,11,3,"0,1,8,25"
8248658521,45,11,3,"0,8,1,4"
8332993634,45,0,5,"0,19,20,35"
8332993276,45,0,5,"0,2,3,8"
8332992940,45,0,5,"2,0,3,8"
8332992656,45,0,5,"2,0,3,1"
8375781182,45,0,5,"0,1,8,19"
8375785874,45,0,0,"2,0,3,1"
8374713661,45,0,0,"0,2,3,21"
8375787350,45,0,0,"2,0,3,1"
8375786950,45,0,0,"0,2,1,23"
8375781684,45,0,0,"0,2,3,39"
8374712545,45,0,0,"2,0,23,29"
8374707251,45,0,0,"3,2,0,4"
8374707297,45,0,0,"2,3,0,4"
8375622878,45,0,0,"2,3,0,4"
8395980173,45,0,10,"2,3,0,4"
8395980177,45,0,10,"2,0,3,4"
8395979781,45,0,10,"2,0,3,4"
8395979541,45,0,10,"0,2,1,3"
8395029468,45,0,10,"2,0,3,4"
8395979959,45,0,10,"0,2,4,36"
8397063086,45,0,10,"2,3,0,4"
8397063196,45,0,10,"2,0,1,24"
8429952410,45,0,2,"0,1,2,8"
8437209054,45,1,0,"0,2,3,4"
8436200435,45,1,7,"0,2,4,19"
8437285414,45,1,3,"0,8,1,22"
8440118558,45,1,8,"0,2,1,8"
8440219976,45,1,8,"2,3,0,4"
8439133775,45,1,8,"2,0,3,1"
8453807458,45,1,8,"0,1,8,2"
8452716257,45,1,8,"1,8,0,11"
8453808310,45,1,8,"8,1,0,9"
8453806568,45,1,8,"8,1,0,12"
8452718121,45,1,8,"0,8,1,35"
8452719097,45,1,8,"0,2,4,3"
8453810980,45,1,8,"0,4,2,24"
8453809702,45,1,8,"0,2,8,4"
8453812022,45,1,8,"0,2,4,3"
8452716777,45,1,8,"0,4,2,3"
8453812260,45,1,8,"4,2,0,3"
8453812092,45,1,8,"4,2,3,0"
8452719799,45,1,8,"4,2,0,3"
8452719331,45,1,8,"2,4,0,3"
8453806896,45,1,8,"4,2,0,3"
8452720809,45,1,10,"2,0,3,4"
8453791613,45,1,8,"2,0,3,4"
8453796035,45,1,8,"2,3,5,42"
8453802911,45,1,8,"2,4,3,0"
8480504145,45,1,10,"0,2,1,3"
8481592486,45,1,7,"0,2,3,1"
8481588306,45,1,7,"2,3,0,1"
8481588664,45,1,7,"0,1,8,2"
8480498405,45,1,7,"2,0,3,4"
8481594580,45,1,7,"2,3,0,4"
8481594436,45,1,7,"2,0,3,4"
8480499571,45,1,7,"0,1,8,9"
8481593872,45,1,7,"2,3,0,21"
8481591800,45,1,7,"2,3,0,4"
8481591410,45,1,7,"0,1,8,19"
8480501049,45,1,7,"0,8,1,22"
8481590732,45,1,7,"2,1,13,21"
8481590316,45,1,7,"2,0,21,37"
8481590038,45,1,7,"2,0,1,3"
8481590314,45,1,7,"2,3,13,21"
8481590392,45,1,7,"2,3,0,13"
8481589050,45,1,10,"2,3,0,42"
8481588292,45,1,10,"2,3,0,4"
8481588778,45,1,10,"0,2,3,48"
8480498865,45,1,10,"0,2,3,21"
8480498695,45,1,7,"2,0,3,4"
8481593430,45,1,18,"2,3,0,42"
8480503111,45,1,18,"3,2,0,4"
8481592752,45,1,18,"2,0,3,1"
8480503445,45,1,18,"2,3,0,42"
8480502653,45,1,18,"2,3,0,8"
8481589508,45,1,18,"0,8,1,9"
8481593840,45,1,18,"2,0,3,4"
8480502633,45,1,18,"3,2,0,42"
8480502317,45,1,18,"3,2,0,42"
8480502671,45,1,18,"2,3,0,42"
8480503419,45,1,18,"2,3,0,13"
8481589170,45,1,18,"2,3,0,4"
8493844481,45,1,8,"0,2,3,19"
8496058811,45,1,18,"2,0,3,42"
8496338021,45,1,18,"0,2,3,4"
8497445982,45,1,18,"2,0,3,42"
8497446798,45,1,18,"3,2,0,7"
8496344247,45,1,18,"2,3,0,4"
8497448434,45,1,18,"3,2,0,4"
8497459876,45,1,18,"2,3,8,0"
8512180147,45,1,8,"4,0,2,3"
8513293516,45,1,8,"0,2,4,3"
8513292644,45,1,8,"2,0,4,3"
8512179371,45,1,8,"0,2,4,3"
8512179339,45,1,8,"0,4,2,3"
8510677281,45,1,8,"0,4,8,2"
8517697182,45,2,19,"2,3,4,0"
8516583517,45,2,19,"2,14,15,31"
8517701250,45,2,19,"2,14,15,12"
8516590273,45,2,19,"14,8,15,1"
8517706108,45,2,19,"2,27,12,15"
8516595119,45,2,19,"14,15,31,12"
8517883222,45,2,19,"0,2,3,4"
8520446622,45,2,18,"3,2,0,44"
8523117393,45,2,9,"2,3,0,10"
8524229930,45,2,9,"2,3,0,30"
8523116575,45,2,9,"3,2,30,0"
8524228424,45,2,9,"3,2,0,4"
8524229988,45,2,9,"3,2,0,30"
8523116981,45,2,9,"3,2,0,4"
8524229212,45,2,9,"2,3,0,30"
8524229202,45,2,9,"2,3,0,30"
8524228754,45,2,9,"2,3,0,30"
8524229678,45,2,9,"2,3,0,4"
8524106762,45,2,9,"0,2,3,4"
8524120104,45,2,9,"2,0,3,4"
8527931978,45,2,18,"2,0,3,13"
8591763279,45,2,16,"0,8,1,2"
8592869866,45,2,16,"0,2,3,6"
8591773655,45,2,16,"0,2,3,4"
8591776655,45,2,16,"2,0,3,4"
8659832215,45,3,12,"0,1,6,8"
8747089534,45,4,5,"0,1,8,2"
8747089318,45,4,5,"0,2,3,4"
8745968089,45,4,5,"2,0,3,4"
8747088822,45,4,5,"0,19,1,20"
8745924571,45,4,5,"2,3,4,0"
8745932351,45,4,5,"2,0,3,41"
8749684160,45,4,5,"2,4,36,3"
8749194215,45,4,5,"0,1,8,2"
8752482354,45,4,5,"0,2,3,4"
8760308196,45,4,5,"0,2,3,4"
8763473952,45,4,2,"0,8,2,6"
8762370757,45,4,1,"0,8,1,19"
8775184955,45,4,5,"0,8,1,6"
8908928364,45,5,8,"2,0,4,3"
8908319919,45,5,8,"2,0,4,3"
8908333055,45,5,8,"0,4,2,6"
8920889380,45,5,8,"2,0,3,4"
8920286647,45,5,8,"3,4,2,0"
8920913486,45,5,8,"0,2,4,3"
8920944410,45,5,8,"0,2,3,4"
8920960890,45,5,8,"0,2,4,3"
8933103666,45,5,8,"0,1,8,2"
8937370134,45,5,8,"2,0,3,4"
9040965548,45,5,10,"2,3,0,4"
9038755353,45,5,10,"0,8,4,1"
9197194545,45,5,10,"2,0,3,15"
9199974944,45,5,10,"0,2,1,8"
9197192441,45,5,10,"2,0,3,4"
9199973126,45,5,10,"3,2,0,4"
9199971880,45,5,10,"0,2,1,8"
9197188969,45,5,10,"0,2,3,4"
9197186729,45,5,10,"2,0,3,4"
9199966678,45,5,10,"0,2,4,3"
9162672469,45,5,10,"2,14,1,15"
9162678879,45,5,10,"2,3,4,0"
9165725456,45,5,10,"2,0,3,4"
9197476612,45,6,10,"0,2,3,1"
9194708679,45,6,10,"2,0,3,4"
9199879084,45,6,10,"2,0,3,1"
9240600496,45,6,16,"4,3,2,0"
9241841463,45,6,10,"2,0,4,3"
9370091796,45,6,19,"2,0,3,4"
9581432192,45,7,19,"2,3,0,4"
9596616459,45,7,19,"8,0,1,9"
9605130366,45,7,19,"2,3,0,4"
9802428495,45,8,7,"0,1,8,2"
9802465796,45,8,7,"2,3,4,0"
9802513613,45,8,7,"0,1,8,21"
9802431085,45,8,7,"0,2,1,8"
9835225866,45,8,10,"0,8,2,1"
9868751746,45,8,7,"0,2,1,6"
9868844083,45,8,7,"0,1,8,2"
9868734814,45,8,7,"0,2,1,3"
9868732884,45,8,7,"0,1,8,19"
9868730404,45,8,7,"2,3,0,4"
9868839073,45,8,7,"0,2,3,1"
9868736925,45,8,7,"0,1,8,2"
10113532073,45,9,10,"0,8,6,1"
10259828974,45,9,19,"8,1,10,14"
10486904824,45,9,19,"0,8,1,9"
10533089346,45,9,10,"0,2,3,4"
10533115774,45,9,16,"0,8,1,9"
10533089596,45,9,16,"2,3,32,4"
10533308963,45,9,16,"2,3,4,0"
10533117484,45,9,16,"2,3,0,48"
10533331793,45,9,16,"2,0,3,1"
10505762183,45,9,10,"0,2,3,5"
10534891656,45,9,16,"0,3,2,8"
10880672496,45,10,10,"0,4,3,2"
10880929563,45,10,10,"3,2,0,41"
10880784524,45,10,10,"2,3,0,4"
10863754465,45,10,10,"2,3,0,5"
10864091103,45,10,10,"3,2,0,4"
10864089193,45,10,10,"2,0,3,1"
10863797306,45,10,10,"3,2,0,4"
10863900944,45,10,10,"3,0,2,4"
10863763655,45,10,10,"3,2,0,4"
10880668746,45,10,8,"4,0,3,2"
10880936243,45,10,8,"4,3,2,0"
10880935803,45,10,8,"4,2,0,3"
10880775934,45,10,8,"4,3,2,0"
10851180794,45,10,1,"2,0,12,3"
10880663436,45,10,10,"2,0,3,7"
10871216946,45,10,7,"0,8,1,4"
10871328344,45,10,7,"0,4,2,3"
10871184885,45,10,0,"0,8,2,19"
10895728605,45,10,10,"2,0,3,4"
10960839305,45,10,10,"2,4,3,0"
11004916446,45,10,19,"3,2,4,0"
11219899625,45,11,19,"8,0,2,4"
11988171763,45,0,19,"8,1,14,27"
12003710906,45,0,19,"2,12,11,1"
12008472823,45,0,19,"2,0,3,4"
12065852725,45,0,19,"2,0,3,35"
12170117964,45,0,16,"8,0,1,14"
12170132884,45,0,16,"8,0,1,11"
12170131204,45,0,16,"8,0,1,9"
12169943183,45,0,16,"0,8,2,11"
12169731565,45,0,16,"2,0,14,15"
12170127144,45,0,16,"8,1,11,14"
12169712285,45,0,16,"0,2,8,1"
12169709865,45,0,16,"2,0,11,12"
12170381606,45,0,10,"2,0,3,42"
12170149514,45,0,10,"2,0,3,23"
12169914333,45,0,10,"2,0,3,32"
12170378776,45,0,10,"2,3,0,42"
12169917483,45,0,10,"0,2,42,3"
12170376846,45,0,10,"2,0,3,42"
12170376776,45,0,10,"2,0,42,1"
12170107894,45,0,10,"0,1,8,2"
12170116634,45,0,10,"2,0,1,15"
12170328206,45,0,10,"0,2,8,1"
12170329796,45,0,10,"2,0,3,38"
12170099774,45,0,8,"8,0,1,19"
12145989646,45,0,16,"8,0,1,11"
12146451025,45,0,10,"3,2,0,4"
12163872274,45,0,7,"2,3,0,4"
12168948865,45,0,16,"2,15,31,12"
12198665875,45,0,16,"2,3,0,4"
12243416896,45,1,10,"2,0,3,4"
12242855245,45,1,10,"2,3,0,4"
12243107973,45,1,10,"0,2,3,4"
12344535325,45,1,8,"0,2,4,3"
12344880633,45,1,8,"0,2,4,3"
12402320193,45,1,16,"0,2,1,8"
12556188383,45,1,16,"2,0,3,11"
12556077845,45,1,16,"2,3,0,4"
12676438213,45,1,0,"0,2,4,3"
12676301115,45,1,0,"2,3,0,4"
12676435863,45,1,5,"2,3,0,4"
12676750884,45,1,2,"2,0,3,4"
12676414573,45,1,2,"0,8,1,11"
12676411603,45,1,2,"0,1,8,11"
12676405423,45,1,2,"2,0,1,12"
12676406163,45,1,2,"8,1,11,0"
12676272005,45,1,2,"8,1,11,9"
12676735494,45,1,2,"11,8,0,1"
12676734544,45,1,2,"11,8,0,1"
13242292294,45,2,19,"8,0,1,22"
13305538405,45,2,19,"8,1,0,22"
13581672864,45,3,14,"0,2,3,4"
13919184023,45,3,8,"0,2,8,1"
13932473403,45,3,10,"0,1,8,10"
13912139516,45,3,7,"3,2,4,0"
13980798745,45,3,19,"8,22,1,10"
8356352642,48,0,2,"0,1,8,2"
8624199964,48,3,0,"2,0,3,1"
8651693630,48,3,5,"2,0,3,23"
8659256505,48,3,5,"0,2,19,29"
231548812,51,8,18,"4,2,3,0"
231548902,51,8,18,"2,4,3,0"
231549000,51,8,18,"4,2,3,0"
231549124,51,8,18,"2,4,3,0"
231549236,51,8,18,"2,0,4,3"
231551451,51,8,18,"2,4,0,3"
231551554,51,8,18,"0,2,4,34"
231551698,51,8,18,"2,4,0,3"
231551840,51,8,18,"4,2,3,34"
231551988,51,8,18,"2,4,0,3"
231552116,51,8,18,"4,2,3,0"
231552248,51,8,18,"0,4,2,3"
231552329,51,8,18,"0,4,2,34"
231552439,51,8,18,"4,2,0,3"
231552540,51,8,18,"2,4,3,0"
231552631,51,8,18,"4,2,3,0"
282157881,51,9,15,"2,24,0,4"
282158452,51,9,15,"2,4,3,0"
282167890,51,9,15,"4,0,2,3"
282168743,51,9,15,"2,0,4,5"
281967058,51,9,15,"2,3,4,0"
281967787,51,9,15,"2,3,0,4"
281971096,51,9,15,"2,0,3,5"
281971517,51,9,15,"0,2,3,1"
281974246,51,9,15,"2,3,0,4"
281976570,51,9,15,"2,0,3,4"
281998899,51,9,15,"0,2,3,24"
281999343,51,9,15,"2,0,3,24"
282077390,51,9,15,"2,0,3,5"
282100551,51,9,15,"2,3,0,5"
282107771,51,9,15,"0,2,3,4"
282109986,51,9,15,"0,2,4,3"
282174051,51,9,15,"2,0,5,3"
282110473,51,9,15,"2,3,0,4"
282174599,51,9,15,"2,0,3,4"
282175126,51,9,15,"2,3,0,4"
282192645,51,9,15,"2,0,3,4"
282199103,51,9,15,"2,0,3,5"
282202525,51,9,15,"2,0,3,4"
282127737,51,9,15,"2,0,3,25"
282128657,51,9,15,"0,2,3,26"
282129155,51,9,15,"2,4,3,24"
282132206,51,9,15,"0,2,3,4"
282132594,51,9,15,"2,0,4,3"
282141610,51,9,15,"2,4,0,3"
282142155,51,9,15,"2,3,4,0"
282142622,51,9,15,"2,3,4,0"
282146933,51,9,15,"2,0,4,3"
2856091730,51,8,18,"0,4,2,3"
2856090974,51,8,18,"0,4,2,3"
2856092538,51,8,18,"2,4,3,0"
2856093214,51,8,18,"2,0,4,3"
2855259529,51,8,18,"0,2,4,3"
2855260291,51,8,18,"4,0,2,3"
2856095106,51,8,18,"4,2,3,0"
2856095774,51,8,18,"2,4,3,26"
2856096490,51,8,18,"4,0,2,3"
2856097050,51,8,18,"4,2,3,26"
2855263423,51,8,18,"4,0,2,3"
2856098350,51,8,18,"4,0,2,34"
2856099104,51,8,18,"4,0,2,3"
2855265583,51,8,18,"0,4,2,3"
2856100592,51,8,18,"4,0,2,34"
2856101490,51,8,18,"4,2,3,26"
2855268201,51,8,18,"4,0,2,3"
2856103582,51,8,18,"2,4,0,3"
2856104328,51,8,18,"4,0,2,3"
2856105232,51,8,18,"4,2,0,3"
2856106086,51,8,18,"4,2,3,0"
2855272781,51,8,18,"4,2,0,3"
2855273663,51,8,18,"4,3,2,0"
2855274661,51,8,18,"0,4,2,3"
2856110256,51,8,18,"4,0,2,3"
2856111284,51,8,18,"4,0,2,34"
2856112244,51,8,18,"4,0,2,3"
2856113278,51,8,18,"4,0,2,3"
2856114330,51,8,18,"4,0,2,3"
2856115266,51,8,18,"4,0,2,3"
2856116136,51,8,18,"0,4,2,34"
2855282839,51,8,18,"4,2,3,0"
2855284155,51,8,18,"4,0,2,3"
2855285155,51,8,18,"4,0,2,3"
2855286065,51,8,18,"4,2,0,3"
2856121378,51,8,18,"4,0,2,3"
2856122300,51,8,18,"4,0,2,3"
2856123320,51,8,18,"4,2,3,0"
2855290309,51,8,18,"4,2,3,0"
2856125376,51,8,18,"4,2,0,3"
2856126316,51,8,18,"0,4,2,34"
2856127396,51,8,18,"0,2,8,4"
2855294429,51,8,18,"4,0,2,3"
2855295563,51,8,18,"4,3,2,0"
2855296601,51,8,18,"2,4,0,3"
2856131576,51,8,18,"4,0,2,3"
2856132634,51,8,18,"4,2,0,3"
2855299611,51,8,18,"2,4,0,3"
2856134584,51,8,18,"4,2,0,3"
2856136212,51,8,18,"4,0,2,3"
2855302965,51,8,18,"4,2,3,0"
2855304161,51,8,18,"0,2,4,3"
2855305211,51,8,18,"4,0,2,3"
2856140498,51,8,18,"0,4,2,3"
2856141578,51,8,18,"4,0,2,3"
2856142632,51,8,18,"0,4,8,2"
2856143924,51,8,18,"4,2,3,0"
2856144872,51,8,18,"0,4,2,34"
2855311969,51,8,18,"0,4,2,3"
2856147890,51,8,18,"0,4,2,3"
2856148870,51,8,18,"2,4,3,0"
2855315763,51,8,18,"0,2,8,11"
2855316799,51,8,18,"0,4,8,2"
2855318131,51,8,18,"2,4,0,3"
2856153414,51,8,18,"2,4,0,3"
2855320563,51,8,18,"4,2,0,3"
2856155582,51,8,18,"2,4,3,0"
2855322307,51,8,18,"4,2,0,34"
2856157402,51,8,18,"0,2,26,4"
2855324241,51,8,18,"4,2,34,3"
3373037732,51,2,18,"0,4,2,8"
3373044726,51,2,18,"4,0,2,3"
3373051086,51,2,18,"0,4,2,8"
3372242801,51,2,18,"4,0,2,26"
3372250685,51,2,18,"4,0,2,3"
3372257329,51,2,18,"4,0,2,3"
3372264779,51,2,18,"0,4,8,2"
3373090718,51,2,18,"4,2,0,3"
3372279417,51,2,18,"0,4,2,8"
3372285721,51,2,18,"0,4,8,2"
3372292069,51,2,18,"0,4,8,2"
3372298025,51,2,18,"0,4,2,8"
3373123384,51,2,18,"0,4,2,8"
3373129306,51,2,18,"0,4,8,2"
3373135872,51,2,18,"0,4,2,3"
3372324205,51,2,18,"4,0,2,3"
3372329373,51,2,18,"0,8,4,2"
3372334185,51,2,18,"0,8,4,1"
3373158808,51,2,18,"0,4,8,2"
3373165430,51,2,18,"0,4,2,3"
3372352539,51,2,18,"0,4,8,2"
3373175956,51,2,18,"0,8,4,2"
3373182596,51,2,18,"0,8,4,2"
3373188092,51,2,18,"0,8,2,4"
3373193554,51,2,18,"0,2,4,8"
3373199132,51,2,18,"0,4,2,8"
3373204738,51,2,18,"0,2,4,8"
3554343884,51,4,18,"2,0,4,3"
3553544261,51,4,18,"2,3,4,0"
3554358660,51,4,18,"2,3,4,0"
3553558409,51,4,18,"2,3,4,0"
3554684129,51,4,18,"0,8,4,2"
3555497186,51,4,18,"0,4,2,8"
3554693207,51,4,18,"0,4,2,8"
3554697161,51,4,18,"4,2,0,3"
3554701197,51,4,18,"4,2,0,3"
3555513784,51,4,18,"4,2,0,3"
3554710187,51,4,18,"2,4,0,3"
3555524482,51,4,18,"2,4,3,0"
3554719069,51,4,18,"4,2,0,3"
3554723073,51,4,18,"4,2,3,0"
3554728109,51,4,18,"4,0,2,3"
3555544502,51,4,18,"0,4,2,3"
3555549006,51,4,18,"2,4,0,3"
3555553762,51,4,18,"2,4,0,3"
3554748669,51,4,18,"2,4,3,0"
3554753643,51,4,18,"4,2,3,0"
3554756087,51,4,18,"0,2,8,1"
3555571674,51,4,18,"2,3,0,4"
3555574968,51,4,18,"3,2,0,4"
3555580396,51,4,18,"4,2,3,0"
3555584360,51,4,18,"4,2,3,0"
3554779405,51,4,18,"2,3,0,4"
3554783079,51,4,18,"0,2,4,6"
3554786511,51,4,18,"2,0,4,3"
3555600796,51,4,18,"4,3,2,0"
3554795121,51,4,18,"2,3,4,0"
3555610718,51,4,18,"2,4,3,0"
3554804983,51,4,18,"2,3,4,0"
3555620188,51,4,18,"2,4,3,0"
3555624782,51,4,18,"2,3,4,0"
3555629446,51,4,18,"2,4,3,0"
3555633568,51,4,18,"2,4,3,0"
3554827259,51,4,18,"4,2,3,0"
3555641088,51,4,18,"2,4,3,0"
3554836513,51,4,18,"2,4,0,3"
3554840527,51,4,18,"2,3,4,0"
3554844351,51,4,18,"2,3,4,5"
3555658040,51,4,18,"2,4,0,3"
3555661646,51,4,18,"2,4,3,0"
3555426791,51,4,18,"0,2,4,3"
3555432265,51,4,18,"2,0,4,3"
3555436901,51,4,18,"0,4,2,3"
3556525534,51,4,18,"4,0,2,3"
3556532150,51,4,18,"4,2,0,3"
3555729687,51,4,18,"0,4,8,2"
3555738137,51,4,18,"4,0,3,2"
3555750971,51,4,18,"0,4,2,3"
3555760083,51,4,18,"0,4,2,3"
3555766459,51,4,18,"3,4,2,0"
3556584320,51,4,18,"4,2,3,0"
3558616424,51,4,18,"2,0,4,3"
3558620334,51,4,18,"0,4,8,2"
3557811509,51,4,18,"4,3,2,0"
3557816403,51,4,18,"4,0,2,3"
3558635624,51,4,18,"4,2,3,0"
3558642258,51,4,18,"2,4,0,3"
3557835973,51,4,18,"2,0,4,3"
3558652632,51,4,18,"4,0,2,3"
3558656946,51,4,18,"4,2,0,3"
3557850875,51,4,18,"2,3,4,0"
3558667994,51,4,18,"2,4,0,34"
3558672468,51,4,18,"0,2,4,8"
3558677418,51,4,18,"0,2,4,3"
3557871137,51,4,18,"4,2,0,3"
3558688358,51,4,18,"4,2,0,3"
3558693014,51,4,18,"4,0,2,3"
3557885619,51,4,18,"4,0,2,3"
3558701472,51,4,18,"2,4,0,3"
3558705596,51,4,18,"4,2,0,3"
4336347384,51,1,8,"2,0,3,4"
4335603669,51,1,8,"2,0,3,4"
4336351306,51,1,8,"0,2,4,3"
4336352888,51,1,8,"2,0,4,48"
4336354612,51,1,8,"0,2,3,4"
4336356428,51,1,8,"0,2,3,4"
4336357942,51,1,8,"2,0,3,4"
4336359218,51,1,8,"2,0,3,4"
4336360530,51,1,8,"2,3,5,0"
4335616691,51,1,8,"2,3,0,4"
4335618715,51,1,8,"2,3,4,0"
4336365874,51,1,8,"0,2,3,5"
4336367268,51,1,8,"3,2,0,4"
4336368508,51,1,8,"2,0,3,4"
4335623893,51,1,8,"2,3,4,0"
4335625303,51,1,8,"2,0,3,4"
4335626603,51,1,8,"2,3,0,4"
4335627851,51,1,8,"2,3,0,4"
4336374700,51,1,8,"2,3,0,4"
4336375878,51,1,8,"2,0,3,5"
4336377174,51,1,8,"2,3,0,4"
4336378768,51,1,8,"2,0,3,4"
4336380046,51,1,8,"2,3,0,4"
4336381506,51,1,8,"2,3,0,4"
4335637593,51,1,8,"2,3,0,4"
4336384742,51,1,8,"2,3,0,4"
4334451691,51,1,8,"0,2,4,8"
4335195018,51,1,8,"2,0,4,3"
4334454563,51,1,8,"2,0,26,4"
4334455931,51,1,8,"2,0,4,24"
4335198838,51,1,8,"2,0,4,8"
4334458665,51,1,8,"4,2,0,3"
4335201354,51,1,8,"2,0,4,3"
4334460939,51,1,8,"2,0,4,3"
4335204118,51,1,8,"0,2,4,8"
4335205662,51,1,8,"2,0,15,8"
4334614692,51,1,8,"2,0,4,3"
4336404500,51,1,8,"2,0,3,4"
4335660931,51,1,8,"2,3,0,4"
4336412772,51,1,8,"2,0,4,3"
4336414758,51,1,8,"2,0,4,6"
4335670927,51,1,8,"2,4,0,3"
4335207268,51,1,8,"2,3,4,0"
4334467475,51,1,8,"2,0,4,3"
4335210980,51,1,8,"2,0,15,14"
4335212276,51,1,8,"2,4,0,3"
4334471787,51,1,8,"2,12,15,0"
4334473639,51,1,8,"2,4,40,0"
4334475121,51,1,8,"2,4,40,0"
4334476931,51,1,8,"2,4,0,3"
4334479523,51,1,8,"2,0,4,3"
4334481767,51,1,8,"2,15,0,4"
4335700121,51,1,8,"0,2,4,3"
4335701055,51,1,8,"0,4,2,3"
4336447268,51,1,8,"0,4,2,8"
4336448020,51,1,8,"0,2,4,8"
4336448556,51,1,8,"4,0,2,3"
4336449128,51,1,8,"4,0,2,3"
4336449916,51,1,8,"2,14,15,12"
4335705763,51,1,8,"2,0,14,15"
4335707249,51,1,8,"2,0,4,3"
4335708447,51,1,8,"2,0,4,3"
4336455294,51,1,8,"2,4,3,0"
4335710631,51,1,8,"4,2,3,0"
4336457150,51,1,8,"4,2,0,3"
4335712817,51,1,8,"2,4,3,0"
4334391913,51,1,8,"2,0,4,3"
4334393229,51,1,8,"4,2,0,3"
4335136632,51,1,8,"4,2,3,0"
4335137906,51,1,8,"2,4,3,0"
4334397837,51,1,8,"2,4,0,3"
4334399205,51,1,8,"2,0,4,3"
4335142116,51,1,8,"2,0,4,3"
4335143266,51,1,8,"2,0,4,3"
4335144306,51,1,8,"4,2,3,0"
4335145356,51,1,8,"2,0,4,3"
4335146588,51,1,8,"2,0,4,3"
4334406109,51,1,8,"2,0,4,3"
4334407481,51,1,8,"4,2,0,3"
4335150220,51,1,8,"4,2,3,0"
4335151362,51,1,8,"4,2,0,3"
4334411325,51,1,8,"2,0,4,3"
4335153964,51,1,8,"2,4,0,3"
4334414171,51,1,8,"2,0,4,3"
4334415605,51,1,8,"4,2,0,3"
4334417067,51,1,8,"2,4,0,3"
4335159808,51,1,8,"0,4,2,3"
4335161484,51,1,8,"0,4,2,3"
4334421565,51,1,8,"2,4,0,3"
4335164268,51,1,8,"4,2,0,3"
4334370971,51,1,8,"2,4,3,0"
4334372523,51,1,8,"2,4,3,0"
4334373585,51,1,8,"2,4,3,0"
4334374767,51,1,8,"2,3,4,0"
4334375841,51,1,8,"2,4,3,0"
4335118744,51,1,8,"2,3,4,0"
4334378251,51,1,8,"4,2,3,0"
4335121078,51,1,8,"2,4,3,0"
4335122450,51,1,8,"4,2,3,0"
4511382454,51,3,1,"2,0,4,3"
4511384866,51,3,1,"0,2,4,8"
4511387262,51,3,1,"0,2,4,6"
4511389460,51,3,1,"0,2,4,8"
4510752255,51,3,1,"2,0,4,6"
4511394396,51,3,1,"0,8,2,1"
4510756871,51,3,1,"0,2,8,1"
4510758835,51,3,1,"0,2,6,4"
4510760581,51,3,1,"2,0,3,4"
4510762897,51,3,1,"2,0,4,41"
4510764895,51,3,1,"0,2,4,6"
4510769143,51,3,1,"2,3,0,4"
4511411654,51,3,1,"2,0,4,3"
4511413556,51,3,1,"0,2,4,39"
4510776187,51,3,1,"0,2,4,3"
4511417926,51,3,1,"0,2,4,3"
4510781391,51,3,1,"2,0,4,3"
4511422332,51,3,1,"2,0,39,34"
4510785783,51,3,1,"2,4,0,3"
4511426954,51,3,1,"2,0,4,3"
4510790019,51,3,1,"2,0,4,3"
4511431396,51,3,1,"2,0,4,39"
4511433644,51,3,1,"0,2,4,6"
4510796759,51,3,1,"2,0,4,8"
4510798747,51,3,1,"2,0,3,6"
4511440042,51,3,1,"2,0,6,8"
4511442062,51,3,1,"2,0,6,4"
4510806791,51,3,1,"0,2,4,3"
4511448196,51,3,1,"0,2,4,6"
4511450304,51,3,1,"0,8,1,2"
4510813277,51,3,1,"0,2,8,1"
4511453962,51,3,1,"0,2,6,8"
4511455930,51,3,1,"0,2,4,6"
4511457006,51,3,1,"2,0,4,3"
4510819367,51,3,1,"0,2,4,3"
4510820527,51,3,1,"0,2,4,8"
4511461832,51,3,1,"2,0,3,4"
4511464166,51,3,1,"2,0,4,3"
4511466510,51,3,1,"2,0,3,4"
4510829529,51,3,1,"2,3,4,0"
4510832223,51,3,1,"0,2,19,4"
4511473482,51,3,1,"0,2,4,19"
4510836843,51,3,1,"0,2,4,8"
4511477516,51,3,1,"0,19,20,8"
4510840995,51,3,1,"0,19,8,20"
5022189903,51,8,2,"2,4,3,0"
5022190779,51,8,2,"4,0,2,3"
5022801174,51,8,2,"4,3,2,0"
5022802114,51,8,2,"4,0,2,3"
5022193085,51,8,2,"2,4,34,26"
5022193889,51,8,2,"4,0,2,3"
5022194801,51,8,2,"0,2,4,3"
5022195817,51,8,2,"4,0,2,3"
5022806444,51,8,2,"2,3,0,4"
5022807354,51,8,2,"2,4,0,3"
5022198603,51,8,2,"2,0,4,3"
5022199349,51,8,2,"3,2,0,4"
5024319443,51,8,2,"2,0,4,3"
5024932380,51,8,2,"4,0,2,3"
5024933774,51,8,2,"4,0,2,3"
5024323375,51,8,2,"0,4,2,8"
5024324789,51,8,2,"4,0,2,3"
5019963479,51,8,2,"0,2,4,34"
5024937816,51,8,2,"0,4,2,34"
5024327357,51,8,2,"4,0,2,3"
5024328543,51,8,2,"4,2,0,3"
5024329991,51,8,2,"4,0,8,2"
5024331799,51,8,2,"2,4,0,8"
5024334257,51,8,2,"2,4,3,0"
5024947842,51,8,2,"2,4,3,0"
5024949502,51,8,2,"4,2,26,34"
5024951172,51,8,2,"2,3,0,4"
5024340699,51,8,2,"2,3,4,0"
5024342409,51,8,2,"4,0,2,3"
5024955698,51,8,2,"2,4,3,0"
5024345053,51,8,2,"2,4,3,0"
5024346331,51,8,2,"0,2,4,8"
5024348133,51,8,2,"2,4,3,0"
5024961762,51,8,2,"0,8,1,7"
5024963400,51,8,2,"2,4,3,0"
5024964770,51,8,2,"4,0,3,2"
5024354315,51,8,2,"4,0,3,2"
5024967806,51,8,2,"0,2,4,3"
5024969624,51,8,2,"2,4,3,0"
5024971262,51,8,2,"4,0,8,2"
5024972930,51,8,2,"2,4,3,0"
5024362631,51,8,2,"4,3,2,0"
5024975992,51,8,2,"2,4,3,0"
5024365429,51,8,2,"4,2,0,3"
5024368041,51,8,2,"0,4,8,2"
5024982006,51,8,2,"4,0,2,34"
5024983478,51,8,2,"4,3,2,0"
5024985000,51,8,2,"4,3,2,0"
5024375235,51,8,2,"4,34,0,26"
5059698677,51,9,7,"2,3,4,0"
5059699849,51,9,7,"3,4,2,0"
5060314860,51,9,7,"3,4,2,0"
5063085934,51,9,7,"2,3,4,0"
5062476951,51,9,7,"2,4,3,0"
5062478395,51,9,7,"2,4,3,5"
5064734109,51,9,4,"2,0,3,5"
5064736257,51,9,4,"2,3,0,4"
5064737245,51,9,4,"0,4,2,3"
5065350856,51,9,4,"2,0,3,4"
5065352296,51,9,4,"2,0,3,5"
5065353632,51,9,4,"2,3,4,0"
5064748423,51,9,4,"0,1,2,8"
5065409180,51,9,4,"2,0,4,3"
5064799281,51,9,4,"0,4,3,2"
5065413006,51,9,4,"4,2,0,3"
5064802457,51,9,4,"2,0,3,4"
5064804017,51,9,4,"2,4,3,0"
5064632890,51,9,4,"0,4,2,3"
5064805529,51,9,4,"4,2,24,3"
5064706386,51,9,4,"2,4,0,3"
5064807015,51,9,4,"0,8,1,26"
5065421000,51,9,4,"2,4,3,0"
5065422502,51,9,4,"0,4,2,8"
5065423172,51,9,4,"2,0,4,8"
5065453746,51,9,4,"2,4,3,0"
5068525796,51,9,4,"0,2,3,4"
5067920499,51,9,4,"2,0,3,5"
5067280596,51,9,4,"0,2,4,26"
5067923831,51,9,4,"8,0,1,24"
5068593808,51,9,4,"0,1,8,34"
5067986757,51,9,4,"0,4,2,3"
4973485600,53,8,10,"3,2,0,4"
4973507198,53,8,10,"3,2,4,0"
4973527384,53,8,10,"3,2,4,0"
4973545760,53,8,10,"5,3,2,0"
4973560826,53,8,10,"3,2,5,0"
4973571724,53,8,10,"3,5,2,0"
4972976485,53,8,10,"3,2,4,0"
4973610756,53,8,10,"5,3,2,0"
4973007803,53,8,10,"3,2,5,4"
4973642464,53,8,10,"3,5,0,2"
4973659218,53,8,10,"3,5,2,4"
4973057431,53,8,10,"3,5,0,2"
4973079113,53,8,10,"2,3,5,4"
4973716532,53,8,10,"3,2,0,5"
4973117433,53,8,10,"3,2,4,5"
4973752362,53,8,10,"3,2,5,4"
4973151907,53,8,10,"2,3,4,5"
4973166249,53,8,10,"3,2,0,4"
4973792984,53,8,10,"3,2,0,5"
4973808238,53,8,10,"2,3,5,0"
4973820284,53,8,10,"2,3,5,0"
4973828970,53,8,10,"3,2,5,0"
4973837474,53,8,10,"3,2,0,4"
4973234187,53,8,10,"3,2,0,41"
4973248975,53,8,10,"3,5,2,0"
4973253865,53,8,10,"3,2,4,0"
4973880464,53,8,10,"3,2,0,4"
4973889078,53,8,10,"3,2,0,4"
4973905296,53,8,10,"3,2,0,4"
4973921100,53,8,10,"3,2,5,0"
6287707049,53,9,0,"0,2,3,19"
6157875691,55,8,11,"2,4,3,0"
6196395569,55,8,10,"2,3,4,0"
6196913916,55,8,10,"3,2,4,0"
6196391751,55,8,10,"3,2,0,4"
6196910636,55,8,10,"3,2,0,4"
6196915186,55,8,8,"0,2,3,4"
6196905756,55,8,10,"3,2,4,0"
6196904948,55,8,10,"3,2,4,39"
6196912980,55,8,10,"2,3,4,0"
6196390937,55,8,10,"2,3,0,4"
6196896194,55,8,10,"3,2,0,4"
6196380471,55,8,8,"3,2,4,0"
6196900154,55,8,10,"3,2,4,0"
4073907941,56,10,7,"2,3,4,0"
5141957945,56,10,0,"0,2,3,4"
5142586932,56,10,0,"3,0,2,4"
5142675280,56,10,0,"2,3,0,5"
5142219021,56,10,0,"0,4,2,3"
5222928713,56,11,10,"0,4,2,3"
5604741973,56,3,8,"3,2,4,0"
5605466638,56,3,10,"2,3,0,4"
5767298547,56,4,16,"0,2,4,3"
7109163899,56,3,5,"0,2,4,3"
7344492562,56,5,10,"0,2,1,8"
7344511928,56,5,10,"2,3,0,4"
7961161918,56,8,9,"2,3,0,5"
8115446662,56,9,6,"2,3,0,4"
8118866891,56,9,10,"3,2,4,0"
8226941126,56,10,4,"2,0,4,3"
2613919071,57,5,12,"0,1,8,6"
4179271560,57,11,6,"8,1,0,6"
4180013039,57,11,6,"8,1,0,6"
4631758623,57,4,7,"8,0,1,9"
4631792659,57,4,3,"8,0,1,9"
4722117629,57,5,7,"0,1,8,9"
8371053013,59,5,5,"0,8,1,2"
8372123916,59,5,5,"2,0,3,4"
8371053195,59,6,7,"0,2,1,8"
8372124174,59,6,10,"0,2,6,4"
8372124194,59,6,2,"0,2,8,4"
8371053463,59,6,1,"0,8,6,1"
8371054019,59,7,5,"0,2,1,8"
8372125454,59,7,8,"2,0,1,4"
8372126806,59,8,7,"2,0,3,1"
8371055841,59,8,15,"2,3,0,12"
8371055881,59,8,15,"2,0,15,12"
8371055907,59,8,15,"2,12,15,31"
8372126888,59,8,15,"2,0,3,42"
8372130176,59,10,0,"3,2,4,5"
8371059109,59,10,0,"2,0,3,4"
8371059171,59,10,5,"2,3,5,4"
8436670899,59,1,9,"2,1,5,3"
8436718547,59,1,9,"0,2,1,25"
8437296315,59,1,9,"2,3,0,4"
8438395520,59,1,9,"0,2,4,3"
8441581842,59,1,9,"2,0,3,4"
8277863744,61,11,7,"2,3,4,0"
9045080658,61,5,11,"2,3,4,0"
9419947767,64,0,15,"2,4,0,3"
9366861179,64,0,7,"0,1,8,9"
9369634178,64,0,8,"2,0,3,4"
11476617425,64,10,6,"0,2,7,3"
10960202885,64,10,6,"0,2,3,20"
11170645303,64,10,3,"2,4,0,3"
12078439553,64,11,6,"0,2,7,3"
