8636126004,0,3,0,"0,2,4,1"
8635021631,0,3,1,"2,0,32,1"
6338782949,2,9,10,"6,5,2,33"
6339536304,2,9,5,"2,6,5,4"
6339536516,2,9,5,"2,6,4,5"
6339537048,2,9,5,"2,6,5,7"
5389825796,3,11,10,"5,6,2,33"
5389221469,3,11,10,"17,5,6,16"
5389221499,3,11,10,"5,6,17,16"
5389825900,3,11,10,"17,2,6,5"
5389221567,3,11,10,"2,17,5,0"
5389221609,3,11,10,"5,17,6,16"
5389221643,3,11,10,"17,5,6,7"
5389221693,3,11,10,"6,5,2,7"
5389826088,3,11,10,"0,2,32,15"
5391757989,3,11,5,"2,5,6,7"
5392358294,3,11,5,"5,2,6,17"
5391758121,3,11,5,"2,5,6,7"
5391758151,3,11,5,"2,5,6,7"
5391758173,3,11,5,"2,5,6,4"
5391758199,3,11,5,"2,0,6,1"
5392358440,3,11,5,"2,0,6,4"
5392358484,3,11,5,"2,0,1,5"
5391758297,3,11,5,"2,6,5,7"
5760941831,4,2,3,"17,5,6,2"
5761488200,4,2,3,"2,0,6,1"
5761489648,4,2,3,"2,5,6,7"
5761497454,4,2,3,"2,6,5,20"
5761499014,4,2,7,"2,6,5,8"
5760955597,4,2,7,"2,5,6,10"
5761503704,4,2,2,"5,6,2,7"
5760960145,4,2,2,"5,6,16,17"
5761506490,4,2,2,"5,6,17,16"
5761507974,4,2,2,"2,6,5,4"
5760964593,4,2,2,"0,2,3,1"
3279655790,6,9,3,"2,5,6,17"
3279634770,6,9,3,"2,0,1,4"
3278840357,6,9,2,"5,2,6,4"
3279649052,6,9,2,"6,2,5,33"
3279632448,6,9,2,"5,6,33,7"
327682858,7,8,5,"2,6,5,4"
327683278,7,8,5,"6,5,2,17"
327683722,7,8,5,"2,5,6,7"
327684194,7,8,5,"2,5,6,7"
327694223,7,8,11,"16,8,0,13"
327694594,7,8,9,"5,6,2,26"
7171038427,8,1,2,"0,2,6,14"
7171052159,8,1,7,"0,1,27,3"
12604657264,9,1,3,"0,2,1,3"
12604667914,9,1,3,"2,5,6,7"
12604354693,9,1,2,"6,5,2,7"
12604272775,9,1,2,"2,5,6,4"
12604280005,9,1,2,"2,5,6,4"
12604724504,9,1,2,"2,5,6,7"
12604290785,9,1,2,"2,0,6,5"
12604718394,9,1,2,"5,2,6,7"
3028694441,11,10,5,"5,6,2,9"
3029533132,11,10,13,"0,2,1,17"
2157430441,13,11,9,"5,2,6,26"
2659616523,13,6,0,"6,5,2,7"
2663690454,13,6,1,"2,0,1,15"
3718188270,13,6,1,"2,0,6,32"
2661309464,13,6,1,"2,4,0,6"
2663690468,13,6,1,"2,6,5,4"
2663690498,13,6,0,"2,5,6,7"
2663690492,13,6,1,"2,0,1,15"
8414817267,13,0,2,"0,2,13,5"
8414842617,13,0,2,"5,6,33,2"
9072653232,13,0,2,"5,6,2,4"
9079422859,13,0,2,"5,2,6,4"
8426221724,13,0,2,"6,33,5,2"
9069909363,13,0,2,"2,0,1,3"
9069755627,13,0,3,"2,0,1,3"
6226184636,15,9,3,"2,0,6,4"
6225665417,15,9,3,"5,6,17,7"
6225665887,15,9,3,"2,0,1,32"
6226186298,15,9,3,"2,6,5,7"
6226186604,15,9,3,"5,6,17,16"
6226190712,15,9,13,"5,2,6,17"
6226191072,15,9,13,"17,5,6,16"
3350423827,16,10,9,"5,17,6,16"
3350235631,16,10,5,"2,5,6,10"
3350422771,16,10,9,"13,8,16,5"
3351242760,16,10,2,"2,5,6,0"
3351250372,16,10,9,"2,6,5,28"
3351062486,16,10,5,"5,2,6,7"
3350234301,16,10,5,"5,2,6,10"
8444960395,21,10,2,"2,6,5,21"
8444960677,21,10,2,"2,5,6,4"
8444960977,21,10,2,"2,5,6,4"
8444961261,21,10,2,"2,5,6,4"
8446051152,21,10,2,"2,5,6,7"
8446051448,21,10,2,"2,5,6,4"
8444962193,21,10,2,"2,5,6,7"
8444962579,21,10,2,"2,5,6,4"
8444962901,21,10,2,"2,5,6,4"
8446052882,21,10,2,"2,5,6,4"
8444963575,21,10,2,"2,6,5,0"
8444964003,21,10,2,"2,5,6,4"
8446053982,21,10,2,"2,6,5,7"
8444964609,21,10,2,"2,6,5,9"
8444965027,21,10,2,"0,2,1,3"
8444965511,21,10,2,"2,6,5,0"
8446055504,21,10,2,"2,5,6,7"
8444966195,21,10,2,"2,1,0,4"
8446056178,21,10,2,"2,0,1,3"
8446056564,21,10,2,"2,6,5,0"
8446056914,21,10,2,"2,5,6,7"
8444967825,21,10,2,"2,5,6,4"
8444968123,21,10,2,"0,1,2,36"
8446060670,21,10,7,"2,0,3,5"
8446061260,21,10,7,"0,2,1,27"
8444971989,21,10,7,"2,5,6,26"
8444972449,21,10,7,"0,2,1,3"
8444973067,21,10,7,"2,0,6,5"
8446063422,21,10,7,"0,2,3,1"
8444974027,21,10,7,"0,1,2,3"
8444974779,21,10,7,"2,0,1,3"
8446065136,21,10,7,"0,2,1,3"
8444975817,21,10,7,"0,1,2,3"
8446066074,21,10,7,"2,0,6,27"
8446066484,21,10,7,"0,2,1,3"
8444977197,21,10,7,"2,6,0,5"
8444977501,21,10,7,"2,6,0,5"
8446067900,21,10,7,"2,0,6,5"
8446068254,21,10,7,"2,6,5,7"
8444978811,21,10,7,"2,0,1,3"
8446069032,21,10,7,"0,1,3,14"
8444980597,21,10,7,"2,0,5,6"
8446070836,21,10,7,"0,2,1,3"
8446100864,21,10,3,"2,5,17,6"
8446101242,21,10,3,"2,6,0,17"
8446101656,21,10,3,"17,5,6,2"
8446101992,21,10,3,"2,5,6,0"
8445012537,21,10,3,"0,1,2,3"
8446102990,21,10,3,"5,17,6,2"
8446103432,21,10,3,"2,5,6,7"
8446104276,21,10,3,"6,5,2,17"
8446104778,21,10,3,"2,0,1,21"
8445015093,21,10,3,"2,0,1,3"
8445015469,21,10,3,"2,0,1,6"
8446105862,21,10,3,"0,2,6,9"
8445016255,21,10,3,"5,2,6,17"
8445016653,21,10,3,"5,17,2,6"
8445017079,21,10,3,"2,5,6,4"
8446107654,21,10,3,"5,6,2,7"
8446108272,21,10,3,"17,5,6,16"
8445018895,21,10,3,"2,0,1,6"
8445019393,21,10,3,"2,0,1,4"
8446109818,21,10,3,"2,0,1,4"
8445029245,21,10,3,"2,0,6,32"
8446119732,21,10,3,"2,0,1,6"
8446120196,21,10,3,"5,6,2,17"
8446120648,21,10,3,"5,2,6,7"
8445031443,21,10,3,"2,5,6,10"
8445031907,21,10,3,"2,5,6,7"
8445032323,21,10,3,"2,5,6,7"
8445032603,21,10,3,"2,5,6,17"
8445032895,21,10,3,"2,5,6,7"
8445036621,21,10,3,"2,0,1,9"
8446126690,21,10,3,"2,0,1,4"
8445037293,21,10,3,"1,0,2,3"
8446127386,21,10,3,"2,0,6,32"
8446127680,21,10,3,"2,0,1,9"
8445038283,21,10,3,"2,0,1,3"
8446128690,21,10,3,"0,1,2,3"
8446129252,21,10,3,"2,0,1,3"
8445039753,21,10,3,"0,1,2,3"
8446129912,21,10,3,"6,5,2,17"
8446130150,21,10,3,"6,5,2,17"
8445040627,21,10,3,"6,5,2,7"
8445040939,21,10,3,"0,2,24,15"
8445041337,21,10,3,"1,2,0,3"
8445041707,21,10,3,"2,0,1,4"
8446131890,21,10,3,"2,0,1,3"
8445042243,21,10,3,"2,0,1,4"
8445042855,21,10,3,"5,2,6,7"
8445043389,21,10,3,"0,2,1,3"
8445043941,21,10,3,"8,16,13,5"
8446137046,21,10,2,"2,5,6,7"
8446137910,21,10,2,"2,0,5,1"
8445048503,21,10,2,"2,5,6,33"
8446138450,21,10,2,"2,6,5,10"
8445049365,21,10,2,"2,5,6,7"
8445049631,21,10,2,"5,2,6,7"
8446139430,21,10,2,"2,5,6,7"
8445050337,21,10,2,"5,2,6,7"
8446140220,21,10,2,"5,2,6,33"
8445051015,21,10,2,"5,6,2,7"
8445051441,21,10,2,"2,5,6,33"
8445051889,21,10,2,"6,5,2,7"
8445052225,21,10,2,"6,5,33,34"
8446142054,21,10,2,"2,6,5,0"
8446142356,21,10,2,"5,6,33,7"
8445053323,21,10,2,"6,5,33,29"
8445053769,21,10,2,"8,16,6,0"
8445054011,21,10,2,"1,0,9,3"
8446143850,21,10,2,"5,33,6,2"
8446144062,21,10,2,"5,33,6,12"
8445054907,21,10,2,"2,0,6,5"
8446144794,21,10,2,"2,5,6,33"
8446145060,21,10,2,"5,6,2,33"
8445055855,21,10,2,"5,6,2,33"
8445056179,21,10,2,"5,2,6,33"
8445056491,21,10,2,"2,5,6,9"
8446146352,21,10,2,"5,2,6,7"
9605901743,22,7,5,"2,5,6,7"
9597779105,22,7,9,"5,6,2,26"
9600572298,22,7,9,"6,5,2,16"
9600567726,22,7,9,"5,6,2,33"
9597479505,22,7,9,"2,1,0,3"
9597473467,22,7,9,"6,2,5,7"
7553324976,25,5,5,"2,5,6,7"
7553327904,25,5,5,"5,6,13,7"
7553320812,25,5,5,"0,2,1,3"
7559438454,25,5,2,"0,1,2,3"
7559435172,25,5,2,"2,6,5,4"
7565306828,25,5,2,"2,0,1,6"
7565311070,25,5,2,"2,0,1,30"
7565313928,25,5,2,"2,0,1,4"
7565316268,25,5,2,"2,6,5,7"
7537359934,25,5,3,"0,2,1,3"
7587134534,25,5,3,"5,17,6,2"
3570513016,29,4,15,"2,0,4,6"
3569711265,29,4,15,"2,0,13,8"
3569715553,29,4,15,"2,5,6,21"
3570556340,29,4,15,"2,6,5,0"
3569739099,29,4,15,"2,1,0,3"
3570609912,29,4,6,"2,0,1,5"
3570545308,29,4,6,"0,1,2,3"
3570541490,29,4,6,"1,3,0,2"
3569781389,29,4,6,"1,3,0,2"
3569768887,29,4,6,"0,2,1,9"
409851063,31,2,16,"2,5,6,7"
3789356576,31,7,2,"2,5,6,21"
3793743963,31,7,2,"5,2,6,26"
3794920039,31,7,2,"5,2,6,7"
3788874627,31,7,2,"5,2,6,26"
3797569610,31,7,2,"5,2,6,7"
3800674665,31,7,2,"2,5,6,12"
3800654235,31,7,2,"2,5,6,4"
5604836834,32,3,8,"2,0,6,13"
5604254387,32,3,8,"0,2,1,4"
5604840410,32,3,8,"0,2,1,3"
5604841990,32,3,8,"2,0,1,3"
5604843294,32,3,8,"2,0,6,32"
5604260445,32,3,8,"5,6,2,7"
5604270973,32,3,8,"2,0,6,5"
5604857366,32,3,8,"2,5,6,7"
5604846954,32,3,8,"2,5,6,7"
5604848670,32,3,8,"5,6,0,2"
5604850476,32,3,8,"2,16,0,17"
5604267415,32,3,8,"6,5,2,7"
5604269161,32,3,8,"2,5,6,7"
6815866163,32,10,0,"2,3,4,0"
6815866715,32,10,0,"2,3,0,1"
6815891065,32,10,0,"2,3,0,4"
6815866373,32,10,0,"2,3,0,5"
6815865831,32,10,0,"0,1,3,2"
6815867139,32,10,0,"2,0,5,17"
7844967192,36,5,3,"2,0,1,15"
7844967722,36,5,0,"6,5,9,7"
7844968260,36,5,1,"6,5,2,7"
7844968768,36,5,1,"5,6,2,7"
7844969324,36,5,1,"2,6,5,7"
7844969844,36,5,1,"5,6,2,4"
7453410244,37,10,3,"5,2,6,7"
7453410612,37,10,3,"2,0,1,6"
7453410784,37,10,2,"2,5,6,4"
7453410730,37,10,2,"2,5,4,6"
7453411458,37,10,2,"2,6,4,5"
7453412172,37,10,2,"0,1,2,3"
7453413434,37,10,2,"2,0,4,10"
7453414140,37,10,2,"2,5,6,4"
7453416168,37,10,10,"5,2,6,17"
1357450936,38,8,8,"13,8,16,0"
1356560581,38,8,8,"5,6,2,17"
1356561169,38,8,8,"5,6,2,7"
1357452632,38,8,8,"0,13,8,2"
1357453004,38,8,8,"0,2,4,13"
1357453422,38,8,8,"0,2,51,6"
1356563043,38,8,8,"5,6,2,10"
1356563689,38,8,8,"5,6,2,7"
1357455118,38,8,8,"13,8,5,17"
1357455692,38,8,8,"6,5,2,7"
1356565315,38,8,8,"6,5,2,7"
1357456774,38,8,8,"0,2,1,14"
1357457350,38,8,8,"5,6,2,17"
1357457928,38,8,8,"2,6,5,7"
1356567829,38,8,8,"2,6,5,0"
1357459218,38,8,8,"0,2,1,3"
1357459880,38,8,8,"6,5,2,13"
1357460536,38,8,8,"2,0,6,5"
1356570457,38,8,8,"2,5,6,7"
1357461730,38,8,8,"0,2,1,3"
1356571677,38,8,8,"5,6,2,7"
1356572197,38,8,8,"2,6,5,0"
1356572749,38,8,8,"2,0,1,3"
1357464090,38,8,8,"2,1,0,3"
1357464654,38,8,8,"2,5,6,4"
1356574501,38,8,8,"5,17,6,2"
1357466044,38,8,8,"5,6,17,2"
1356575623,38,8,5,"5,6,17,2"
1357467166,38,8,5,"5,6,2,17"
1356576665,38,8,5,"17,5,6,2"
1356577257,38,8,5,"6,2,5,7"
1357468802,38,8,5,"2,5,6,7"
1357469550,38,8,5,"5,6,13,8"
1357470040,38,8,5,"2,6,4,5"
1356579645,38,8,5,"2,0,4,1"
1357471220,38,8,5,"5,6,33,2"
1356870935,38,8,3,"2,0,1,3"
1356871695,38,8,3,"2,5,6,17"
1357761584,38,8,3,"2,6,5,32"
1356872939,38,8,3,"17,5,2,6"
1356873703,38,8,3,"2,5,6,17"
1357763848,38,8,3,"2,0,1,30"
1356875311,38,8,3,"2,0,1,21"
1357765432,38,8,3,"5,6,17,2"
1357766140,38,8,3,"5,6,2,17"
1356880581,38,8,3,"2,0,1,3"
1356881271,38,8,3,"2,0,14,18"
1357771268,38,8,3,"2,6,5,0"
1357771956,38,8,3,"17,5,6,2"
1356883227,38,8,3,"2,6,0,5"
1357773616,38,8,3,"5,6,2,17"
1357774278,38,8,3,"2,5,6,17"
1357775294,38,8,3,"2,17,5,6"
1357776340,38,8,3,"2,6,5,32"
2862460797,40,4,8,"2,0,1,6"
2906477521,40,7,11,"0,2,13,3"
3407666357,40,1,13,"2,5,4,6"
3354045408,40,2,14,"0,1,2,3"
3457508677,40,3,0,"2,4,6,5"
4578410771,44,2,3,"0,2,1,3"
4584202857,44,2,8,"5,6,2,7"
4584917996,44,2,8,"6,5,2,26"
4461786976,44,2,8,"5,6,2,17"
4461786982,44,2,8,"6,5,2,26"
4753368483,44,5,0,"6,2,5,4"
4753368485,44,5,0,"5,6,2,8"
4754093202,44,5,0,"2,6,5,4"
4754093214,44,5,0,"0,1,2,4"
4754093244,44,5,1,"2,6,5,4"
4754093248,44,5,1,"0,9,1,2"
4754093250,44,5,1,"0,2,1,4"
4753368437,44,5,0,"2,5,6,4"
4753368467,44,5,1,"2,0,6,5"
7402017936,46,8,3,"2,6,5,32"
7402017362,46,8,3,"2,0,1,3"
7402016616,46,8,3,"2,0,1,3"
7402015656,46,8,3,"2,6,5,7"
7402014844,46,8,3,"5,6,17,16"
7402013728,46,8,2,"2,5,6,4"
7402012400,46,8,5,"2,6,5,4"
7745046380,46,8,10,"6,5,2,33"
6831114872,47,1,2,"2,6,5,12"
6977242477,47,1,2,"2,5,6,4"
6978557925,47,1,17,"5,2,6,7"
6941847396,51,2,5,"2,5,6,7"
7087920169,51,2,5,"2,6,5,7"
7087920353,51,2,5,"2,6,5,7"
7087920585,51,2,5,"2,6,5,10"
7087920841,51,2,5,"5,2,6,7"
6941848544,51,2,5,"5,6,12,13"
6941848778,51,2,5,"5,2,6,7"
7087924969,51,2,18,"5,6,2,7"
7087925215,51,2,18,"2,5,6,3"
7091334205,51,2,9,"5,17,6,16"
7091333497,51,2,9,"6,5,2,17"
7091332355,51,2,9,"6,2,5,28"
6945264168,51,2,9,"2,1,0,6"
6945264594,51,2,9,"2,0,6,1"
6945263788,51,2,9,"2,5,6,1"
6945264810,51,2,9,"6,5,2,12"
7091333937,51,2,9,"5,6,2,17"
7091334551,51,2,9,"5,6,17,16"
6945266510,51,2,9,"5,6,33,7"
7099534523,51,2,2,"2,6,5,4"
7099534621,51,2,2,"2,6,5,7"
7099534759,51,2,2,"5,2,6,4"
6953464926,51,2,2,"2,5,6,7"
6953465260,51,2,10,"5,6,2,7"
7099535535,51,2,10,"2,6,5,10"
6953465676,51,2,10,"5,6,17,2"
6953465778,51,2,10,"17,5,6,2"
7099535955,51,2,10,"1,0,2,62"
7099536147,51,2,10,"6,5,2,7"
7099539521,51,2,3,"5,2,6,33"
7099539599,51,2,3,"2,3,0,5"
6953469804,51,2,3,"2,0,1,30"
6953470076,51,2,7,"0,2,3,5"
7098387601,51,2,1,"1,2,0,35"
7098387737,51,2,1,"2,6,5,7"
6952316286,51,2,0,"2,6,5,7"
6952316178,51,2,0,"2,5,6,21"
7098388043,51,2,0,"0,2,1,3"
7098388139,51,2,0,"5,17,6,16"
7098388237,51,2,0,"5,17,6,2"
7098388671,51,2,0,"2,5,6,4"
7098388367,51,2,1,"6,5,13,8"
6952317146,51,2,1,"5,2,6,7"
7098388829,51,2,1,"5,2,6,4"
6952317352,51,2,1,"2,6,5,7"
6952317462,51,2,1,"2,5,6,9"
7098389107,51,2,1,"2,5,6,7"
6952316996,51,2,0,"2,6,5,7"
7098388495,51,2,0,"6,5,17,2"
7098389217,51,2,1,"2,6,5,7"
6952317760,51,2,1,"2,6,5,7"
6952317922,51,2,0,"6,5,17,16"
12807102504,52,1,2,"2,0,6,1"
12809241514,52,1,2,"2,5,6,33"
12809360345,52,1,2,"2,6,21,5"
12810536674,52,1,7,"1,0,3,2"
5202529547,57,3,5,"5,6,7,9"
4556989299,57,3,0,"6,2,0,17"
4557620804,57,3,0,"5,6,17,2"
4556991331,57,3,1,"2,6,5,9"
4557622744,57,3,1,"2,0,1,4"
4557623580,57,3,1,"2,0,1,21"
4556993423,57,3,1,"2,0,1,4"
4556994183,57,3,1,"2,6,0,32"
4557625358,57,3,1,"2,5,6,4"
4557626044,57,3,1,"2,0,6,4"
4556996075,57,3,1,"0,2,1,3"
4556996913,57,3,1,"0,2,4,1"
4556997893,57,3,1,"6,5,2,7"
3345748474,58,1,1,"2,0,1,6"
3344913749,58,1,1,"0,2,6,5"
3345749992,58,1,0,"0,2,1,3"
3083636184,61,9,7,"0,2,3,1"
3083639108,61,9,7,"0,2,13,8"
3083629352,61,9,7,"2,3,0,18"
3083642904,61,9,7,"0,1,2,46"
3083647372,61,9,7,"0,2,1,3"
3083659580,61,9,7,"0,3,18,1"
3082827101,61,9,7,"0,2,3,1"
3083669980,61,9,7,"0,2,1,3"
3083654094,61,9,7,"2,5,0,3"
3272463763,61,11,9,"5,6,2,7"
3272465279,61,11,9,"0,2,1,3"
13088710105,65,2,6,"2,5,6,13"
13088763715,65,2,5,"2,5,6,7"
13088968863,65,2,5,"2,6,5,7"
13088890315,65,2,5,"5,2,6,7"
8410894872,67,11,7,"2,6,5,11"
8409793607,67,11,7,"2,5,6,4"
8409786597,67,11,7,"2,5,6,21"
8410498741,67,11,2,"2,5,6,43"
8411565688,67,11,2,"2,5,6,4"
8410461839,67,11,2,"2,5,4,6"
8411546858,67,11,2,"2,5,4,6"
8411575832,67,11,2,"2,5,6,7"
8410359223,67,11,2,"0,1,2,3"
8411538036,67,11,2,"5,2,6,4"
8410434343,67,11,2,"2,5,6,4"
8410412195,67,11,2,"2,0,4,6"
8411492228,67,11,2,"2,6,4,5"
8410302771,67,11,2,"5,6,2,7"
8411388014,67,11,2,"5,6,2,13"
8411463088,67,11,2,"2,5,6,4"
8410320775,67,11,2,"2,5,21,6"
8411438702,67,11,2,"5,2,6,4"
8410349953,67,11,2,"0,1,9,49"
8410327983,67,11,2,"2,5,6,4"
8410334007,67,11,2,"2,5,6,4"
8410227023,67,11,2,"2,5,6,4"
8410266893,67,11,2,"0,2,1,3"
8410251089,67,11,2,"2,0,1,3"
8410241921,67,11,2,"2,5,6,7"
8410234041,67,11,2,"2,5,6,7"
8410220125,67,11,2,"6,5,2,4"
8411307942,67,11,2,"2,6,0,52"
8410187667,67,11,2,"2,5,6,4"
8411290638,67,11,2,"2,5,6,7"
8411274926,67,11,2,"2,5,6,0"
8410172213,67,11,2,"2,0,1,3"
8411249732,67,11,2,"0,2,1,3"
8409389133,67,11,3,"2,5,6,7"
8410446886,67,11,3,"5,6,2,17"
8410477766,67,11,3,"2,4,0,6"
8410467114,67,11,3,"2,6,5,9"
8409360049,67,11,3,"2,0,4,21"
8409341521,67,11,3,"2,5,6,17"
8410429628,67,11,3,"5,2,6,17"
8409397781,67,11,3,"2,5,6,17"
8410419608,67,11,3,"2,0,1,21"
8410407890,67,11,3,"2,0,1,3"
8409299343,67,11,3,"2,0,6,21"
8410378314,67,11,3,"0,2,1,32"
8409274743,67,11,3,"2,0,1,4"
8409262263,67,11,3,"2,0,1,4"
8410350338,67,11,3,"0,2,1,3"
8409241659,67,11,3,"0,2,1,15"
8410330676,67,11,3,"2,0,6,1"
8409223189,67,11,3,"0,2,1,3"
8410278716,67,11,3,"5,6,2,17"
8410304946,67,11,3,"0,2,1,3"
8409172423,67,11,3,"17,5,6,2"
8409162205,67,11,3,"17,5,6,16"
8409150691,67,11,3,"2,5,6,4"
8410237106,67,11,3,"17,5,6,2"
8409130089,67,11,3,"0,8,16,22"
8410214910,67,11,3,"5,17,0,29"
8408994523,67,11,3,"5,6,2,7"
8408986039,67,11,3,"5,2,6,17"
8410072878,67,11,3,"2,0,1,30"
8410064086,67,11,3,"2,0,1,32"
8410053316,67,11,3,"0,2,1,15"
8408948589,67,11,3,"0,2,32,1"
8410008012,67,11,3,"2,0,1,6"
8410027632,67,11,3,"2,0,1,4"
8410017726,67,11,3,"2,0,1,4"
8410002616,67,11,3,"5,2,6,7"
8408898617,67,11,3,"6,2,5,7"
8409907310,67,11,3,"0,1,2,36"
8409867310,67,11,3,"1,0,2,36"
8409959932,67,11,3,"2,0,1,3"
8409952830,67,11,3,"2,0,1,4"
8409918258,67,11,3,"0,2,1,4"
8409896948,67,11,3,"0,1,2,57"
8413218288,67,11,5,"2,5,6,7"
8413212948,67,11,5,"2,6,5,4"
8413203534,67,11,5,"2,5,6,9"
8412099061,67,11,5,"2,5,6,4"
8412108415,67,11,5,"2,6,5,7"
8412089783,67,11,5,"2,0,1,5"
8412086355,67,11,5,"2,1,5,6"
8412050861,67,11,5,"2,6,5,7"
8413183204,67,11,5,"2,0,4,1"
8413111196,67,11,5,"5,6,16,8"
8413102476,67,11,5,"5,6,16,8"
8413159850,67,11,5,"2,5,6,7"
8413138580,67,11,5,"5,6,2,7"
8413129472,67,11,5,"2,6,5,7"
8412020733,67,11,5,"2,6,5,7"
8410130471,67,11,9,"5,6,29,17"
8411217580,67,11,9,"5,6,16,17"
8411208180,67,11,9,"5,6,17,16"
8410033159,67,11,9,"5,6,16,8"
8411118274,67,11,9,"16,5,8,6"
8410005813,67,11,9,"5,6,17,33"
8411094388,67,11,9,"5,6,17,33"
8411088118,67,11,9,"5,6,17,29"
8409984915,67,11,9,"5,6,29,33"
8411074882,67,11,9,"5,6,33,17"
8409973209,67,11,9,"5,6,17,29"
8411062372,67,11,9,"5,6,17,29"
2927178665,71,8,3,"2,0,1,6"
2927181929,71,8,3,"0,29,5,34"
2928040658,71,8,3,"0,1,2,3"
2927186195,71,8,3,"2,5,6,17"
2932665608,71,8,7,"0,2,1,27"
2932666820,71,8,7,"2,0,11,10"
2932663286,71,8,7,"0,1,2,14"
2932661070,71,8,7,"3,0,1,2"
379444839,72,7,2,"2,6,5,4"
379446778,72,7,2,"2,5,4,6"
379448490,72,7,2,"0,2,1,3"
379450111,72,7,2,"0,1,2,3"
379458653,72,7,3,"2,6,17,5"
379460535,72,7,3,"2,6,0,5"
379462175,72,7,3,"2,6,17,5"
379463629,72,7,3,"2,5,6,7"
379464515,72,7,3,"2,0,1,4"
379466247,72,7,3,"0,2,1,3"
379468199,72,7,3,"0,2,1,9"
379468999,72,7,3,"2,0,4,6"
2719925319,72,5,5,"5,6,2,7"
2720751382,72,5,9,"5,6,16,2"
5676646979,73,3,1,"2,5,6,7"
5590979409,73,3,12,"2,5,6,7"
6254346545,75,10,5,"0,14,2,1"
6255043174,75,10,5,"2,5,4,6"
6258220875,75,10,3,"5,2,6,7"
6258244963,75,10,0,"5,6,2,7"
9713630068,75,11,5,"2,5,6,4"
9713619848,75,11,2,"5,2,6,4"
9713607938,75,11,9,"2,5,6,26"
13650515155,76,9,13,"5,6,2,17"
13650528843,76,9,13,"5,2,0,6"
13650859014,76,9,13,"5,6,17,7"
13651066745,76,9,5,"0,2,6,8"
13651418944,76,9,5,"5,6,2,17"
13651063925,76,9,5,"2,5,6,14"
13651063255,76,9,5,"2,5,6,7"
13652863414,76,9,4,"0,1,2,45"
13652517315,76,9,4,"2,0,1,44"
13652861554,76,9,4,"0,1,2,3"
13652514785,76,9,4,"0,2,1,14"
13653630155,76,9,4,"2,5,6,21"
13652858934,76,9,4,"2,6,5,21"
13652269474,76,9,9,"5,6,17,16"
13651940123,76,9,9,"6,2,5,28"
13654244144,76,9,9,"17,5,6,16"
13647587923,76,9,0,"5,6,2,13"
13647914244,76,9,0,"2,6,5,0"
13647891904,76,9,0,"2,6,5,0"
13653883713,76,9,0,"0,1,2,3"
13647561415,76,9,1,"2,6,5,4"
13647578443,76,9,1,"6,2,5,7"
13647903944,76,9,1,"0,2,1,15"
13647575463,76,9,1,"6,5,2,7"
13647567893,76,9,0,"2,5,6,7"
13647549235,76,9,0,"5,6,2,7"
8615637079,77,3,5,"2,5,4,6"
8618978056,77,3,9,"5,6,2,26"
8611204949,79,2,2,"5,2,6,7"
8612314028,79,2,10,"5,6,7,17"
8612317142,79,2,6,"1,0,3,2"
7060141803,82,2,10,"2,6,5,0"
6914057894,82,2,10,"2,5,6,7"
7060142837,82,2,10,"0,2,1,10"
7060143519,82,2,10,"2,5,6,4"
7060143931,82,2,10,"2,6,5,11"
7060144379,82,2,10,"2,6,0,21"
6914060438,82,2,10,"2,5,6,17"
7060145265,82,2,10,"2,5,6,7"
6914061344,82,2,10,"2,0,1,3"
7060146397,82,2,10,"2,17,6,5"
6914062396,82,2,10,"6,2,5,16"
7060147201,82,2,10,"2,5,6,7"
7060147681,82,2,10,"2,0,5,6"
6914065412,82,2,4,"0,5,2,6"
6914066286,82,2,4,"2,5,6,33"
7060151293,82,2,4,"2,5,6,7"
6914068200,82,2,0,"5,6,17,2"
7060152855,82,2,0,"5,6,2,7"
7060153381,82,2,0,"2,0,15,32"
6914069472,82,2,1,"0,1,2,15"
6914069812,82,2,1,"2,5,6,4"
7060154463,82,2,1,"2,0,1,4"
6914070560,82,2,1,"0,2,1,15"
6914071356,82,2,1,"2,4,15,32"
6914071750,82,2,1,"6,5,2,7"
7060156491,82,2,1,"0,2,6,9"
6914072512,82,2,1,"2,6,4,5"
7060163601,82,2,5,"5,2,6,4"
7060163965,82,2,5,"2,5,6,4"
6914079990,82,2,5,"2,3,0,1"
8287955101,82,2,4,"0,2,1,3"
8289014408,82,2,4,"2,5,6,21"
8287955121,82,2,0,"0,2,1,3"
8289014598,82,2,0,"6,5,2,21"
8287955139,82,2,5,"2,5,6,4"
8289014660,82,2,0,"2,5,6,4"
8287955469,82,2,1,"17,5,2,6"
8287955481,82,2,0,"2,0,1,3"
3545098959,83,2,16,"0,2,1,3"
3545908676,83,2,16,"2,1,0,3"
3545910708,83,2,16,"1,0,2,3"
3545912846,83,2,16,"2,0,1,3"
3545914768,83,2,16,"5,2,6,7"
3545916820,83,2,16,"2,6,5,7"
3545918902,83,2,16,"2,6,5,7"
3545920704,83,2,16,"2,0,1,6"
3545114909,83,2,16,"5,6,2,7"
3545925036,83,2,16,"2,5,6,7"
3545119145,83,2,16,"2,5,6,7"
3545929180,83,2,16,"0,1,2,46"
3545123209,83,2,16,"2,0,1,4"
3545933398,83,2,16,"2,6,5,7"
3545127529,83,2,16,"6,5,2,17"
3545938336,83,2,16,"2,6,0,21"
3545133049,83,2,16,"2,0,1,21"
3545943874,83,2,16,"0,1,3,2"
3545946180,83,2,16,"2,0,3,1"
3545139289,83,2,16,"0,1,9,34"
3545777940,83,2,16,"2,6,5,21"
3544973187,83,2,16,"2,6,5,7"
3544974863,83,2,16,"2,6,5,7"
3545783078,83,2,16,"2,0,6,5"
3544978315,83,2,16,"2,0,6,15"
3544980113,83,2,16,"2,6,5,7"
3544981917,83,2,16,"2,6,5,7"
3545789748,83,2,16,"2,6,5,7"
3545791586,83,2,16,"2,6,0,5"
3545793178,83,2,16,"0,1,3,2"
3545795010,83,2,16,"0,2,1,3"
3545796810,83,2,16,"0,2,1,3"
3544992335,83,2,16,"5,2,6,7"
3545800340,83,2,16,"5,6,2,7"
3544995591,83,2,16,"0,3,1,2"
3545803532,83,2,16,"2,0,3,1"
3545805324,83,2,16,"0,2,1,3"
3545806912,83,2,16,"0,3,1,2"
3545002067,83,2,16,"6,2,5,7"
3545003735,83,2,16,"2,0,5,3"
3545005499,83,2,16,"2,0,1,3"
3545009743,83,2,16,"2,0,1,3"
3545011631,83,2,16,"2,0,1,3"
3545013403,83,2,16,"2,0,1,48"
3545015079,83,2,16,"0,2,1,3"
3545823568,83,2,16,"2,0,1,3"
3545018983,83,2,16,"0,1,2,3"
3545020991,83,2,16,"2,5,6,0"
3545829290,83,2,16,"0,1,2,3"
3545949204,83,2,16,"2,6,5,21"
3545951298,83,2,16,"2,6,5,4"
3545953350,83,2,16,"2,5,6,7"
3545955394,83,2,16,"2,6,5,7"
3545831286,83,2,16,"5,6,2,7"
3545833320,83,2,16,"5,6,2,7"
3545957486,83,2,16,"2,0,6,5"
3545959660,83,2,16,"2,0,1,15"
3545034439,83,2,16,"0,2,1,3"
3545036057,83,2,16,"0,2,1,3"
3545038071,83,2,16,"0,1,2,3"
3545846920,83,2,16,"0,1,2,3"
3545041947,83,2,16,"0,2,1,3"
3545043805,83,2,16,"2,0,6,1"
3545063101,83,2,16,"2,6,0,5"
3545835086,83,2,16,"5,2,6,7"
7987006549,83,8,12,"2,6,5,7"
7987018226,83,8,12,"2,0,1,3"
7987007429,83,8,12,"2,6,5,0"
7987008161,83,8,12,"2,0,6,1"
7987019062,83,8,12,"2,0,1,3"
7987008931,83,8,12,"2,6,5,0"
7987019798,83,8,12,"0,1,2,3"
7987014346,83,8,12,"2,0,6,1"
7987004929,83,8,12,"2,0,1,3"
5640053276,84,7,3,"2,0,3,1"
5816113216,84,7,5,"2,5,6,17"
5614214432,84,7,5,"2,6,0,10"
4166097247,85,11,2,"2,5,6,7"
4166859814,85,11,2,"2,0,1,3"
4166102053,85,11,2,"0,2,1,3"
4166104667,85,11,2,"0,2,1,3"
4166107197,85,11,2,"0,2,1,3"
4166111939,85,11,2,"2,6,5,0"
4166874166,85,11,2,"0,2,1,3"
4166120419,85,11,2,"2,0,1,6"
4166881212,85,11,2,"2,6,5,0"
4166125865,85,11,2,"5,2,6,7"
4166887236,85,11,2,"5,6,2,33"
4166889152,85,11,2,"5,6,2,33"
4166132105,85,11,2,"2,0,1,6"
4166134631,85,11,2,"2,0,6,5"
4166896278,85,11,2,"5,6,2,7"
4173300595,85,11,12,"5,6,2,7"
57947809,86,9,19,"1,0,2,3"
57947836,86,9,3,"2,5,6,17"
8479458343,87,0,2,"2,5,6,7"
8480550008,87,0,2,"5,2,6,4"
8479458101,87,0,2,"5,2,6,4"
8479458743,87,0,2,"2,5,6,4"
8479444591,87,0,2,"0,2,3,5"
8480546682,87,0,10,"0,1,2,9"
8480539780,87,0,10,"2,0,17,1"
8480539344,87,0,6,"2,5,6,7"
8480559012,87,0,0,"2,6,0,5"
8482544696,87,0,0,"6,5,13,8"
8479467715,87,0,1,"2,0,1,6"
8480552186,87,0,1,"2,6,5,7"
8480553088,87,0,1,"6,5,2,4"
8480557880,87,0,1,"0,2,1,3"
8480561598,87,0,1,"0,2,1,4"
8479468643,87,0,1,"2,0,4,1"
8479461561,87,0,1,"6,5,2,7"
8479471267,87,0,0,"0,2,1,3"
8480558180,87,0,0,"0,2,1,3"
11620489615,92,7,3,"2,0,6,4"
11620492675,92,7,2,"2,5,6,4"
6044423668,95,6,9,"5,6,16,17"
6047949478,95,6,0,"2,6,5,0"
6047399393,95,6,0,"2,6,5,0"
6047401795,95,6,0,"13,8,0,2"
6047403453,95,6,0,"6,5,2,4"
6047404953,95,6,0,"6,5,2,4"
6047959256,95,6,0,"6,2,5,13"
6047408533,95,6,0,"2,6,5,10"
6047962934,95,6,0,"0,2,6,5"
6047412781,95,6,0,"0,2,1,3"
6047966894,95,6,0,"0,2,1,14"
6047416247,95,6,0,"0,1,2,3"
6047419267,95,6,0,"0,2,24,15"
6047974138,95,6,0,"0,1,2,3"
6047423435,95,6,0,"2,0,1,32"
6047978306,95,6,0,"2,0,1,3"
6047428257,95,6,0,"2,0,1,15"
6047430315,95,6,0,"0,2,3,1"
6047431985,95,6,0,"2,6,5,4"
6047986358,95,6,0,"2,6,5,15"
6047438383,95,6,0,"2,6,5,7"
6047993950,95,6,0,"0,2,1,3"
6047443777,95,6,0,"0,2,1,3"
6047446091,95,6,0,"6,5,9,7"
6047449447,95,6,0,"6,5,25,31"
6047453191,95,6,0,"6,5,25,24"
6048009072,95,6,0,"2,0,4,1"
6048013250,95,6,0,"2,0,6,15"
6047464421,95,6,0,"0,2,1,3"
6048019518,95,6,0,"2,6,17,5"
6047469023,95,6,0,"2,6,4,5"
6048025222,95,6,0,"0,2,1,32"
6048028830,95,6,0,"0,1,2,3"
6047478549,95,6,0,"1,0,3,2"
6048035184,95,6,0,"0,1,2,3"
6048038380,95,6,0,"0,2,1,14"
6048042564,95,6,0,"0,2,14,1"
6047492709,95,6,0,"17,0,19,20"
6048048772,95,6,0,"17,0,20,56"
6048052238,95,6,0,"17,0,20,5"
6047502219,95,6,0,"17,0,19,20"
6047505655,95,6,0,"0,1,2,3"
6048060804,95,6,0,"2,6,5,4"
6048063494,95,6,0,"0,6,24,25"
6048066126,95,6,0,"2,6,5,4"
6048069220,95,6,0,"6,5,2,8"
6048072076,95,6,0,"2,6,4,5"
6048077426,95,6,0,"0,16,8,22"
6047527831,95,6,0,"0,16,8,22"
6048083158,95,6,0,"0,2,14,1"
6048086118,95,6,0,"2,0,4,1"
6048091214,95,6,0,"6,2,5,7"
6048095918,95,6,0,"0,1,2,4"
6048099300,95,6,0,"5,2,6,4"
6047550045,95,6,0,"2,0,1,15"
6048106468,95,6,0,"0,2,1,15"
7666049102,96,8,15,"5,2,6,13"
7666050314,96,8,15,"2,5,6,4"
7666051950,96,8,15,"2,0,6,1"
7666053734,96,8,15,"0,9,2,34"
7666055602,96,8,15,"0,6,24,25"
7666057338,96,8,15,"2,5,6,4"
7666060504,96,8,13,"0,2,4,1"
7666062628,96,8,13,"0,29,1,3"
7666065478,96,8,13,"0,1,2,15"
7666067342,96,8,13,"2,5,6,21"
7666101934,96,8,5,"2,5,6,4"
6186422906,96,8,7,"6,2,5,0"
7666082496,96,8,7,"0,2,1,3"
7666083698,96,8,7,"0,1,3,2"
7666085988,96,8,7,"0,1,3,2"
7666087672,96,8,7,"0,1,2,3"
7666089662,96,8,7,"0,2,14,3"
7666097270,96,8,2,"2,5,4,6"
6186434542,96,8,2,"6,5,2,33"
7666092384,96,8,2,"2,4,6,5"
7666099922,96,8,2,"2,5,6,26"
7666093384,96,8,2,"6,5,16,8"
6185919423,96,8,2,"0,2,14,1"
7666094372,96,8,2,"5,6,2,7"
7666096124,96,8,2,"2,5,4,6"
6133216113,96,8,9,"5,6,2,26"
6215092624,96,8,0,"2,6,5,13"
6215098222,96,8,0,"5,6,2,4"
6214588663,96,8,0,"6,5,2,26"
6214595533,96,8,0,"0,1,9,24"
6214600645,96,8,0,"0,1,2,4"
6214606905,96,8,0,"2,0,6,41"
6214612899,96,8,0,"6,2,5,7"
6214617941,96,8,1,"6,5,2,7"
6214625073,96,8,0,"6,5,2,7"
6214632205,96,8,0,"6,5,2,7"
6215156658,96,8,0,"0,2,1,32"
6214535821,96,8,0,"2,0,6,5"
6214646739,96,8,1,"5,6,4,2"
6215196254,96,8,1,"2,0,4,6"
6215168624,96,8,0,"0,2,15,6"
8566194412,97,1,4,"2,0,12,1"
8565102507,97,1,4,"0,2,1,14"
8566200384,97,1,4,"2,0,1,44"
8565105993,97,1,4,"0,2,1,4"
8565107963,97,1,4,"0,1,2,3"
8566205856,97,1,4,"0,1,14,2"
8566209588,97,1,4,"0,2,1,3"
8565116709,97,1,4,"2,0,6,5"
8565119885,97,1,4,"0,14,1,3"
8566221574,97,1,4,"0,2,14,1"
8566225714,97,1,16,"0,1,14,2"
8565132793,97,1,16,"0,1,2,3"
8565137987,97,1,16,"0,1,3,2"
8565143251,97,1,16,"0,1,2,3"
8566242756,97,1,16,"0,2,1,3"
8566256670,97,1,16,"0,1,14,3"
8565163117,97,1,16,"0,1,2,3"
8566262990,97,1,16,"0,2,1,14"
8566267858,97,1,16,"0,1,2,3"
8565174195,97,1,16,"0,2,3,1"
8565179671,97,1,16,"0,1,3,14"
8566279476,97,1,16,"0,1,3,2"
8566283432,97,1,16,"0,1,3,2"
8566286058,97,1,16,"0,2,1,3"
8565193313,97,1,16,"0,2,1,3"
8565221013,97,1,2,"2,0,1,3"
11767472273,97,1,2,"2,0,4,5"
2240343346,101,10,3,"2,0,1,4"
2240338012,101,10,3,"2,0,6,4"
2239541691,101,10,3,"2,6,0,52"
2239567027,101,10,3,"0,6,17,5"
2239724569,101,10,3,"2,6,5,17"
2239727085,101,10,3,"2,0,1,14"
2240522532,101,10,3,"0,2,4,1"
2239735613,101,10,3,"0,14,1,3"
2181445042,101,10,3,"2,0,14,1"
2092446962,101,10,7,"0,1,2,45"
9757492195,103,11,16,"2,0,6,5"
9757261181,103,11,16,"2,6,5,7"
9757515714,103,11,16,"2,0,6,1"
9771341376,103,11,0,"2,6,5,7"
8484058690,104,11,3,"2,0,6,32"
8482973541,104,11,3,"17,5,6,2"
8484072968,104,0,0,"2,5,6,4"
8482982957,104,0,0,"0,1,2,3"
8484077790,104,0,0,"0,2,3,1"
8482987617,104,0,1,"0,2,1,3"
8482989813,104,0,1,"0,2,1,3"
8482991599,104,0,0,"2,0,6,5"
2797065788,106,7,1,"2,0,6,1"
2796325987,106,7,1,"0,2,4,1"
2796380937,106,7,1,"0,1,2,14"
2798801367,106,7,1,"2,5,6,4"
2799707048,106,7,1,"6,5,2,7"
2798920763,106,7,0,"5,2,6,12"
3573184191,107,3,0,"5,2,6,7"
3573991094,107,3,4,"2,0,6,12"
5722403122,110,3,12,"2,5,6,11"
5722408726,110,3,8,"5,6,2,7"
5721875151,110,3,2,"0,1,2,3"
5722447654,110,3,12,"1,0,2,3"
5722451708,110,3,14,"2,0,6,4"
5721898487,110,3,12,"0,2,14,6"
5722608626,110,4,0,"6,5,2,21"
5722055713,110,4,0,"2,6,5,4"
5722614618,110,4,10,"1,0,2,3"
9217853292,114,6,13,"5,6,2,17"
9217871136,114,6,13,"13,8,16,22"
9231251364,114,6,3,"0,1,2,3"
9228520461,114,6,3,"2,0,1,4"
9231839408,114,6,13,"6,17,5,16"
9229196109,114,6,15,"5,2,6,17"
9229214767,114,6,15,"5,2,6,7"
9232014286,114,6,15,"2,0,1,3"
9232095040,114,6,15,"5,6,2,13"
9279064748,114,6,1,"2,6,4,0"
755975542,115,4,2,"5,6,2,4"
196946495,115,4,3,"0,2,1,6"
196947500,115,4,3,"2,0,1,3"
196948494,115,4,3,"2,0,6,1"
755981464,115,4,8,"2,6,5,7"
198767023,115,4,8,"2,6,0,17"
755127745,115,4,8,"2,6,17,0"
755128639,115,4,8,"2,0,1,36"
198768034,115,4,8,"2,0,1,36"
755129609,115,4,8,"2,0,1,3"
198769035,115,4,8,"0,2,1,3"
755985730,115,4,8,"2,5,6,7"
755986608,115,4,8,"6,5,2,17"
198769935,115,4,5,"2,6,4,5"
2602294846,117,7,7,"2,5,6,4"
2114603546,117,0,0,"2,0,1,15"
2113827265,117,0,0,"5,6,2,7"
2113827589,117,0,0,"2,0,1,32"
2113827911,117,0,0,"6,5,24,7"
2114678234,117,4,16,"0,2,6,41"
2479938961,117,10,2,"0,2,1,3"
2479939429,117,10,2,"0,2,1,3"
2480752154,117,0,2,"0,1,2,3"
2636453778,117,4,2,"0,2,1,3"
2636454110,117,4,2,"0,2,46,10"
3021859002,117,8,14,"5,6,17,2"
3034701042,117,10,2,"0,2,1,3"
3033863885,117,10,2,"0,1,2,3"
3034702836,117,10,2,"0,2,1,3"
3033866553,117,10,2,"0,2,1,3"
3033867533,117,10,7,"0,2,1,3"
3034706872,117,10,7,"2,0,6,4"
3034707474,117,10,7,"0,1,2,44"
3033872115,117,10,7,"0,2,1,3"
3034714494,117,10,7,"0,2,1,41"
6633393777,117,0,2,"0,1,2,3"
7920718308,117,7,2,"0,2,1,3"
7920669034,117,7,22,"0,2,6,13"
7920666318,117,7,22,"0,2,6,32"
7920665246,117,7,22,"0,2,1,3"
7920662642,117,7,22,"0,2,6,45"
10645071094,117,10,16,"0,1,2,3"
3226869571,118,0,3,"17,5,6,2"
3226870857,118,0,3,"0,2,9,24"
3227726126,118,0,3,"2,0,6,1"
3227727672,118,0,3,"0,1,2,14"
3226877083,118,0,3,"2,0,1,6"
3227944076,118,0,3,"5,2,6,17"
3227944990,118,0,3,"2,0,1,10"
3227099013,118,0,3,"5,6,17,2"
3227953826,118,0,3,"17,6,2,5"
3230734604,118,0,3,"0,2,1,3"
3243385126,118,0,5,"2,5,6,4"
3242553497,118,0,5,"2,6,5,4"
3243388654,118,0,15,"2,0,1,6"
3243389216,118,0,15,"2,0,1,4"
3242648915,118,0,15,"2,5,6,7"
3242649823,118,0,15,"0,2,1,15"
3242650591,118,0,15,"6,2,5,12"
3242651251,118,0,15,"2,6,5,9"
3242652153,118,0,15,"2,5,6,21"
3242653959,118,0,15,"2,0,1,6"
3249906928,118,0,2,"2,5,6,9"
3249081631,118,0,2,"2,5,6,4"
3249910844,118,0,2,"0,1,2,44"
3249084377,118,0,2,"2,0,6,5"
3252689512,118,0,10,"17,5,6,2"
3252693014,118,0,10,"2,0,5,6"
3257638174,118,0,0,"2,5,6,4"
3256809451,118,0,0,"6,5,2,8"
3256810545,118,0,1,"0,2,1,4"
3256810879,118,0,1,"0,2,1,9"
3256811203,118,0,1,"5,2,6,4"
3257640920,118,0,1,"2,6,5,9"
3256812015,118,0,1,"2,6,5,4"
3257641998,118,0,1,"6,5,2,4"
3256813361,118,0,1,"0,2,4,32"
3256814017,118,0,1,"0,1,2,32"
3257643928,118,0,1,"0,2,1,3"
3256815097,118,0,0,"0,17,2,16"
3257681978,118,0,6,"2,5,6,11"
