7357471068,1,5,2,"5,8,1,0"
7172111979,1,5,7,"8,1,5,18"
7357471836,1,5,2,"0,1,2,3"
8646428666,4,3,2,"0,30,31,33"
8645333195,4,3,9,"1,5,8,9"
8646436088,4,3,9,"1,8,5,13"
8645344121,4,3,9,"0,1,3,2"
8645347247,4,3,9,"1,5,8,0"
8646462062,4,3,9,"1,0,2,3"
5845445471,5,5,10,"2,0,1,3"
5845452249,5,5,10,"1,0,5,8"
5846010060,5,5,10,"1,18,0,2"
5845461079,5,5,10,"1,0,2,3"
5846059372,5,5,10,"8,5,1,30"
5846126082,5,5,1,"0,2,1,37"
5845580235,5,5,1,"0,1,2,5"
5860689971,5,5,1,"8,5,1,28"
5861280664,5,5,1,"1,5,8,16"
5861249392,5,5,3,"1,0,18,5"
5861254720,5,5,2,"0,1,2,3"
6136529216,5,8,3,"0,1,2,3"
6136533674,5,8,3,"1,5,8,28"
7280661876,5,4,3,"8,1,5,18"
7180861283,5,5,9,"1,5,0,8"
7180851985,5,5,9,"1,0,5,2"
7180854207,5,5,9,"1,0,8,5"
8277391593,5,11,3,"1,5,8,16"
8278451576,5,11,3,"1,5,8,28"
8278453712,5,11,1,"1,8,5,18"
8277398187,5,11,1,"1,8,5,18"
8277400279,5,11,1,"1,0,3,2"
8278462426,5,11,1,"8,1,5,16"
9057961715,5,5,9,"1,5,8,16"
9060193938,5,5,9,"1,5,0,8"
4044336184,6,9,11,"8,1,5,10"
4044336630,6,9,11,"8,5,1,10"
4044337296,6,9,11,"1,3,0,8"
4043592463,6,9,11,"1,8,5,10"
4043593459,6,9,11,"8,1,5,10"
4044339978,6,9,11,"1,3,0,2"
4044340504,6,9,11,"1,8,5,3"
4043595351,6,9,11,"8,1,5,18"
4043596633,6,9,11,"1,0,3,8"
4043597339,6,9,11,"8,1,5,18"
4043601233,6,9,11,"1,8,3,0"
4043603045,6,9,11,"1,8,0,3"
9790595353,6,8,12,"8,5,1,4"
9790541164,6,8,12,"1,8,5,28"
9790631663,6,8,12,"0,1,2,3"
12107989923,7,0,6,"2,0,3,1"
12108083564,7,0,6,"2,0,3,1"
12130197305,7,0,1,"8,5,1,16"
12130863566,7,0,6,"2,1,0,3"
12130478053,7,0,6,"2,0,3,1"
12130202625,7,0,6,"2,0,1,3"
12130612084,7,0,6,"2,0,1,3"
12130205165,7,0,6,"2,0,1,3"
12130615774,7,0,6,"2,0,3,1"
12130616994,7,0,6,"2,0,3,1"
12130206325,7,0,6,"2,0,1,3"
12130210015,7,0,6,"2,0,3,1"
12130875156,7,0,6,"2,0,1,3"
12130876186,7,0,6,"2,0,1,40"
12114590706,7,0,3,"0,1,3,2"
12113936705,7,0,3,"0,1,3,2"
12114592626,7,0,6,"4,1,8,5"
12114337504,7,0,6,"0,1,30,2"
12113938725,7,0,6,"0,1,30,2"
12113941115,7,0,6,"0,1,30,4"
12114597366,7,0,6,"0,1,30,4"
12113943135,7,0,6,"4,5,8,1"
12130213305,7,0,6,"4,8,5,1"
12130622844,7,0,6,"0,1,4,30"
12130879296,7,0,6,"1,0,2,18"
12130216255,7,0,6,"1,0,2,18"
12130218885,7,0,6,"1,0,2,18"
12130494453,7,0,6,"1,0,2,18"
12130501083,7,0,12,"1,0,3,2"
12130634634,7,0,12,"2,0,3,1"
12130890506,7,0,12,"0,2,3,1"
12130891646,7,0,12,"0,2,1,3"
12130893006,7,0,12,"0,2,1,3"
12130894296,7,0,12,"0,2,1,3"
12130895536,7,0,12,"0,2,1,3"
12130510253,7,0,12,"0,2,1,3"
12130511683,7,0,12,"0,2,3,1"
12130513043,7,0,12,"0,1,3,2"
12130514003,7,0,12,"0,2,1,3"
12130647264,7,0,12,"0,2,3,1"
12120123214,7,0,12,"0,2,3,1"
12119727815,7,0,12,"3,0,1,2"
12119729665,7,0,12,"0,2,3,1"
12130649474,7,0,12,"2,0,3,1"
12130239135,7,0,12,"2,0,1,3"
12130518463,7,0,12,"0,1,3,2"
12130242745,7,0,12,"0,1,3,2"
12130520773,7,0,12,"0,3,2,1"
12130654274,7,0,12,"0,3,2,1"
12130655754,7,0,12,"0,2,1,3"
12130911136,7,0,12,"0,2,3,1"
12130248795,7,0,12,"0,2,3,1"
12130250135,7,0,12,"0,2,3,1"
12130660254,7,0,12,"0,1,3,2"
12130252415,7,0,12,"0,1,2,3"
12130662554,7,0,12,"1,0,3,2"
12130918756,7,0,12,"1,0,3,2"
12130533553,7,0,12,"1,3,0,2"
12130921316,7,0,12,"0,2,1,3"
12130258655,7,0,12,"0,1,3,2"
12130259805,7,0,12,"0,1,2,3"
12130537393,7,0,12,"1,0,3,2"
12130261805,7,0,12,"1,0,3,2"
12130263095,7,0,12,"0,1,3,2"
12130264035,7,0,12,"3,0,1,2"
12130541883,7,0,12,"0,2,1,3"
12130675034,7,0,12,"0,2,1,3"
12130931206,7,0,12,"0,2,1,3"
12130268655,7,0,12,"0,1,2,18"
12130546523,7,0,12,"1,0,2,3"
12130679944,7,0,12,"0,1,2,3"
12130681174,7,0,12,"0,2,1,3"
12130682474,7,0,12,"0,2,1,3"
12130274525,7,0,12,"0,2,1,3"
12130552863,7,0,12,"0,1,2,3"
12130941286,7,0,12,"0,2,1,40"
12120133974,7,0,12,"0,2,3,1"
12120398716,7,0,12,"0,2,1,3"
12120137274,7,0,12,"0,2,1,3"
12119741365,7,0,12,"0,2,1,3"
12120029733,7,0,12,"2,0,3,1"
12120143074,7,0,12,"2,0,1,3"
12119744055,7,0,12,"2,0,1,3"
5435836,8,1,13,"8,5,1,9"
161860463,8,5,13,"8,5,9,48"
220034092,8,7,13,"4,5,8,1"
251211474,8,8,14,"0,1,2,3"
251212111,8,8,1,"8,5,1,11"
251213075,8,8,10,"0,1,30,5"
251214010,8,8,10,"8,1,5,28"
251215434,8,8,10,"1,0,2,3"
251216117,8,8,10,"0,2,1,3"
251219114,8,8,10,"8,5,1,16"
251219430,8,8,10,"8,1,5,16"
251219998,8,8,10,"8,5,1,11"
319140277,8,8,10,"1,5,8,6"
251221265,8,8,10,"1,0,5,8"
266144673,8,9,9,"1,5,8,0"
266149450,8,9,12,"0,2,1,3"
266150234,8,9,12,"0,1,37,2"
266151520,8,9,12,"1,0,3,2"
266152283,8,9,12,"1,8,0,18"
266152719,8,9,12,"1,5,18,8"
266154112,8,9,12,"1,5,8,16"
266155524,8,9,12,"4,8,5,1"
441438486,8,2,13,"8,1,5,9"
441442675,8,2,13,"1,8,9,5"
441442460,8,2,13,"1,8,18,5"
441444889,8,2,13,"1,8,5,3"
428872975,8,2,12,"8,5,1,28"
428870640,8,2,12,"1,0,13,8"
428877420,8,2,12,"1,0,14,13"
4535691915,8,3,14,"0,2,1,3"
6454843021,8,7,1,"1,0,13,23"
6454844169,8,7,1,"1,0,7,2"
6454851129,8,7,1,"1,0,5,8"
6454851871,8,7,1,"1,5,8,13"
6454852759,8,7,1,"1,5,0,8"
6454853395,8,7,1,"1,0,2,12"
6454854409,8,7,1,"1,0,13,5"
6454855369,8,7,1,"1,5,8,13"
6454856371,8,7,1,"0,1,2,3"
8378006408,8,0,15,"1,0,5,18"
8376932151,8,0,6,"5,1,4,30"
8376933127,8,0,6,"5,1,4,6"
8390975756,8,0,16,"1,0,5,8"
9576900956,8,7,13,"1,0,3,2"
13918813196,8,3,7,"0,2,1,33"
8786917920,12,8,0,"1,5,8,16"
8786920852,12,8,0,"8,5,1,16"
8780348221,12,8,0,"1,5,8,18"
8780361101,12,8,12,"0,1,2,3"
8780363953,12,8,12,"0,2,1,3"
8786942920,12,8,12,"1,0,2,5"
8780371543,12,8,12,"2,0,1,3"
8786950416,12,8,12,"0,1,2,3"
8780377573,12,8,12,"0,2,3,1"
8786956244,12,8,12,"0,2,1,3"
8780383553,12,8,12,"0,1,2,3"
8786962036,12,8,12,"0,1,2,3"
8780391197,12,8,12,"0,2,3,22"
8780393883,12,8,12,"33,8,2,0"
8780398761,12,8,12,"1,0,2,18"
8780403661,12,8,12,"1,0,2,18"
8786982298,12,8,12,"1,0,3,2"
8786985218,12,8,12,"1,0,2,8"
8786988442,12,8,12,"0,2,1,3"
8780415695,12,8,12,"0,2,1,22"
8780418637,12,8,12,"0,1,2,3"
8786997346,12,8,12,"0,2,1,3"
8780424567,12,8,12,"0,2,1,3"
8780427429,12,8,12,"0,2,1,3"
8787005856,12,8,12,"1,0,2,3"
8780433311,12,8,12,"0,2,1,3"
8787011738,12,8,12,"0,3,1,2"
8787017336,12,8,12,"1,8,5,16"
8780447887,12,8,12,"8,5,1,4"
8780452087,12,8,17,"5,8,4,30"
8780455097,12,8,17,"8,5,1,18"
8780458013,12,8,17,"5,8,31,30"
8780460987,12,8,17,"5,8,30,31"
8787144362,12,8,5,"1,0,2,3"
8787147036,12,8,5,"0,2,54,29"
8787149394,12,8,14,"1,8,5,16"
8787152060,12,8,0,"1,8,5,18"
3732360055,17,6,1,"8,1,5,16"
3733160122,17,6,1,"1,0,5,8"
3732362053,17,6,2,"0,2,1,3"
3733163370,17,6,2,"5,1,8,0"
3732372297,17,6,2,"1,5,8,0"
3732373293,17,6,9,"1,2,0,8"
3732374763,17,6,9,"1,8,5,18"
3732376495,17,6,9,"1,5,8,16"
3732379147,17,6,9,"0,1,2,6"
3732380375,17,6,9,"1,2,0,3"
3732381455,17,6,9,"1,0,12,2"
3732383003,17,6,7,"0,2,1,3"
3732384143,17,6,7,"1,5,8,18"
3733184006,17,6,3,"8,1,5,18"
3733185232,17,6,8,"8,5,9,48"
3733187794,17,6,8,"5,8,1,16"
8255182722,18,11,4,"0,3,1,2"
8255363493,18,11,0,"1,2,3,0"
8256735120,18,11,0,"3,0,2,1"
10164522,19,3,6,"8,5,1,4"
11488226,19,3,15,"8,5,1,16"
12616347,19,4,6,"1,5,8,51"
12616314,19,4,6,"8,5,1,16"
138650213,19,4,9,"0,1,3,8"
138650404,19,4,9,"1,0,3,13"
138650633,19,4,9,"0,3,2,32"
138650927,19,4,9,"3,0,2,1"
138651173,19,4,9,"3,0,1,2"
138651473,19,4,9,"0,3,2,22"
138651720,19,4,9,"3,0,2,1"
138651972,19,4,9,"3,0,2,33"
138652174,19,4,9,"0,3,1,2"
138652456,19,4,9,"3,0,1,2"
138652744,19,4,9,"3,0,1,2"
138652958,19,4,9,"3,0,1,2"
138653308,19,4,9,"0,1,3,2"
138653538,19,4,9,"0,3,2,1"
138653764,19,4,9,"3,1,2,0"
138653909,19,4,9,"3,0,2,1"
138654282,19,4,9,"0,3,1,2"
138654698,19,4,9,"3,2,0,1"
138654952,19,4,9,"3,0,1,2"
165223161,19,5,9,"1,3,0,2"
165224075,19,5,9,"0,3,1,2"
165230436,19,5,9,"3,0,1,2"
165230138,19,5,9,"3,0,2,1"
165229716,19,5,9,"3,2,0,1"
165229488,19,5,9,"3,1,0,2"
165229275,19,5,9,"3,1,0,2"
165229079,19,5,9,"3,0,1,2"
165228874,19,5,9,"3,0,1,2"
165228748,19,5,9,"3,0,1,2"
165228560,19,5,9,"1,3,0,2"
165228337,19,5,9,"3,1,0,2"
165228108,19,5,9,"3,0,1,2"
165227860,19,5,9,"3,1,0,2"
165227639,19,5,9,"3,1,0,2"
219164258,19,7,17,"1,0,2,3"
219164725,19,7,12,"1,0,5,2"
219164886,19,7,12,"2,0,3,1"
236775593,19,8,9,"0,3,32,2"
236775037,19,8,9,"3,0,1,2"
236774586,19,8,9,"3,0,1,2"
236774131,19,8,9,"3,0,1,2"
236773843,19,8,9,"0,3,2,1"
236773514,19,8,9,"0,1,3,2"
236773011,19,8,9,"3,0,2,1"
236772673,19,8,9,"0,3,2,1"
236772349,19,8,9,"0,1,3,2"
236771974,19,8,9,"3,0,1,2"
236771666,19,8,9,"0,1,3,2"
236771313,19,8,9,"3,0,2,1"
236770963,19,8,9,"0,3,1,2"
236770631,19,8,9,"3,2,0,1"
236770074,19,8,9,"3,1,0,2"
480140530,19,4,15,"0,1,2,22"
480137572,19,4,15,"0,1,2,22"
480147559,19,4,15,"2,0,22,1"
480144995,19,4,15,"2,0,1,3"
480142277,19,4,15,"0,2,22,1"
480127536,19,4,6,"1,0,5,3"
480123934,19,4,4,"0,2,3,1"
480208991,19,4,4,"0,2,3,1"
480193390,19,4,4,"0,2,3,1"
480190272,19,4,4,"0,1,3,2"
480200435,19,4,4,"0,2,3,1"
480197523,19,4,4,"0,2,3,1"
480194459,19,4,4,"0,2,3,22"
480178592,19,4,4,"0,1,3,2"
480181267,19,4,4,"0,1,3,2"
480172054,19,4,4,"0,31,30,26"
480178111,19,4,4,"0,31,30,26"
480188081,19,4,4,"3,0,2,19"
480161930,19,4,4,"3,0,2,1"
480168259,19,4,4,"1,0,3,2"
480152322,19,4,4,"0,2,1,3"
480145958,19,4,4,"0,2,1,3"
480161617,19,4,4,"0,2,1,3"
480158856,19,4,4,"0,2,1,3"
1423690680,19,8,4,"0,2,1,22"
1423600156,19,8,4,"3,0,2,1"
1422707395,19,8,4,"2,0,3,22"
1422700781,19,8,4,"0,2,3,22"
1423580812,19,8,4,"0,2,1,3"
1422688825,19,8,4,"0,3,2,1"
1423569910,19,8,4,"0,1,2,3"
1422677677,19,8,4,"3,0,2,1"
1422671703,19,8,4,"2,0,1,3"
1423550712,19,8,4,"0,2,3,22"
1422659441,19,8,4,"0,2,22,1"
1422653781,19,8,4,"0,2,3,22"
1422646425,19,8,4,"2,0,3,22"
1422798047,19,8,4,"2,0,22,3"
1422789275,19,8,4,"0,1,2,22"
1423667040,19,8,4,"0,2,22,3"
1423659532,19,8,4,"0,2,22,3"
1423652454,19,8,4,"0,22,2,3"
1423644996,19,8,4,"0,2,22,1"
1422750599,19,8,4,"0,2,22,1"
1423628500,19,8,4,"2,0,3,22"
1423620756,19,8,4,"0,2,22,33"
1422729525,19,8,4,"0,2,22,3"
1422721471,19,8,4,"2,0,3,22"
2104720581,19,11,4,"8,5,1,11"
2114180433,19,11,15,"0,3,2,19"
2114180823,19,11,15,"0,2,3,1"
2114181131,19,11,15,"2,0,3,22"
2114959172,19,11,15,"3,0,2,19"
2114960086,19,11,15,"0,2,1,3"
2114965470,19,11,15,"3,2,0,1"
2114961338,19,11,15,"0,2,3,1"
2114966040,19,11,15,"3,2,0,19"
2114184801,19,11,15,"2,0,3,22"
2114185385,19,11,15,"0,2,3,1"
2114186039,19,11,15,"2,0,3,22"
2114964138,19,11,4,"3,2,0,1"
2624345138,21,5,2,"0,1,2,3"
2624346976,21,5,2,"0,1,3,2"
2623524821,21,5,2,"0,2,1,3"
2623526489,21,5,2,"0,1,2,3"
2623527727,21,5,2,"0,2,1,3"
3370393122,21,2,19,"1,0,5,2"
3369571571,21,2,19,"0,1,2,22"
3370395192,21,2,19,"0,1,2,18"
3369573655,21,2,19,"0,1,2,17"
3369574181,21,2,19,"1,2,0,18"
3369574663,21,2,19,"2,0,1,3"
3369575255,21,2,19,"0,1,4,2"
7568767758,23,8,0,"0,2,1,3"
7568766170,23,8,5,"0,1,2,3"
8035664690,27,8,7,"1,8,5,18"
8035661035,27,8,7,"8,1,5,18"
8035656153,27,8,7,"1,8,5,13"
8035653851,27,8,7,"1,0,18,8"
8035650397,27,8,9,"1,8,5,18"
8035649089,27,8,2,"8,5,1,26"
8035647127,27,8,2,"1,8,5,18"
8035644875,27,8,2,"1,0,2,18"
8035625251,27,8,3,"1,0,2,3"
8035624590,27,8,1,"0,31,30,5"
7140218279,29,3,2,"0,2,1,37"
7140218285,29,3,3,"1,5,8,13"
11654053676,29,1,9,"1,0,5,2"
11653455845,29,1,2,"0,1,5,2"
11653453365,29,1,2,"2,0,1,3"
11654219896,29,1,2,"2,0,1,3"
11653815464,29,1,2,"0,1,2,3"
11653812994,29,1,2,"1,2,0,3"
11653811534,29,1,2,"0,2,1,3"
11653445015,29,1,2,"2,0,1,3"
11653443265,29,1,2,"1,5,8,0"
11653806124,29,1,2,"1,5,0,8"
11653439665,29,1,2,"1,18,5,8"
11653697493,29,1,2,"0,1,2,3"
11654204306,29,1,2,"1,0,2,5"
11653798684,29,1,2,"1,0,5,18"
11653430995,29,1,2,"1,0,2,3"
5084341536,30,2,14,"1,0,2,53"
5084341766,30,2,0,"1,0,2,3"
5084791547,30,2,0,"1,0,2,18"
5089147459,30,2,0,"1,0,2,18"
5089744910,30,2,0,"1,8,5,0"
5191410155,30,2,2,"1,8,5,18"
40538696,32,10,3,"1,3,8,0"
40538984,32,10,3,"1,8,0,3"
40538473,32,8,3,"1,0,3,8"
3883258299,32,8,2,"0,1,5,8"
6299300312,32,9,21,"1,5,8,16"
6298770435,32,9,21,"0,31,30,43"
2408773053,36,5,1,"1,8,5,18"
2409610732,36,5,1,"0,1,2,3"
2409612454,36,5,7,"1,5,8,0"
2409615656,36,5,7,"1,0,6,5"
5544166922,37,2,15,"5,8,4,30"
5544171044,37,2,12,"0,2,1,3"
5544102230,37,2,1,"1,0,5,18"
7609576994,38,6,13,"8,5,9,10"
7609576362,38,6,2,"2,0,1,3"
3474966357,39,3,12,"0,30,31,26"
3474968423,39,3,17,"8,5,30,33"
3493845192,39,3,12,"0,5,8,1"
3487096636,39,3,12,"0,2,22,1"
3486287101,39,3,12,"1,0,2,3"
3487108304,39,3,12,"0,2,1,3"
3487114942,39,3,12,"0,2,3,1"
3476704393,39,3,12,"0,2,1,3"
3487118142,39,3,12,"1,3,0,2"
3473480741,39,3,12,"0,3,2,1"
3479385078,39,3,12,"3,0,2,1"
3478572461,39,3,12,"1,0,3,2"
3477597764,39,3,12,"3,0,1,2"
3477535262,39,3,12,"3,0,2,1"
3479383952,39,3,12,"1,3,0,2"
3476784513,39,3,12,"0,2,1,3"
3476513891,39,3,12,"0,1,2,3"
3493865204,39,3,12,"0,1,2,3"
3493111915,39,3,12,"0,5,8,22"
3477285848,39,3,12,"0,3,2,1"
3477119314,39,3,12,"0,1,2,3"
3474957169,39,3,12,"0,1,5,31"
3474957433,39,3,12,"8,1,5,4"
4717665219,39,5,2,"1,0,3,18"
5023543673,39,8,1,"0,3,2,1"
5652912001,42,3,2,"1,0,3,2"
6312911446,42,10,7,"0,3,2,1"
6640984983,42,0,9,"2,0,1,3"
6998469282,42,4,0,"0,2,1,3"
7144698347,42,4,0,"1,0,3,2"
7374491212,42,5,3,"0,2,3,1"
7189383465,42,5,1,"1,8,5,18"
7561580592,42,6,3,"2,0,1,3"
7561585156,42,6,3,"0,2,3,22"
7592078902,42,6,3,"0,1,2,5"
7649303704,42,6,9,"2,0,1,3"
7671392230,42,6,9,"0,1,2,5"
7677541358,42,6,3,"0,2,3,1"
7678019628,42,6,3,"0,1,2,3"
7678273656,42,6,3,"0,3,2,1"
7684456788,42,6,9,"0,1,2,3"
7684552034,42,6,9,"1,0,8,3"
7693846728,42,7,1,"0,1,3,2"
7969372446,42,8,9,"2,0,1,3"
8043140741,42,9,0,"2,0,3,1"
8043169792,42,9,0,"2,0,1,3"
8067488071,42,9,4,"0,2,1,3"
8205829157,42,10,0,"1,0,3,2"
8291195836,42,11,2,"1,0,3,8"
8366544627,42,0,2,"0,2,3,1"
8392030569,42,0,5,"2,0,1,3"
8408395282,42,0,17,"0,1,8,5"
8486541927,42,1,0,"1,0,2,12"
8522383024,42,2,12,"0,2,22,3"
8527879157,42,2,6,"1,0,3,2"
8606755148,42,2,11,"0,1,2,3"
8663944092,42,3,4,"0,1,2,3"
8695537228,42,3,21,"1,8,5,16"
8694440933,42,3,21,"0,1,26,31"
8694523031,42,3,21,"0,2,3,1"
8706229767,42,4,9,"0,2,1,3"
9624660924,42,7,7,"1,2,0,3"
9726712242,42,8,3,"2,1,0,3"
9821295234,42,8,2,"0,1,8,2"
10153526976,42,9,13,"3,1,2,0"
10389485105,42,9,9,"0,3,1,2"
10857151605,42,10,3,"1,0,3,2"
10940919506,42,10,9,"1,0,2,3"
11046304826,42,10,9,"1,0,2,53"
11239293656,42,11,1,"3,1,0,2"
11322999873,42,11,2,"1,0,3,2"
12129932764,42,0,1,"1,3,0,8"
12634792644,42,1,13,"0,2,1,22"
8211555397,43,10,3,"1,5,0,8"
8717920146,43,4,9,"5,8,10,9"
12031877755,43,0,3,"1,0,18,2"
3015466458,44,9,12,"30,31,26,4"
3015480788,44,9,12,"5,8,16,54"
3016346503,44,9,12,"5,8,16,31"
2984149267,44,9,12,"8,5,1,18"
3099020690,44,10,1,"0,1,3,2"
3086537845,44,10,6,"0,1,5,2"
3107351972,44,10,15,"1,0,5,18"
3086927864,44,10,6,"0,2,1,3"
3068138734,44,10,3,"2,0,3,1"
3078263204,44,10,3,"0,1,3,8"
3084598659,44,10,1,"1,0,3,8"
3054048124,44,10,6,"0,5,1,8"
3083071182,44,10,3,"0,33,3,1"
3068573826,44,10,3,"1,0,8,3"
3067340791,44,10,3,"1,0,3,13"
3089673146,44,10,3,"0,1,2,3"
3088091776,44,10,3,"1,0,2,3"
3121205136,44,10,3,"0,1,3,32"
3108167180,44,10,3,"1,0,2,3"
3086992572,44,10,1,"1,0,3,2"
3069140302,44,10,3,"1,0,8,3"
4380005012,44,0,17,"0,31,30,43"
4077551591,44,3,19,"8,5,4,30"
4040953068,44,9,12,"33,0,8,31"
4198880482,44,10,12,"2,0,1,3"
4174412053,44,10,3,"0,1,2,18"
4181132849,44,10,2,"3,0,2,1"
4177638418,44,10,3,"0,2,1,3"
4172664852,44,10,3,"0,2,1,3"
4177797612,44,10,3,"0,1,3,8"
4174929358,44,10,3,"0,2,1,3"
4168927839,44,10,3,"0,1,2,3"
4209489592,44,10,12,"1,0,2,3"
4196804351,44,10,12,"0,2,1,3"
4192703911,44,10,12,"0,3,2,1"
4177066945,44,10,3,"0,1,2,3"
4177775800,44,10,3,"0,1,3,2"
4171871089,44,10,3,"0,1,2,3"
4179993148,44,10,2,"0,2,3,1"
4195642653,44,10,12,"0,1,3,2"
4182224840,44,11,17,"8,5,1,26"
4187698407,44,11,12,"8,1,5,28"
4185610640,44,11,12,"1,8,5,18"
4185610636,44,11,12,"8,1,5,11"
4299006178,44,0,19,"8,5,1,16"
4313885023,44,0,19,"5,8,1,16"
4313884399,44,0,19,"8,5,16,33"
4298965358,44,0,19,"8,5,1,16"
4356048793,44,0,12,"0,33,5,31"
4409149045,44,1,21,"1,2,0,6"
4419934827,44,1,21,"0,1,2,40"
4411106026,44,1,21,"1,0,2,3"
4375947276,44,1,17,"0,2,3,1"
4420710832,44,1,21,"0,1,2,3"
4370865601,44,1,21,"1,2,0,3"
4396240590,44,1,21,"5,8,1,0"
4406352461,44,1,17,"1,2,0,7"
4374159176,44,1,17,"1,0,3,2"
4409455022,44,1,21,"1,0,2,3"
4409422814,44,1,21,"0,1,2,3"
4403952177,44,1,17,"1,0,2,25"
4373799790,44,1,17,"2,1,3,0"
4464436991,44,2,12,"0,2,1,3"
4484888570,44,3,12,"1,0,2,18"
4484272385,44,3,12,"0,1,2,3"
4494024426,44,3,12,"0,2,22,1"
4493095019,44,3,12,"0,2,3,22"
4490197049,44,3,12,"0,1,5,37"
4639786356,44,4,6,"8,5,30,1"
4588813939,44,4,19,"30,0,31,43"
4958121926,44,5,0,"1,0,2,3"
4957560347,44,5,0,"0,2,1,3"
4714924109,44,5,0,"5,1,8,16"
4714958525,44,5,0,"1,5,0,8"
5072771885,44,9,19,"1,0,2,3"
5047822312,44,9,12,"0,2,3,22"
5047557264,44,9,12,"0,1,2,54"
5047498080,44,9,12,"0,33,3,2"
5074344673,44,9,20,"0,2,22,3"
5084474516,44,9,19,"0,1,2,3"
5108311001,44,9,19,"4,8,5,1"
5316738094,44,11,12,"5,8,1,28"
5285138117,44,11,12,"8,5,16,29"
5289941283,44,11,12,"1,8,5,9"
5285317707,44,11,17,"8,5,1,10"
5311801497,44,11,17,"8,1,5,16"
5285537288,44,11,12,"8,1,5,16"
5269429847,44,11,4,"0,1,3,2"
5315649297,44,11,12,"8,1,5,18"
5266951936,44,11,4,"8,1,5,16"
5263679707,44,11,6,"1,8,5,13"
5465341203,44,0,1,"0,1,13,23"
5418182361,44,0,1,"1,0,2,13"
5401081154,44,0,1,"1,0,2,7"
5461229203,44,0,1,"0,2,1,3"
5399225558,44,0,1,"1,0,2,3"
5416167359,44,0,1,"1,0,13,23"
5479581737,44,0,1,"1,0,13,23"
5398034936,44,0,1,"1,0,5,6"
5398671837,44,0,1,"1,0,13,2"
5397717385,44,0,1,"1,5,13,8"
5398458357,44,0,1,"0,1,3,2"
5399195848,44,0,1,"1,0,2,3"
5399311910,44,0,1,"0,1,2,3"
5461253293,44,0,1,"0,2,1,3"
5408521554,44,0,1,"0,1,2,3"
5400519381,44,0,1,"0,2,1,3"
5410804629,44,0,1,"1,0,3,2"
5461920426,44,0,1,"1,0,2,3"
5421384363,44,0,1,"0,1,7,25"
5410761757,44,0,1,"0,1,13,2"
5398150488,44,0,1,"1,0,25,7"
5433853703,44,0,1,"0,1,2,3"
5978826400,44,0,5,"1,0,5,2"
5462134542,44,0,1,"0,1,5,13"
5399240522,44,0,1,"1,5,6,8"
5398769705,44,0,1,"1,0,13,23"
5422067626,44,0,1,"1,8,5,16"
5486638184,44,0,1,"1,0,13,23"
5399398440,44,0,1,"1,0,3,13"
5411389228,44,0,1,"1,0,13,23"
5397566191,44,0,1,"1,0,13,3"
5461017285,44,0,1,"2,0,1,3"
5397657481,44,0,1,"1,0,2,25"
5401039460,44,0,1,"1,0,3,2"
5398557969,44,0,1,"1,0,2,3"
5461950566,44,0,1,"1,0,2,3"
5507124322,44,0,1,"0,1,13,3"
5462209746,44,0,1,"0,1,2,13"
5422212214,44,0,1,"0,1,2,3"
5418307361,44,0,1,"1,8,5,11"
5465280381,44,0,1,"0,1,7,2"
5477124901,44,0,1,"1,8,5,0"
5416802530,44,0,1,"1,0,13,23"
5398097402,44,0,1,"0,2,1,3"
5480299082,44,0,1,"1,0,13,23"
5418201283,44,0,1,"1,0,2,13"
5480252952,44,0,1,"1,0,2,13"
5399106412,44,0,1,"0,2,1,3"
5421430965,44,0,1,"1,0,2,3"
5479515499,44,0,1,"1,13,5,8"
5477773114,44,0,1,"1,0,3,2"
5499853290,44,0,1,"1,0,3,2"
5421581439,44,0,1,"1,0,2,3"
5479466813,44,0,1,"1,0,5,2"
5462051193,44,0,1,"0,1,2,3"
5479626585,44,0,1,"1,0,13,23"
5418224079,44,0,1,"1,0,2,13"
5465360663,44,0,1,"0,1,3,2"
5411357138,44,0,1,"1,0,13,23"
5416749914,44,0,1,"0,1,5,8"
5751866932,44,4,9,"8,5,1,16"
6538849501,44,11,3,"0,1,2,31"
6538848359,44,11,3,"0,1,5,30"
7227965454,44,0,16,"0,1,2,5"
7099483481,44,3,16,"8,5,4,1"
8574375865,44,0,9,"1,0,2,3"
13914109176,44,3,0,"0,2,1,3"
13953368001,44,3,0,"1,5,8,11"
13957201174,44,3,0,"1,5,8,0"
13802269205,44,3,0,"1,8,5,11"
13938770773,44,3,0,"1,2,0,6"
13915721746,44,3,0,"1,8,5,16"
13806950135,44,3,0,"0,1,2,3"
13827860535,44,3,0,"2,0,1,3"
5850080605,47,5,9,"0,2,1,3"
5850636018,47,5,3,"1,5,8,18"
5850642352,47,5,1,"0,3,1,2"
8625573860,48,3,12,"0,1,2,3"
8625575458,48,3,12,"2,0,1,3"
8625576920,48,3,12,"0,2,1,3"
8625520596,48,3,0,"1,5,18,8"
70925353,50,10,2,"0,1,3,2"
70925364,50,10,2,"0,3,1,2"
79935176,50,11,2,"0,2,1,3"
79935387,50,11,2,"2,0,3,1"
79935686,50,11,5,"2,0,3,1"
85336015,50,0,9,"2,3,0,1"
85336014,50,0,9,"0,2,1,3"
92284340,50,0,10,"1,0,13,2"
95441092,50,1,10,"0,1,3,2"
170703785,50,5,2,"1,5,0,8"
171585266,50,5,2,"1,5,0,8"
170704448,50,5,2,"5,8,1,10"
171587614,50,5,2,"5,8,1,10"
170705139,50,5,2,"1,5,8,0"
170705657,50,5,2,"1,5,8,18"
170706380,50,5,2,"1,5,8,16"
170707051,50,5,2,"1,5,8,16"
171603730,50,5,2,"1,0,2,3"
171605775,50,5,2,"0,2,1,3"
171607272,50,5,2,"2,0,1,3"
171602392,50,5,2,"1,5,8,18"
171600592,50,5,2,"1,5,8,11"
171591414,50,5,2,"0,2,1,12"
327800081,50,11,9,"3,0,1,2"
327800083,50,11,9,"3,0,2,1"
582616978,50,5,17,"1,5,8,13"
2224141407,50,0,10,"1,8,5,13"
2224141413,50,0,10,"1,8,5,51"
2224875444,50,0,16,"2,1,3,0"
2266917075,50,1,10,"0,2,1,3"
2336307578,50,1,10,"2,0,1,3"
2335441861,50,1,10,"2,0,3,1"
2342126830,50,2,10,"0,1,2,3"
2811773578,50,7,3,"2,0,3,19"
2854567602,50,8,9,"0,3,1,2"
2854738096,50,8,9,"1,3,0,2"
2854741192,50,8,9,"3,0,2,1"
2855254968,50,8,9,"3,1,0,2"
2854116385,50,8,9,"3,0,2,1"
4245794370,50,0,12,"0,1,3,2"
4386693373,51,1,1,"1,0,2,12"
7021613625,51,2,6,"1,8,5,0"
7021614249,51,2,6,"8,5,1,16"
7021614827,51,2,6,"2,0,1,35"
7021615539,51,2,6,"30,0,31,4"
8068494362,51,9,6,"1,0,2,5"
8068499155,51,9,6,"1,0,2,18"
13191564393,51,2,10,"0,2,3,1"
13191569823,51,2,10,"8,5,1,16"
13191804884,51,2,3,"2,1,0,3"
13191810224,51,2,3,"1,0,13,23"
5328382984,52,6,14,"1,0,5,12"
5328382996,52,6,0,"1,5,8,13"
5616871545,52,6,12,"0,2,1,3"
5616871553,52,6,13,"1,5,8,16"
5616871571,52,6,1,"1,8,5,18"
3928038875,56,8,2,"1,5,8,0"
3928039253,56,8,2,"1,0,18,2"
3928039677,56,8,9,"1,5,8,13"
6946041827,57,2,1,"0,2,1,3"
6828027668,57,2,5,"0,1,2,3"
7142072885,57,4,5,"0,1,2,3"
8169666944,59,9,10,"1,8,5,13"
8169638803,59,9,10,"1,0,5,8"
8169666226,59,9,10,"1,0,34,2"
8169637929,59,9,10,"1,8,5,4"
8169665228,59,9,10,"1,0,5,8"
8169664856,59,9,10,"1,8,5,18"
8169636615,59,9,10,"8,1,5,18"
8169636341,59,9,10,"1,4,0,5"
8169663848,59,9,10,"1,0,5,8"
8169663486,59,9,10,"26,31,30,5"
8169663164,59,9,10,"1,0,2,3"
8169662866,59,9,10,"0,1,2,3"
8169632939,59,9,10,"0,4,1,30"
8169632485,59,9,1,"8,1,5,16"
8169659948,59,9,1,"1,8,5,18"
8169659742,59,9,1,"1,5,0,8"
8169631787,59,9,1,"1,5,8,34"
8169659176,59,9,1,"1,0,5,8"
8169662538,59,9,10,"2,0,1,3"
8169634529,59,9,10,"0,1,3,2"
8169662104,59,9,10,"0,1,2,3"
8169633907,59,9,10,"0,2,3,1"
8169660334,59,9,5,"0,2,22,1"
48174590,61,8,12,"4,8,5,1"
48174597,61,8,12,"5,1,8,16"
48174602,61,8,12,"1,13,23,0"
1558838,61,8,1,"1,0,2,3"
48174604,61,8,1,"1,8,5,16"
48174611,61,8,1,"2,0,1,22"
2679999497,62,6,2,"5,1,8,18"
2684090184,62,6,3,"1,0,22,5"
2683276265,62,6,3,"0,1,3,2"
2684095494,62,6,3,"1,8,5,13"
2684103394,62,6,1,"1,8,5,18"
2684106148,62,6,1,"0,1,3,2"
2684313757,62,6,0,"3,0,2,1"
2684315021,62,6,0,"3,0,2,1"
2684319711,62,6,0,"2,0,1,3"
2685138078,62,6,0,"3,0,2,1"
2684325691,62,6,0,"0,1,2,3"
2684327799,62,6,0,"0,2,1,3"
4548305242,64,3,2,"1,0,2,3"
4547670103,64,3,2,"0,1,2,3"
4547670497,64,3,2,"1,13,23,14"
5579919462,64,3,4,"2,1,0,6"
8621919759,64,3,3,"0,1,2,3"
2697066344,65,6,5,"1,8,5,18"
2779623320,65,7,12,"1,0,2,18"
2779622716,65,7,12,"1,0,2,34"
2836455626,65,7,12,"0,2,22,1"
2836456256,65,7,12,"0,1,5,2"
1814450723,67,0,14,"0,2,1,3"
1838529859,67,0,14,"0,2,17,4"
1842890790,67,0,14,"0,2,33,17"
1838524271,67,0,14,"0,5,33,8"
1842894298,67,0,14,"0,2,33,3"
1842887586,67,0,14,"0,2,17,1"
1839353300,67,0,14,"0,2,4,30"
1839333722,67,0,1,"2,1,0,22"
1838504575,67,0,1,"2,0,1,24"
1838515055,67,0,1,"2,0,1,22"
1839337118,67,0,1,"2,3,0,1"
1814452383,67,0,14,"2,0,1,3"
3304025217,69,8,6,"8,5,1,11"
3239883634,69,0,1,"0,3,1,2"
8282371572,73,11,1,"1,8,0,18"
8281308941,73,11,3,"1,8,5,13"
8348164830,73,0,16,"1,5,8,7"
8365081579,73,0,16,"26,0,1,31"
8614656948,73,3,10,"8,5,4,1"
8613543223,73,3,10,"5,1,8,16"
8614645994,73,3,10,"8,5,1,11"
8614627482,73,3,10,"1,8,5,4"
8614619682,73,3,10,"1,0,2,3"
8614609402,73,3,10,"0,2,1,3"
8613496395,73,3,10,"1,0,2,18"
10947399536,73,10,3,"1,0,3,2"
6184867986,76,8,5,"1,5,8,9"
6182305783,76,8,9,"1,5,8,0"
8444510549,80,0,1,"1,0,7,2"
8445599106,80,0,3,"1,8,5,11"
3068270346,88,10,3,"1,0,8,3"
3067435085,88,10,3,"0,3,2,1"
3067435951,88,10,2,"1,0,3,8"
3068272746,88,10,3,"1,0,2,3"
3067437489,88,10,3,"1,0,3,2"
3067438241,88,10,3,"1,8,5,3"
3068275184,88,10,3,"1,0,2,3"
3068277612,88,10,3,"1,0,3,2"
3067442315,88,10,1,"0,1,3,2"
3068280012,88,10,1,"1,0,3,18"
3270306266,90,1,1,"2,1,0,3"
3270303532,90,1,1,"0,1,2,20"
3833496730,90,6,9,"0,1,3,8"
3833510140,90,6,9,"0,1,34,5"
3832699061,90,6,9,"0,1,2,17"
3832710017,90,6,9,"1,0,2,20"
3269497716,91,1,5,"2,0,1,22"
3269498736,91,1,5,"0,2,22,3"
3268675949,91,1,5,"2,0,22,3"
3268676839,91,1,5,"0,3,1,2"
3268676967,91,1,5,"0,2,1,54"
3268674111,91,1,5,"0,19,3,22"
3269500348,91,1,5,"0,1,3,2"
3268677895,91,1,5,"0,2,22,3"
3269503162,91,1,5,"0,22,2,27"
3269497514,91,1,5,"0,2,1,3"
3268680333,91,1,5,"0,2,17,1"
3269503432,91,1,5,"0,1,2,3"
3269503570,91,1,5,"2,0,8,1"
10266418156,91,9,2,"2,1,0,3"
10266322854,91,9,2,"2,0,1,3"
10420781683,91,9,15,"0,3,2,1"
674110546,92,5,1,"8,5,1,11"
664554609,92,5,1,"1,0,2,5"
3477413411,92,3,2,"1,5,8,0"
8292190008,92,3,2,"1,5,8,13"
7721503308,92,7,7,"3,0,2,1"
7721524474,92,7,7,"0,2,3,1"
7721512870,92,7,7,"3,0,2,1"
7721547562,92,7,7,"0,2,3,1"
7721361422,92,7,7,"0,3,1,2"
2436731169,93,3,10,"0,1,5,2"
2436732161,93,3,10,"0,1,5,31"
4854145785,93,6,16,"1,0,2,20"
7039976433,93,3,0,"1,8,5,18"
2097330647,95,6,1,"8,5,1,16"
2097328369,95,6,1,"1,5,8,11"
2097333571,95,6,1,"5,8,1,51"
179613909,95,6,1,"1,8,5,18"
179613858,95,6,1,"1,8,5,18"
2098109852,95,6,1,"5,8,9,10"
2098120956,95,6,1,"1,0,2,3"
2098113068,95,6,1,"1,5,8,0"
2098115034,95,6,1,"1,8,5,0"
2098116598,95,6,1,"1,8,5,0"
2097343833,95,6,1,"0,1,2,12"
2097344853,95,6,1,"0,1,2,39"
179613877,95,6,3,"1,8,5,18"
179613889,95,6,1,"8,5,1,28"
1630271555,95,9,1,"1,0,8,18"
1630271585,95,9,1,"1,13,0,23"
2095617840,95,10,1,"0,3,1,2"
2094848505,95,10,1,"0,1,3,8"
2094850333,95,10,1,"1,8,0,5"
2095623366,95,10,1,"8,1,0,5"
2094853481,95,10,1,"8,1,5,31"
2319299152,95,2,3,"1,0,2,18"
11716966416,96,11,2,"0,3,2,1"
11716449913,96,11,3,"0,2,3,1"
2477346870,98,4,13,"1,0,2,5"
2476533685,98,4,13,"1,8,5,6"
2477347126,98,4,13,"1,8,5,11"
2476533881,98,4,13,"1,8,5,11"
2476534015,98,4,13,"8,5,1,11"
2477347520,98,4,13,"1,8,5,6"
2477347724,98,4,13,"1,8,5,6"
2476534573,98,4,13,"1,8,5,6"
2477348084,98,4,13,"1,8,3,5"
2476534881,98,4,13,"1,8,0,3"
2476535017,98,4,13,"1,0,2,3"
2476535225,98,4,13,"0,2,1,3"
2476535357,98,4,13,"0,2,1,3"
2477348864,98,4,13,"1,8,18,5"
2476535693,98,4,13,"1,0,3,8"
2476535941,98,4,13,"1,0,3,8"
2989917602,98,9,14,"2,0,1,3"
3061863380,98,10,14,"0,2,3,1"
3778825928,98,6,13,"1,8,5,26"
3778826224,98,6,13,"1,8,5,9"
3778826312,98,6,13,"8,5,11,1"
3778826466,98,6,13,"0,1,2,8"
3778022905,98,6,13,"0,1,5,8"
3778023065,98,6,13,"1,0,5,6"
835283,101,9,9,"2,0,1,24"
835289,101,9,2,"2,0,1,33"
835317,101,9,14,"0,1,2,3"
3419169,101,0,9,"0,1,2,3"
3419173,101,0,9,"0,1,2,3"
3419175,101,0,9,"0,2,3,1"
3419178,101,0,14,"0,2,1,37"
3419189,101,0,9,"0,1,2,34"
3419195,101,0,5,"0,2,1,17"
3420092,101,0,15,"0,1,5,8"
121772584,101,2,14,"1,8,5,18"
305136810,101,8,4,"2,0,1,3"
305137032,101,8,4,"1,0,2,34"
339550586,101,10,3,"1,0,3,2"
2087443376,101,6,4,"1,0,2,3"
9275869856,102,6,3,"2,0,1,22"
9273945355,102,6,3,"0,1,2,3"
9279052180,102,6,9,"1,8,5,18"
8818330474,104,4,4,"0,3,1,2"
8813036575,104,4,3,"1,5,8,16"
8926162863,104,5,3,"1,5,8,16"
18546561,107,5,12,"30,31,43,26"
26195618,107,6,2,"0,3,1,2"
27301268,107,6,9,"1,3,0,2"
82043714,107,11,0,"1,3,0,18"
224757099,107,7,0,"0,8,33,2"
224757009,107,7,0,"2,0,1,3"
239584380,107,8,9,"0,2,3,1"
13677806293,112,3,3,"1,5,8,0"
13678113734,112,3,3,"1,5,0,8"
13678114964,112,3,2,"1,0,5,7"
13678115944,112,3,2,"1,0,5,13"
13677769645,112,3,2,"1,5,8,0"
13677771305,112,3,9,"1,0,23,13"
13677771725,112,3,9,"1,13,23,5"
13678118604,112,3,9,"1,5,13,8"
13678130544,112,3,12,"8,5,1,4"
13678131224,112,3,12,"0,4,1,30"
13677831903,112,3,15,"4,1,5,0"
13677833143,112,3,15,"1,5,8,20"
13677794265,112,3,15,"1,5,8,13"
13677795345,112,3,15,"1,5,8,34"
13677835643,112,3,15,"1,5,8,18"
13677836603,112,3,15,"1,5,8,28"
13677837603,112,3,15,"5,8,1,16"
13677799425,112,3,15,"1,5,8,0"
13677839663,112,3,15,"1,5,8,18"
13678148054,112,3,15,"1,5,8,21"
13677841943,112,3,15,"4,30,5,8"
13678150604,112,3,15,"1,8,5,18"
13677843673,112,3,15,"1,0,18,5"
13678152354,112,3,15,"1,5,8,4"
13678153344,112,3,15,"1,8,5,4"
13677806785,112,3,15,"4,5,30,8"
13678155564,112,3,15,"1,5,8,4"
13678157064,112,3,15,"4,30,31,43"
13678157724,112,3,15,"5,8,1,4"
13677810435,112,3,6,"30,31,4,43"
13677810975,112,3,6,"0,30,4,31"
13678160824,112,3,6,"4,30,8,5"
13677812865,112,3,6,"8,5,1,11"
13678162424,112,3,6,"4,8,5,30"
13678163704,112,3,6,"4,5,8,30"
13677856593,112,3,6,"4,8,5,1"
13678165624,112,3,6,"4,8,5,1"
13677858163,112,3,6,"0,1,40,2"
13678098844,112,3,6,"0,1,2,18"
13677818115,112,3,6,"0,1,2,18"
13677818835,112,3,6,"5,8,1,9"
13678168854,112,3,6,"5,8,1,4"
13678170214,112,3,6,"5,8,1,4"
13677821655,112,3,6,"1,4,8,5"
13678172084,112,3,6,"4,1,5,8"
13677865063,112,3,6,"0,1,2,31"
13677824345,112,3,6,"5,8,4,1"
13678175484,112,3,6,"1,5,8,4"
13677826395,112,3,6,"4,1,5,8"
13677868853,112,3,6,"8,5,1,4"
13677828895,112,3,6,"4,1,5,8"
13677871533,112,3,6,"1,4,5,8"
13677831505,112,3,6,"4,1,8,5"
13678182684,112,3,6,"1,4,0,5"
13677875293,112,3,6,"4,1,8,5"
13677835045,112,3,6,"1,5,8,18"
13678185514,112,3,6,"4,5,1,8"
13677878263,112,3,6,"4,1,5,8"
13678187404,112,3,6,"1,0,5,34"
13677879883,112,3,6,"0,1,2,3"
13677880683,112,3,6,"1,0,2,18"
13678189554,112,3,6,"0,1,3,2"
13678190534,112,3,6,"0,2,3,1"
13677882963,112,3,6,"1,0,2,3"
13678191934,112,3,6,"1,2,0,3"
13677843125,112,3,6,"2,0,1,3"
13677885353,112,3,6,"0,2,1,3"
13677844295,112,3,6,"2,0,1,22"
13678097604,112,3,6,"1,0,3,2"
13678194984,112,3,6,"1,0,5,8"
13678195734,112,3,6,"8,1,5,4"
13677888813,112,3,6,"0,1,2,20"
13677847605,112,3,6,"0,1,2,3"
13677848085,112,3,6,"5,1,8,30"
13677891623,112,3,6,"1,0,18,2"
13678200274,112,3,6,"1,5,8,16"
13678201014,112,3,6,"1,5,8,13"
13678202494,112,3,6,"4,5,1,8"
13677853975,112,3,6,"4,8,5,1"
13678204884,112,3,6,"4,1,5,8"
13678205774,112,3,6,"1,8,5,18"
13677857295,112,3,6,"1,5,8,0"
13678207974,112,3,6,"1,5,8,11"
13677901203,112,3,6,"0,1,2,3"
13677902003,112,3,6,"1,0,13,23"
13677860945,112,3,6,"1,5,8,23"
13678211314,112,3,6,"1,8,5,4"
13677906103,112,3,6,"4,1,5,0"
13678214344,112,3,6,"1,8,5,4"
13677866015,112,3,6,"4,30,26,31"
13677866985,112,3,6,"1,5,8,13"
13678217694,112,3,6,"0,1,5,30"
13677790853,112,3,4,"1,23,5,13"
13678052963,112,3,18,"1,5,0,8"
13678361054,112,3,18,"1,5,8,50"
13678011265,112,3,18,"1,8,5,13"
13678054443,112,3,18,"8,1,5,16"
13678012045,112,3,18,"1,8,5,18"
13678012695,112,3,18,"1,5,8,13"
13678013005,112,3,18,"1,5,8,18"
13678013565,112,3,18,"1,8,5,18"
13678364474,112,3,18,"5,1,8,28"
13678367214,112,3,2,"0,2,1,38"
13678367614,112,3,2,"0,1,2,41"
13678368134,112,3,1,"8,1,5,11"
13678061163,112,3,1,"1,5,8,18"
13678369314,112,3,1,"1,0,5,8"
13678062533,112,3,1,"1,5,8,18"
13678370284,112,3,1,"1,5,8,18"
13678020285,112,3,2,"1,0,3,18"
13678009075,112,3,2,"1,8,5,13"
13678358444,112,3,2,"1,5,13,23"
11993199,114,4,2,"1,0,5,21"
18336572,114,5,4,"1,13,23,7"
21657441,114,5,3,"1,0,3,8"
27148771,114,6,10,"5,8,1,11"
91859531,114,0,17,"0,1,2,3"
329495674,114,11,1,"0,5,8,1"
317842672,114,11,1,"1,5,8,28"
317843058,114,11,1,"0,1,3,2"
476645587,114,3,3,"2,0,1,3"
476646149,114,3,3,"2,0,1,3"
476647601,114,3,3,"2,0,1,3"
476635132,114,3,3,"0,2,1,3"
476635458,114,3,3,"1,5,0,18"
2536391858,114,4,10,"1,0,3,2"
2536393236,114,4,10,"0,2,33,3"
2535579759,114,4,10,"8,1,5,16"
2654875013,114,6,21,"2,0,1,3"
2655701444,114,6,21,"1,19,5,0"
2658498888,114,6,10,"1,8,0,18"
2658498320,114,6,10,"1,8,5,0"
2657673025,114,6,10,"1,8,5,18"
2671209026,114,6,1,"1,3,0,19"
2783245007,114,7,1,"1,8,5,18"
2998510603,114,10,1,"1,8,5,18"
3005427058,114,10,5,"0,3,2,1"
3005427178,114,10,5,"3,0,1,2"
3004591469,114,10,5,"1,3,0,2"
3004591567,114,10,5,"1,0,3,2"
3047274941,114,10,11,"0,1,2,3"
3047275333,114,10,11,"0,1,2,3"
3048111402,114,10,11,"1,0,2,3"
3081537007,114,11,2,"0,2,3,1"
3081537347,114,11,2,"0,2,3,1"
3082378576,114,11,13,"1,8,5,9"
4236590273,114,0,2,"1,0,31,3"
4251164194,114,0,10,"1,8,5,0"
4251164476,114,0,10,"1,8,5,18"
4250391477,114,0,10,"0,1,2,26"
4250391721,114,0,10,"5,0,8,1"
4251165146,114,0,10,"1,8,5,16"
4251165428,114,0,10,"5,8,10,33"
4250392497,114,0,10,"8,5,10,1"
4250392799,114,0,10,"5,8,1,10"
4250393091,114,0,10,"0,1,2,5"
4251166468,114,0,10,"5,8,10,1"
4250393567,114,0,10,"5,1,8,10"
4251167006,114,0,10,"5,8,1,0"
4250394069,114,0,10,"1,8,5,18"
4250394287,114,0,10,"8,1,5,11"
4251167758,114,0,10,"1,8,5,18"
4250394853,114,0,10,"8,5,10,1"
4250395103,114,0,10,"1,8,5,18"
4250395487,114,0,10,"0,8,2,5"
4251169084,114,0,10,"8,5,10,33"
4251169360,114,0,10,"5,8,1,9"
4250396841,114,0,10,"33,8,5,0"
4251170114,114,0,10,"8,5,1,33"
4251170382,114,0,10,"0,5,33,8"
4250397953,114,0,10,"8,5,1,10"
4251171500,114,0,10,"0,8,5,1"
4250398741,114,0,10,"0,2,3,33"
4250399027,114,0,10,"0,1,2,3"
4251172330,114,0,10,"0,2,1,3"
4251172670,114,0,10,"0,1,2,5"
4251172968,114,0,10,"8,5,1,10"
4250400205,114,0,10,"8,33,0,5"
4250400447,114,0,10,"1,8,5,10"
4250400723,114,0,10,"0,1,4,5"
4251174086,114,0,10,"0,2,1,5"
4251174374,114,0,10,"8,1,5,10"
4251174652,114,0,10,"0,1,48,2"
4251175010,114,0,10,"8,5,0,48"
4443870574,114,2,14,"1,0,2,5"
4443870900,114,2,14,"0,2,1,3"
4484210868,114,3,7,"2,0,3,1"
4508233031,114,3,12,"8,5,1,33"
4508233995,114,3,12,"0,8,1,5"
4508874480,114,3,17,"1,2,0,3"
4508235719,114,3,17,"2,0,3,1"
4508236659,114,3,17,"1,8,3,2"
4508237477,114,3,17,"0,2,1,3"
4508238063,114,3,17,"0,1,3,2"
4508238669,114,3,17,"0,1,2,3"
4508878802,114,3,17,"0,2,3,1"
4508240247,114,3,17,"2,0,3,1"
4508880560,114,3,17,"0,2,1,25"
4508241549,114,3,17,"0,1,2,17"
4508242275,114,3,17,"0,2,1,17"
4508243527,114,3,17,"0,2,3,1"
4539913885,114,3,7,"2,0,3,17"
4540019231,114,3,7,"1,0,2,39"
4551306720,114,3,9,"1,0,2,22"
4574000677,114,4,12,"0,2,3,1"
4574634280,114,4,12,"0,2,3,1"
5104368049,114,9,9,"0,1,3,2"
5282669574,114,11,7,"2,0,3,1"
5430624020,114,1,7,"0,1,2,17"
5492853090,114,2,14,"1,0,2,3"
5558128373,114,2,8,"0,1,2,3"
5561239768,114,2,7,"0,2,3,1"
5601310816,114,3,18,"3,2,0,1"
5822219901,114,5,0,"0,2,1,22"
4144996261,118,10,6,"0,2,3,1"
4481436536,118,3,6,"0,2,1,3"
4481437158,118,3,6,"0,2,1,3"
5665425983,118,3,17,"33,3,0,8"
2095022555,121,11,15,"0,1,2,5"
2095886540,121,11,15,"0,3,1,2"
2095044667,121,11,15,"1,3,0,2"
2289594352,121,1,19,"8,5,1,4"
2289605364,121,1,19,"8,1,5,4"
2446277341,121,3,12,"8,5,1,4"
2446277333,121,3,12,"8,5,1,16"
2446249955,121,3,10,"1,8,5,20"
2446249937,121,3,10,"1,5,8,0"
2446029353,121,3,10,"8,5,51,16"
2446965764,121,3,10,"1,0,18,2"
2446965778,121,3,10,"0,1,2,20"
2446333857,121,3,5,"1,0,3,13"
2446333879,121,3,5,"1,0,3,13"
2446333907,121,3,5,"0,1,3,2"
230510961,122,7,0,"1,0,5,18"
230510963,122,7,0,"1,5,18,0"
230510965,122,7,0,"1,5,8,18"
233466945,122,7,9,"0,2,3,1"
233467004,122,7,2,"1,5,8,18"
233467045,122,7,2,"0,1,18,3"
233467090,122,7,2,"1,0,2,12"
233467127,122,7,2,"1,0,5,2"
233467180,122,7,2,"2,0,3,1"
233467254,122,7,2,"1,8,5,0"
233467316,122,7,2,"1,5,8,0"
233467405,122,7,2,"1,18,8,5"
233467475,122,7,9,"0,1,3,2"
233467548,122,7,15,"0,3,2,1"
233467596,122,7,15,"2,0,1,3"
233467638,122,7,15,"0,2,3,1"
233467701,122,7,15,"2,0,1,3"
4909214426,124,1,16,"1,5,8,18"
4909214602,124,1,16,"8,1,5,16"
4908619505,124,1,1,"1,8,5,13"
4909215378,124,1,1,"1,8,5,23"
4909218480,124,1,16,"0,2,3,1"
4909219022,124,2,16,"0,1,2,3"
4909221358,124,4,16,"5,1,8,30"
4909221690,124,4,16,"5,1,8,4"
4908626333,124,4,16,"2,0,1,3"
4908626981,124,4,16,"2,0,3,1"
4908627149,124,4,16,"2,0,1,22"
4908628107,124,4,16,"5,1,8,30"
4909223788,124,4,16,"0,30,31,26"
4908629429,124,5,16,"0,1,2,3"
4908825043,124,7,16,"2,0,1,3"
4908828907,124,7,16,"0,2,17,1"
249357568,125,3,18,"1,5,8,0"
249356569,125,3,13,"1,3,0,2"
249357007,125,8,13,"1,5,8,16"
249357435,125,8,13,"5,8,1,10"
4564266022,126,4,2,"1,8,5,11"
4564265378,126,4,2,"0,1,2,3"
4563633443,126,4,0,"1,0,2,18"
5397950657,127,11,1,"8,1,5,16"
5397949657,127,11,1,"1,8,5,28"
5397948625,127,11,1,"8,1,5,16"
5397947503,127,11,1,"8,1,5,16"
5397946841,127,11,2,"1,8,5,18"
5394480178,127,0,1,"1,0,2,13"
5394480676,127,0,1,"1,0,2,3"
5394481128,127,0,1,"1,5,8,7"
5393884869,127,0,1,"0,1,3,2"
5393885321,127,0,1,"0,1,2,3"
5394482456,127,0,1,"0,1,2,3"
5394482828,127,0,1,"1,8,13,5"
5393886629,127,0,1,"1,5,0,8"
5393887099,127,0,1,"1,0,2,17"
5394484252,127,0,1,"1,0,13,17"
5394484758,127,0,1,"0,1,2,3"
5393888459,127,0,1,"1,13,8,5"
5394485578,127,0,1,"1,0,13,23"
5393889259,127,0,1,"1,13,5,0"
5394486410,127,0,1,"1,0,13,23"
5394486824,127,0,1,"1,0,13,23"
5394487498,127,0,1,"1,0,13,23"
5394487938,127,0,1,"1,0,2,3"
5393891511,127,0,1,"1,0,13,7"
5393891973,127,0,1,"0,1,2,3"
5394489280,127,0,1,"1,0,2,3"
5394489724,127,0,1,"1,5,0,8"
5393893427,127,0,1,"1,0,5,3"
5393893755,127,0,1,"1,0,13,23"
5393894121,127,0,1,"1,0,5,2"
5394491466,127,0,1,"0,1,2,3"
5394491894,127,0,1,"0,1,2,3"
5394492338,127,0,1,"1,0,2,7"
5393895885,127,0,1,"0,1,2,3"
5393896349,127,0,1,"1,0,3,2"
5394493828,127,0,1,"1,0,3,2"
5393897391,127,0,1,"1,0,13,7"
5394494728,127,0,1,"0,1,2,3"
5394495204,127,0,1,"1,0,2,5"
5394495644,127,0,1,"0,1,2,3"
5394496082,127,0,1,"0,1,13,25"
5394496616,127,0,1,"1,0,13,25"
5394496968,127,0,1,"1,0,3,2"
5394497398,127,0,1,"1,0,3,2"
5394497948,127,0,1,"1,0,3,13"
5394498468,127,0,1,"1,0,2,3"
5393902219,127,0,1,"0,1,2,3"
5394499422,127,0,1,"1,0,2,13"
5393902981,127,0,1,"0,1,2,3"
5393903419,127,0,1,"0,1,2,3"
5394500776,127,0,1,"1,0,13,23"
5394501264,127,0,1,"1,13,23,5"
5393905355,127,0,1,"1,13,23,8"
5394503114,127,0,1,"1,13,23,8"
5394503630,127,0,1,"1,0,3,23"
5394504096,127,0,1,"1,0,3,13"
315098331,130,11,2,"0,2,1,3"
366830302,130,0,16,"1,8,5,16"
375518503,130,0,1,"1,2,0,3"
378357371,130,1,16,"1,8,5,16"
381680874,130,1,3,"0,1,2,53"
388399849,130,1,3,"2,0,3,19"
405169143,130,1,7,"1,3,2,0"
444725726,130,3,16,"1,5,8,0"
3219216015,130,0,16,"1,5,8,0"
532127943,133,4,5,"0,1,2,5"
532127983,133,4,5,"0,1,5,2"
532127987,133,4,14,"0,2,1,3"
2732842403,136,7,14,"1,5,8,18"
3691602006,136,5,12,"0,1,3,2"
3691604100,136,5,12,"1,0,2,22"
4001110693,137,1,6,"1,8,0,3"
4001875714,137,3,4,"8,5,1,18"
4001111787,137,3,4,"1,8,5,11"
5524592430,137,1,6,"0,1,3,2"
5524548646,137,2,6,"3,2,0,1"
4977609852,137,4,15,"0,2,3,1"
4976999417,137,4,15,"2,0,1,3"
4977611848,137,4,15,"2,0,1,3"
4977001621,137,4,15,"0,22,2,1"
4977614064,137,4,15,"0,2,1,3"
4977614582,137,4,15,"2,0,1,24"
4977003657,137,4,15,"2,0,3,1"
4977616036,137,4,15,"2,3,0,1"
4977005139,137,4,15,"2,0,3,1"
4977005897,137,4,15,"2,0,1,3"
4977618042,137,4,15,"0,2,1,3"
4977618598,137,4,15,"2,0,1,3"
4977619450,137,4,15,"2,0,1,3"
4977620208,137,4,15,"2,0,3,1"
4977009463,137,4,15,"2,0,3,1"
4977010893,137,4,15,"2,0,3,1"
4977011221,137,4,15,"2,0,3,1"
4977011843,137,4,15,"2,0,3,24"
4977012417,137,4,15,"2,0,3,1"
5516383168,137,5,2,"1,0,5,8"
5516384424,137,5,2,"1,5,8,0"
5516385340,137,5,2,"0,1,3,2"
5516386596,137,5,2,"5,8,1,0"
5515797489,137,5,2,"1,5,8,0"
5516388846,137,5,2,"1,0,2,19"
5516390458,137,5,2,"0,1,2,41"
5067369609,137,9,6,"0,2,1,3"
5524508102,137,9,6,"8,1,5,26"
5523909903,137,9,0,"1,0,2,3"
6439339669,137,9,0,"3,0,1,2"
6439340455,137,9,0,"3,1,8,0"
5523890559,137,0,17,"1,0,7,3"
5377399757,137,0,7,"3,0,2,1"
5377999092,137,0,7,"0,1,2,3"
5377400131,137,0,7,"2,3,0,1"
5377999444,137,0,7,"0,2,3,33"
5377999548,137,0,7,"0,3,2,1"
5377999722,137,0,7,"0,3,2,1"
5524373826,137,0,15,"0,1,4,3"
5512794338,137,2,0,"0,2,3,33"
6227540304,137,9,2,"0,3,2,1"
6227544362,137,9,2,"0,3,1,2"
6227548056,137,9,2,"3,0,2,1"
6227551262,137,9,2,"0,2,3,1"
6227034757,137,9,2,"0,2,1,3"
6776717523,137,0,2,"0,1,3,2"
6892844383,137,1,7,"3,2,0,1"
6892851699,137,1,7,"0,3,2,1"
6892854817,137,1,7,"0,3,2,1"
6892856795,137,1,7,"0,3,2,1"
6892860123,137,1,7,"3,2,0,1"
6907929239,137,1,7,"0,3,2,1"
6824119304,137,2,4,"1,0,18,2"
7022386629,137,2,6,"1,0,3,18"
6931912700,137,2,6,"1,0,2,3"
2269585668,138,1,12,"1,0,2,3"
2268795341,138,1,12,"0,2,3,1"
2268795439,138,1,12,"1,0,2,3"
2268795591,138,1,12,"8,5,1,16"
2269586672,138,1,6,"8,5,1,4"
2268796209,138,1,6,"8,5,1,4"
2269586872,138,1,6,"1,0,2,35"
2268796423,138,1,6,"1,0,2,35"
2269587118,138,1,6,"1,8,5,16"
2269587212,138,1,6,"5,8,16,51"
2268796971,138,1,15,"1,5,8,16"
2499643980,138,4,1,"1,8,5,16"
2670867776,139,3,10,"1,8,5,18"
2670868358,139,3,10,"8,5,1,11"
2670045045,139,3,10,"0,2,1,3"
2670869058,139,3,3,"1,0,5,18"
2670047047,139,3,12,"0,1,2,3"
2670047175,139,3,12,"0,2,1,3"
2670870792,139,3,12,"1,0,53,6"
2670047489,139,3,12,"0,1,53,2"
2670871132,139,3,12,"2,0,1,3"
2670047849,139,3,12,"0,2,1,3"
2670048043,139,3,12,"1,0,2,3"
2670871924,139,3,12,"0,1,2,3"
2670048659,139,3,12,"0,30,31,43"
2670050665,139,3,9,"0,33,3,8"
2670874402,139,3,9,"1,0,2,3"
167641647,142,5,9,"1,5,8,11"
367885166,142,0,0,"3,0,32,1"
2928125371,142,9,0,"1,3,8,0"
2928988126,142,9,0,"3,1,0,32"
3101360016,142,11,12,"0,2,3,1"
3167113454,142,0,1,"0,2,1,3"
3619138082,142,5,2,"0,2,1,3"
3631175547,142,5,5,"1,0,3,2"
3631991590,142,5,5,"0,2,1,3"
4801828080,142,6,7,"0,2,3,1"
5418224690,142,1,3,"0,1,3,2"
6163575534,142,8,14,"2,0,3,1"
6526646543,142,11,5,"3,2,0,1"
6527407283,142,11,1,"3,1,2,0"
6533752093,142,11,9,"3,0,2,1"
6550081949,142,11,2,"1,0,3,8"
7461633994,142,5,9,"2,0,1,3"
7564259446,142,6,14,"0,3,2,1"
7631499848,142,6,2,"3,2,0,1"
7651413494,142,6,14,"0,2,3,1"
7986228998,142,8,12,"0,2,3,1"
8167421267,142,10,4,"1,0,2,3"
8173068993,142,10,13,"0,1,3,8"
8185848672,142,10,5,"0,2,3,1"
8274734144,142,11,12,"0,1,2,3"
8282448022,142,11,1,"1,3,0,2"
8296938437,142,11,3,"0,3,2,1"
8332088076,142,0,9,"0,2,22,3"
8392709111,142,0,12,"0,3,1,2"
8398817112,142,0,0,"1,3,0,9"
8397930315,142,0,0,"1,3,0,2"
8416353991,142,0,0,"0,3,1,2"
8417915712,142,0,0,"0,3,2,1"
8477459910,142,1,12,"0,2,1,3"
9209297523,142,6,14,"2,0,1,3"
9513808831,142,7,6,"2,0,3,1"
9663863387,142,8,0,"0,1,3,2"
9712770918,142,8,7,"0,1,2,3"
13900568991,142,3,12,"1,8,5,9"
8977502900,143,5,2,"0,2,1,3"
8979375415,143,5,14,"0,1,2,5"
8983989399,143,5,1,"1,8,5,16"
13423462334,143,2,10,"0,1,2,3"
13425580995,143,2,14,"0,2,1,15"
13426071624,143,2,1,"8,1,5,18"
13428132863,143,2,12,"1,0,2,3"
13428408253,143,2,12,"1,0,2,3"
13428470035,143,2,12,"0,2,1,3"
6656356241,144,7,18,"1,3,0,2"
6656357697,144,7,7,"0,2,1,3"
2442936545,148,3,12,"0,2,1,3"
2446235897,148,3,12,"0,1,2,3"
2452952546,148,3,17,"0,1,3,2"
2455713424,148,3,17,"0,1,2,3"
7593230534,149,6,13,"1,5,8,7"
8077179369,149,7,12,"0,1,2,3"
8077177529,149,7,12,"0,1,31,26"
8077174927,149,7,12,"1,8,5,18"
8077165058,149,7,12,"8,5,1,30"
8077158904,149,7,17,"1,5,8,31"
8086755966,149,8,4,"0,1,5,55"
8086758974,149,8,4,"1,0,5,2"
8333528312,149,10,15,"5,8,1,26"
8332467059,149,10,12,"0,1,5,2"
11892758604,149,5,14,"0,1,2,5"
11893112806,149,5,17,"8,30,31,5"
284548734,150,9,25,"0,2,1,3"
291483281,150,10,1,"0,2,1,3"
2493274722,150,4,9,"0,2,1,5"
4929221777,152,7,1,"1,8,5,11"
4929236881,152,7,1,"0,2,1,3"
4929237283,152,7,5,"1,0,3,2"
4929237877,152,7,12,"4,8,5,1"
7595010198,152,6,1,"2,0,1,3"
7595012902,152,6,1,"2,3,0,1"
7595015934,152,6,1,"2,0,3,1"
7595019234,152,6,1,"2,0,3,1"
7595022432,152,6,1,"2,0,3,1"
7595025954,152,6,1,"2,3,0,1"
7595028988,152,6,1,"2,0,22,1"
7595031556,152,6,1,"0,2,3,1"
7595033888,152,6,1,"3,2,0,19"
7595036008,152,6,1,"0,2,1,3"
7595042348,152,6,1,"2,0,3,1"
7595045820,152,6,1,"2,0,3,1"
7595048852,152,6,1,"2,0,1,3"
7595055506,152,6,1,"2,0,3,22"
7595058448,152,6,1,"2,0,1,3"
7595061426,152,6,1,"2,0,3,1"
7595065722,152,6,1,"2,0,3,1"
8302778305,152,11,1,"2,0,3,1"
3083052788,156,11,1,"1,0,5,6"
3083053174,156,11,1,"1,5,8,0"
3083053544,156,11,1,"0,1,2,22"
3082216629,156,11,1,"1,5,0,8"
4893302791,156,7,5,"1,5,8,28"
5171769454,156,10,0,"0,2,1,5"
6053805124,156,7,3,"1,5,8,18"
5673318004,160,3,0,"1,0,2,18"
5672744749,160,3,7,"1,0,13,23"
5673307276,160,3,14,"0,2,1,3"
5673323658,160,3,7,"1,5,0,13"
5672755613,160,3,7,"1,0,13,23"
5673332060,160,3,0,"8,1,5,16"
5672812359,160,3,0,"0,2,1,3"
5672769265,160,3,0,"1,5,8,0"
11496577296,161,11,10,"4,8,5,1"
11496594563,161,11,2,"1,5,8,16"
1294095131,164,6,3,"1,5,8,11"
1294963030,164,6,1,"1,8,5,18"
1294965998,164,6,1,"1,8,5,28"
2809052104,165,7,6,"0,2,1,22"
2809052422,165,7,6,"2,0,22,1"
2809052494,165,7,6,"2,0,1,22"
2808202603,165,7,6,"0,2,1,22"
2809052660,165,7,6,"0,2,3,22"
2809052714,165,7,6,"0,2,1,22"
2808202871,165,7,6,"0,2,1,17"
2808202957,165,7,6,"0,2,1,17"
2808203007,165,7,6,"2,0,1,3"
2808203071,165,7,6,"0,2,1,22"
2808203155,165,7,6,"0,2,22,1"
2808203239,165,7,6,"0,2,1,22"
2809053210,165,7,6,"0,2,1,17"
2808203387,165,7,6,"2,0,1,22"
2809053340,165,7,6,"0,2,1,22"
2808203547,165,7,6,"1,0,5,8"
2808203637,165,7,6,"1,0,5,8"
2809053594,165,7,6,"1,0,22,24"
2809053828,165,7,6,"2,0,22,3"
2808204003,165,7,6,"0,1,22,2"
2808204097,165,7,6,"0,1,22,5"
2809054090,165,7,6,"2,0,1,3"
2809054144,165,7,6,"0,2,22,1"
2809054234,165,7,6,"2,0,22,17"
3917744910,165,8,6,"0,2,1,18"
5318049912,165,11,13,"1,8,9,5"
5318051552,165,11,13,"1,3,0,18"
6073337733,165,7,1,"1,5,8,28"
6073338089,165,7,1,"1,0,18,5"
6073338293,165,7,1,"1,0,5,13"
6073338487,165,7,1,"0,1,2,3"
6073338755,165,7,1,"1,0,13,5"
6073879464,165,7,1,"1,0,13,23"
6073879700,165,7,1,"1,0,13,23"
6073339729,165,7,1,"0,1,18,2"
6073339985,165,7,1,"1,0,18,5"
6073340453,165,7,1,"1,0,5,13"
6073881196,165,7,1,"1,5,8,13"
6073340903,165,7,1,"1,0,5,18"
6073881658,165,7,1,"1,0,5,7"
6073881848,165,7,1,"1,5,8,13"
6073882092,165,7,1,"1,0,7,13"
6073882424,165,7,1,"1,5,8,13"
6644259109,165,0,6,"1,8,5,28"
6644260109,165,0,6,"1,0,5,18"
6644261381,165,0,6,"0,1,26,3"
10178894094,165,8,6,"2,0,3,1"
6933593921,166,1,5,"0,22,2,1"
6787479862,166,1,5,"1,3,0,2"
7125737187,166,3,7,"0,2,3,1"
6982063182,166,3,7,"0,1,2,22"
7514132588,166,5,7,"2,0,1,3"
7514128532,166,5,7,"0,2,3,1"
7514123796,166,5,7,"2,22,0,3"
7514118358,166,5,7,"2,0,3,1"
7514112956,166,5,7,"0,2,3,22"
7514107492,166,5,7,"0,2,22,3"
7514102282,166,5,7,"0,2,22,3"
7514098862,166,5,7,"0,2,1,40"
7514092794,166,5,7,"0,2,1,3"
7514088794,166,5,7,"2,3,0,1"
7514085126,166,5,7,"0,2,3,1"
7514080494,166,5,7,"0,2,3,22"
7514076526,166,5,7,"3,0,2,1"
7514073708,166,5,7,"2,0,3,1"
7514069604,166,5,7,"2,0,3,1"
7514064708,166,5,7,"3,0,2,19"
7514059186,166,5,7,"2,3,0,1"
7514055888,166,5,7,"0,3,2,1"
7514051756,166,5,7,"2,0,3,1"
7514047016,166,5,7,"0,2,1,3"
7514041408,166,5,7,"0,2,22,3"
7514036264,166,5,7,"2,0,22,24"
7514031468,166,5,7,"2,22,0,3"
7514025432,166,5,7,"1,3,2,0"
7514019572,166,5,7,"0,2,3,1"
7514014504,166,5,7,"2,0,3,1"
7514003888,166,5,7,"3,2,0,1"
7513998194,166,5,7,"1,0,2,3"
7513991738,166,5,7,"0,22,2,3"
7513985860,166,5,7,"0,2,1,22"
7513979730,166,5,1,"4,1,0,5"
7513973494,166,5,1,"1,4,0,5"
7513961054,166,5,1,"1,4,0,5"
7513967060,166,5,1,"1,4,0,5"
7782800994,166,7,5,"1,0,3,2"
7783012738,166,7,5,"1,3,0,2"
7783002264,166,7,5,"1,3,0,2"
7782992744,166,7,14,"0,2,3,1"
7782965464,166,7,7,"1,0,5,2"
7782956646,166,7,7,"0,2,3,1"
7782949624,166,7,7,"0,1,2,3"
7782943032,166,7,7,"1,0,3,2"
7782935276,166,7,7,"1,0,2,3"
7782807498,166,7,7,"0,2,1,3"
7782922302,166,7,7,"0,2,1,3"
7782929580,166,7,2,"1,5,8,0"
7782915114,166,7,7,"0,2,1,3"
7782815090,166,7,7,"0,1,2,3"
7782895794,166,7,9,"2,0,1,3"
7782887566,166,7,9,"0,1,2,3"
8364832085,166,11,14,"0,1,3,2"
8525902361,166,1,9,"2,0,22,1"
10899480675,170,10,13,"30,0,31,43"
10902006944,170,10,17,"8,5,1,16"
6751312631,171,0,5,"2,0,1,3"
6757411929,171,0,9,"1,0,3,18"
6757428023,171,0,9,"0,2,1,22"
13627253504,172,9,4,"0,2,3,1"
13627277874,172,10,10,"8,1,5,26"
13626927675,172,10,10,"8,1,5,18"
13627302964,172,10,10,"8,1,5,11"
13627114495,172,10,10,"8,1,5,18"
4315660311,173,0,24,"1,8,5,7"
4315740955,173,0,1,"8,1,5,18"
4316476524,173,0,3,"1,5,8,16"
4354480782,173,1,1,"0,1,3,2"
4574138247,173,4,4,"8,5,1,11"
4591110359,173,4,4,"0,30,31,43"
5763959901,177,3,10,"5,8,30,26"
5764504864,177,3,5,"1,0,18,5"
7315723886,184,2,3,"1,0,18,2"
7278643068,184,4,21,"1,0,2,12"
7278646716,184,4,21,"0,30,5,1"
7278649322,184,4,21,"0,1,2,6"
7278656690,184,4,21,"0,30,31,43"
6898891104,185,2,21,"0,1,2,20"
6056112103,185,6,12,"8,1,5,31"
8482218998,185,6,12,"0,31,26,30"
9878133103,185,2,10,"0,2,1,3"
10062429595,185,2,10,"0,2,1,40"
9986480414,185,2,10,"1,0,2,3"
7097919791,185,2,19,"1,4,30,8"
780764538,186,6,13,"8,5,1,11"
780775000,186,6,7,"1,0,2,3"
5845748289,187,9,1,"8,5,1,18"
5845748593,187,9,1,"8,1,5,11"
5846302814,187,9,1,"1,5,8,18"
5845760451,187,9,1,"1,5,8,0"
5845760587,187,9,1,"1,8,5,18"
5846314592,187,9,1,"1,0,5,18"
5846314796,187,9,1,"1,5,8,13"
5845761291,187,9,1,"1,0,5,59"
5846315132,187,9,1,"1,5,18,8"
5846320540,187,9,1,"1,8,5,28"
5845767123,187,9,1,"5,1,8,16"
5845767359,187,9,1,"5,1,8,18"
5845767535,187,9,1,"1,5,8,0"
5846323740,187,9,1,"1,8,5,18"
5845770295,187,9,1,"1,8,5,18"
5846324212,187,9,1,"1,8,5,18"
5846324366,187,9,1,"8,5,1,18"
5846324606,187,9,1,"1,5,8,11"
5845771093,187,9,1,"8,5,1,11"
5845771291,187,9,1,"8,1,5,11"
5846325178,187,9,1,"1,0,5,2"
5845771771,187,9,1,"1,0,18,5"
5845771991,187,9,1,"1,8,5,0"
5846325746,187,9,1,"5,1,8,0"
5820953593,187,10,1,"0,1,3,2"
5821554140,187,10,13,"1,8,5,10"
5821554524,187,10,13,"8,1,5,10"
5821554972,187,10,13,"8,1,5,10"
5820993159,187,10,13,"8,5,1,9"
5821555870,187,10,13,"8,5,9,1"
5820993947,187,10,13,"8,5,9,1"
5820994355,187,10,13,"8,5,1,9"
5821557108,187,10,13,"8,1,5,16"
5820995125,187,10,13,"8,5,9,10"
5821557886,187,10,13,"1,8,5,9"
5820996031,187,10,13,"8,5,9,1"
5821558704,187,10,13,"8,5,1,9"
5821559370,187,10,13,"8,5,9,1"
5821559736,187,10,13,"1,8,5,9"
5821560210,187,10,13,"8,9,5,1"
5821560646,187,10,13,"8,5,1,9"
5821561060,187,10,13,"8,5,9,1"
5821561506,187,10,13,"8,5,9,1"
5821561946,187,10,13,"8,9,5,1"
5820999911,187,10,13,"8,5,9,1"
5821000743,187,10,13,"1,8,5,3"
5821608802,187,10,1,"8,5,1,28"
5821609258,187,10,1,"1,8,5,18"
5821046349,187,10,1,"1,5,8,13"
5821046741,187,10,1,"1,5,8,0"
5821047365,187,10,1,"1,5,8,16"
5821047761,187,10,1,"1,5,8,13"
5821048163,187,10,1,"1,8,5,13"
5821612204,187,10,1,"1,8,5,18"
5821048967,187,10,1,"8,5,4,1"
5821612982,187,10,1,"8,5,1,4"
5821613366,187,10,1,"8,5,1,16"
5821050207,187,10,1,"1,5,4,8"
5821614202,187,10,1,"1,5,8,4"
5821051059,187,10,1,"1,8,5,4"
5821614994,187,10,1,"1,8,5,18"
5821051863,187,10,1,"1,8,5,18"
5821052269,187,10,1,"1,8,5,18"
5821052677,187,10,1,"1,8,5,18"
5821616846,187,10,1,"8,1,5,18"
6961598734,189,3,20,"4,5,30,8"
6961614686,189,3,20,"2,3,0,1"
6944572286,189,3,20,"8,1,0,4"
7100263003,189,3,10,"1,0,2,3"
6961530572,189,3,10,"1,0,3,2"
6956457412,189,3,1,"1,8,5,28"
9114404381,190,10,10,"8,5,1,11"
9116646390,190,10,9,"1,8,5,3"
9170162989,190,10,9,"1,8,5,3"
9170163679,190,10,9,"1,8,3,0"
9116648640,190,10,9,"1,8,3,0"
9170164029,190,10,0,"1,0,3,18"
9114423289,190,10,0,"1,0,3,8"
3821389313,191,4,12,"1,0,3,8"
3822197532,191,4,12,"0,1,2,3"
3822198910,191,4,12,"0,2,1,3"
3822199900,191,4,12,"1,5,8,18"
3821395087,191,4,4,"0,1,13,23"
2424264874,192,3,0,"8,5,1,4"
2475883507,192,4,12,"8,5,11,1"
2475879009,192,4,12,"8,5,11,33"
4140256726,193,7,14,"1,0,2,3"
4139499365,193,7,4,"3,0,1,2"
263091186,194,8,13,"8,5,1,9"
263095982,194,8,17,"8,5,30,31"
263096469,194,8,12,"4,8,5,1"
5955549089,195,5,0,"1,0,2,12"
8229262709,195,8,10,"1,0,2,3"
8235240424,195,8,10,"1,0,2,3"
8245873767,195,8,10,"0,2,1,18"
8254936188,195,8,10,"1,0,5,8"
8484131005,195,10,6,"1,0,2,34"
8491940806,195,10,6,"0,1,2,3"
8496449201,195,10,6,"0,1,3,2"
8499055049,195,10,6,"2,0,3,1"
8503233680,195,10,6,"1,0,2,3"
8487580155,195,10,6,"2,1,0,18"
8506146537,195,10,6,"0,1,2,7"
8231949073,195,10,6,"0,1,2,3"
9272658912,195,4,17,"1,5,8,7"
9254696893,195,4,12,"8,5,1,26"
378350967,197,0,12,"1,0,3,2"
446509865,197,3,4,"1,8,5,18"
446510553,197,3,9,"0,1,2,3"
2720132861,197,6,12,"8,5,26,33"
3935226706,197,8,17,"8,5,1,30"
3934454087,197,8,17,"8,5,1,18"
3935252426,197,8,6,"8,5,11,10"
3934480387,197,8,6,"1,0,2,5"
2911279163,198,7,17,"8,5,30,31"
2912127980,198,7,12,"0,1,2,3"
2912128496,198,7,12,"0,2,1,3"
3617811026,198,4,12,"0,2,1,3"
3616993081,198,4,12,"0,1,2,15"
3616994675,198,4,12,"0,1,2,3"
3616996321,198,4,12,"0,1,2,31"
3616997963,198,4,12,"0,2,1,3"
3617819282,198,4,12,"0,2,3,1"
3617001065,198,4,12,"0,2,1,15"
3617822866,198,4,12,"0,1,2,3"
3617824806,198,4,12,"2,0,3,1"
3617826232,198,4,12,"0,1,2,3"
3617008023,198,4,12,"2,0,3,1"
3617009847,198,4,12,"0,1,3,15"
3617831784,198,4,12,"0,2,3,1"
3617833470,198,4,12,"0,2,1,3"
3617835230,198,4,12,"0,2,1,3"
3617017017,198,4,12,"0,3,2,1"
3617018623,198,4,12,"2,0,3,1"
3617020189,198,4,12,"2,3,0,1"
3617021819,198,4,12,"0,3,1,2"
3617843612,198,4,12,"3,2,0,1"
3617025275,198,4,12,"3,0,2,1"
3617847166,198,4,12,"0,3,2,1"
3617849044,198,4,12,"0,1,3,2"
3617030619,198,4,12,"1,0,2,18"
3617032381,198,4,12,"1,3,0,2"
3617033935,198,4,12,"0,1,22,2"
3617855816,198,4,12,"0,1,2,3"
3617857458,198,4,12,"0,2,1,3"
3617039135,198,4,12,"2,0,3,1"
3617860888,198,4,12,"0,1,2,3"
3617042273,198,4,12,"0,2,1,3"
3617044107,198,4,12,"1,0,2,3"
3617866484,198,4,12,"1,0,2,18"
3617048463,198,4,12,"0,1,2,3"
3617050167,198,4,12,"0,1,2,38"
3617052057,198,4,12,"0,2,1,12"
3617873756,198,4,12,"0,2,1,40"
3617875332,198,4,12,"0,1,2,3"
3617057099,198,4,12,"0,2,1,3"
3617878696,198,4,12,"0,1,2,3"
3617880694,198,4,12,"0,2,1,3"
3617882600,198,4,12,"0,1,2,3"
3617063813,198,4,12,"0,1,2,3"
3617065411,198,4,12,"0,2,1,17"
3617888240,198,4,12,"0,2,1,3"
3617069749,198,4,12,"0,2,1,3"
3617891752,198,4,12,"0,2,1,3"
3617893340,198,4,12,"0,2,1,3"
3617074767,198,4,12,"0,2,1,3"
3617076845,198,4,12,"0,1,3,2"
3617078625,198,4,12,"0,1,31,43"
3617900632,198,4,12,"0,1,2,24"
3617902058,198,4,12,"2,0,3,1"
3617903826,198,4,12,"2,0,1,3"
3617905580,198,4,12,"0,1,2,3"
3617907292,198,4,12,"0,1,2,3"
3617908952,198,4,12,"0,2,3,1"
3617910582,198,4,12,"0,1,2,17"
3617912412,198,4,12,"0,2,3,51"
3617093549,198,4,12,"0,2,1,56"
3617915686,198,4,12,"0,2,1,3"
3617917564,198,4,12,"0,2,1,3"
3617919094,198,4,12,"0,2,1,3"
3617100525,198,4,12,"2,0,1,3"
3617102269,198,4,12,"0,2,1,3"
3617924240,198,4,12,"0,2,20,54"
3617105375,198,4,12,"0,1,2,6"
3617106973,198,4,12,"1,2,0,5"
3617929148,198,4,12,"0,2,1,3"
3617930794,198,4,12,"2,0,1,3"
3617112707,198,4,12,"0,1,20,2"
3617114581,198,4,12,"8,0,33,5"
3617116113,198,4,12,"0,2,1,3"
3617938908,198,4,12,"1,2,3,0"
3617119491,198,4,12,"2,0,3,1"
3617941594,198,4,12,"0,2,3,40"
3617122493,198,4,12,"2,0,1,3"
3617124073,198,4,12,"0,1,2,3"
3617126031,198,4,12,"1,0,2,8"
3617127697,198,4,12,"0,1,2,3"
3617129359,198,4,12,"0,1,2,3"
3617951676,198,4,12,"0,2,1,3"
3617132441,198,4,12,"1,0,2,3"
3617954742,198,4,12,"0,2,1,3"
3617135653,198,4,12,"0,2,3,1"
3617957656,198,4,12,"0,2,1,3"
3617138921,198,4,12,"2,0,1,3"
3617140441,198,4,12,"0,2,1,3"
3617962680,198,4,12,"0,1,3,2"
3617963950,198,4,12,"0,2,3,1"
3617145177,198,4,12,"0,2,1,3"
3617146603,198,4,12,"0,1,3,2"
3617969222,198,4,12,"0,2,3,1"
3617971022,198,4,12,"0,1,2,3"
3617152439,198,4,12,"2,0,3,1"
3617154021,198,4,12,"0,2,1,3"
3617155647,198,4,12,"2,0,1,3"
3617157267,198,4,12,"0,2,1,3"
3617158933,198,4,12,"0,1,2,3"
3617160483,198,4,12,"2,0,3,1"
3617162429,198,4,12,"0,1,2,3"
3617164013,198,4,12,"0,2,3,1"
3617986128,198,4,12,"0,1,8,3"
3617987938,198,4,12,"0,1,3,2"
3617989440,198,4,12,"0,3,2,1"
3617170545,198,4,12,"1,0,18,3"
3617172295,198,4,12,"1,0,2,18"
3617173805,198,4,12,"0,1,2,3"
3617996162,198,4,12,"1,2,0,3"
3617997886,198,4,12,"0,1,3,2"
3617999736,198,4,12,"0,1,3,2"
3618001418,198,4,12,"1,0,3,2"
3618003362,198,4,12,"1,0,2,3"
3618005240,198,4,12,"0,2,1,3"
3618007322,198,4,12,"0,2,33,1"
3617188739,198,4,12,"0,2,1,3"
3618011100,198,4,12,"2,0,3,1"
3617192171,198,4,12,"2,0,1,3"
3618014536,198,4,12,"0,1,2,3"
3618016344,198,4,12,"2,0,1,3"
3617198717,198,4,12,"0,2,1,3"
3617200497,198,4,12,"0,2,1,12"
3618022992,198,4,12,"2,0,1,3"
3618024714,198,4,12,"0,2,1,22"
3618026628,198,4,12,"1,0,2,18"
3618028192,198,4,12,"0,2,1,3"
3617209951,198,4,12,"0,1,2,3"
3618033996,198,4,12,"0,2,3,1"
3617215457,198,4,12,"0,1,2,41"
3618037710,198,4,12,"0,2,1,3"
3617219103,198,4,12,"0,2,1,3"
6686991287,202,1,25,"0,1,2,3"
6686988109,202,1,25,"0,2,1,3"
6686994163,202,1,25,"1,0,3,18"
6687035381,202,1,25,"1,0,3,2"
6687019203,202,1,3,"1,0,3,2"
6687005549,202,1,3,"2,0,3,1"
6687009589,202,1,3,"1,0,3,2"
6687015399,202,1,3,"1,0,18,3"
6687022535,202,1,2,"0,2,1,3"
6687001785,202,2,13,"1,5,8,9"
6687032123,202,2,13,"0,5,30,31"
6687012263,202,2,13,"1,5,8,11"
6687502333,202,10,3,"1,8,18,5"
6686582573,202,2,25,"2,0,1,3"
6686602543,202,2,25,"0,22,1,2"
6686635153,202,2,25,"1,0,2,3"
6686517875,202,2,25,"0,1,2,3"
6686617375,202,2,25,"1,0,5,8"
6686497195,202,2,25,"1,0,2,4"
6686640131,202,2,25,"2,0,3,1"
6686504029,202,2,25,"0,2,15,1"
6686468161,202,2,25,"2,0,1,3"
6686535947,202,2,25,"2,0,1,40"
6686612281,202,2,25,"0,1,2,17"
6686485723,202,2,25,"0,2,1,37"
6686523585,202,2,25,"2,0,3,1"
6686510843,202,2,25,"2,0,1,3"
6686479969,202,2,25,"0,2,1,12"
6686546961,202,2,25,"2,0,1,3"
6686530873,202,2,25,"2,0,1,3"
6686577249,202,2,25,"2,0,1,3"
6686473231,202,2,25,"2,0,1,3"
6686572801,202,2,25,"1,5,8,11"
6686491447,202,2,25,"0,2,1,3"
6686541655,202,2,25,"2,0,1,3"
6686554413,202,2,25,"1,2,0,3"
6686596783,202,2,25,"0,2,1,3"
6686589967,202,2,25,"0,2,1,3"
6686560481,202,2,25,"2,0,1,3"
6686508611,202,2,25,"2,0,1,17"
6686626983,202,2,25,"1,2,0,3"
6686567451,202,2,25,"1,0,2,12"
6835144227,202,8,25,"0,1,2,3"
6835146381,202,8,25,"0,1,3,2"
6835147625,202,8,25,"0,1,2,3"
6835149003,202,8,25,"0,2,1,3"
6835150439,202,8,25,"1,5,8,6"
6835151645,202,8,25,"1,0,5,12"
6835152851,202,8,25,"0,2,1,3"
6835155431,202,8,25,"0,2,1,3"
6835153877,202,8,25,"0,2,1,3"
6835275767,202,9,25,"0,2,1,22"
6835276719,202,9,25,"0,1,2,22"
7190582474,202,10,1,"1,0,3,2"
7190591172,202,10,1,"1,8,5,3"
7190598168,202,10,1,"1,8,5,11"
7190605416,202,10,1,"1,8,5,11"
7190611768,202,10,1,"1,8,5,16"
7190618180,202,10,1,"1,8,5,18"
7190625040,202,10,1,"1,8,5,16"
7190631962,202,10,1,"8,5,1,16"
6687047829,202,0,1,"0,1,3,2"
5874142438,203,5,4,"0,1,5,2"
9112581404,203,5,14,"0,3,2,1"
6829834097,204,1,21,"5,1,10,8"
6974770352,204,3,5,"1,0,2,60"
6977858768,204,3,5,"1,3,0,2"
8082733400,204,9,2,"1,8,5,10"
8380929138,204,0,21,"8,1,5,16"
8537183146,204,2,21,"4,8,5,30"
8753202869,204,4,2,"0,1,2,3"
8753382051,204,4,7,"2,0,3,1"
9318730425,204,6,21,"1,8,5,18"
11121937033,204,10,1,"1,8,5,18"
12124064616,204,0,7,"0,2,3,22"
12506971885,204,1,1,"1,0,3,8"
3620762856,205,7,12,"0,2,3,1"
3620763768,205,1,2,"2,0,1,17"
3620766526,205,3,2,"0,5,1,2"
3619947859,205,3,2,"1,0,5,21"
3659149337,205,5,2,"0,2,1,15"
3695004586,205,6,2,"2,0,1,3"
3726841337,205,6,1,"1,0,2,3"
3783144738,205,7,12,"2,1,0,3"
3783146594,205,7,21,"5,8,1,16"
3796387476,205,7,2,"1,0,2,3"
3796387920,205,7,2,"1,0,12,5"
3823809521,205,7,2,"1,5,12,0"
3823810019,205,7,12,"2,1,0,3"
3824611348,205,7,12,"0,2,1,3"
3824611790,205,7,12,"0,3,1,2"
3823811295,205,7,12,"2,0,3,1"
3823811785,205,7,12,"1,0,2,3"
4014679111,205,9,13,"8,5,9,1"
4014679547,205,9,13,"8,5,9,1"
4015443386,205,9,13,"8,5,9,1"
4154337556,205,10,2,"0,2,1,3"
4448351641,205,2,14,"2,3,0,1"
4734443056,205,5,13,"1,8,5,9"
4850491381,205,7,1,"1,5,8,0"
4851194126,205,7,1,"1,5,8,4"
4917640331,205,7,4,"8,5,1,9"
4918253222,205,7,13,"1,5,0,8"
4939526206,205,7,2,"1,0,3,2"
5523393708,205,2,9,"1,0,2,3"
5547810893,205,2,13,"8,5,9,1"
5547813367,205,2,13,"8,9,5,10"
5783876503,205,5,13,"1,8,5,10"
5819819694,205,5,5,"1,5,8,18"
5819821014,205,5,5,"5,1,8,11"
5819260197,205,5,5,"1,8,5,18"
5825758004,205,5,5,"1,0,18,53"
5825219743,205,5,5,"1,5,8,18"
5825237899,205,5,2,"1,0,2,15"
5825812418,205,5,2,"1,0,2,3"
5825275357,205,5,2,"0,1,2,15"
5825927212,205,5,2,"0,1,2,3"
5825394497,205,5,2,"1,5,8,0"
5825965756,205,5,2,"1,0,2,3"
5825419757,205,5,2,"0,1,2,15"
5825438695,205,5,2,"0,1,2,3"
5825459525,205,5,2,"0,2,1,3"
5825469223,205,5,2,"0,2,1,3"
5825481721,205,5,2,"1,8,5,10"
5825493233,205,5,1,"0,1,2,3"
5925442185,205,6,2,"1,0,12,3"
5943816123,205,6,5,"1,8,5,18"
5943816639,205,6,5,"1,5,8,18"
5944389892,205,6,5,"1,0,6,5"
5944372844,205,6,5,"1,5,8,18"
5943817661,205,6,5,"8,5,1,16"
6051147260,205,7,3,"1,8,5,18"
6051147718,205,7,3,"1,0,2,3"
6050596685,205,7,3,"8,1,5,11"
6050597165,205,7,1,"0,1,3,2"
6615261131,205,11,17,"0,1,2,3"
7811012892,205,7,13,"1,8,5,16"
7811042388,205,7,13,"1,0,2,18"
7811041504,205,7,13,"1,8,18,5"
7811020598,205,7,13,"1,0,6,2"
8017438843,205,8,10,"0,3,1,2"
8017442130,205,8,10,"1,0,2,3"
8017464640,205,8,10,"0,2,1,3"
8017439911,205,8,10,"0,1,2,3"
8017465352,205,8,10,"2,0,3,1"
8017443637,205,8,10,"0,2,3,1"
8214459031,205,10,1,"0,5,1,8"
8683809687,205,3,3,"8,5,1,16"
8687762277,205,3,3,"1,8,5,18"
8687763251,205,3,3,"1,0,3,2"
10652535143,205,10,20,"1,2,0,3"
10652340186,205,10,19,"0,2,1,3"
12468345993,205,1,1,"0,1,26,31"
8594198824,207,5,1,"2,1,0,3"
8669957685,207,5,20,"3,2,0,1"
8671075448,207,5,20,"8,5,4,30"
8669985791,207,5,20,"8,4,5,30"
8671091020,207,5,20,"0,33,30,8"
9113115619,207,5,12,"8,5,1,18"
9113215531,207,5,12,"31,30,26,43"
9113221885,207,6,2,"8,1,5,18"
9107360650,207,6,2,"0,1,2,6"
9107362970,207,6,2,"1,0,5,2"
9105135673,207,6,2,"1,5,0,8"
9105137551,207,6,2,"1,5,8,0"
2621546370,210,7,9,"1,5,8,7"
2620795321,210,7,0,"1,0,2,12"
2621626264,210,8,5,"1,8,5,16"
2620806657,210,8,14,"1,0,5,18"
2620810071,210,8,14,"0,1,3,2"
2621647144,210,8,9,"1,5,8,0"
2620828109,210,8,1,"1,5,0,8"
2621656656,210,8,12,"8,1,5,16"
2621658826,210,8,3,"1,5,8,11"
2621670978,210,8,7,"2,0,3,22"
3529462376,210,3,10,"1,0,2,3"
3529464630,210,3,10,"0,30,4,1"
2823060288,212,7,12,"1,8,5,13"
2822225431,212,7,12,"8,5,1,16"
2822225695,212,7,12,"0,2,3,1"
2822225871,212,7,12,"0,2,1,3"
2823061314,212,7,12,"0,1,2,3"
2823061536,212,7,12,"2,0,1,3"
2832025187,212,7,5,"0,1,3,2"
2832861994,212,7,1,"1,5,0,8"
2832862238,212,7,1,"0,1,18,6"
2832025765,212,7,2,"0,1,2,3"
2832025841,212,7,2,"2,0,1,3"
2832862562,212,7,2,"0,2,1,3"
2832862802,212,7,2,"0,2,1,3"
2115018524,215,11,17,"2,0,1,3"
2114242045,215,11,17,"1,0,3,8"
2098882552,215,11,18,"1,5,0,6"
2098887984,215,11,18,"1,0,5,2"
2098110077,215,11,18,"5,8,1,16"
131330436,217,3,1,"2,1,0,3"
131330437,217,3,1,"0,1,4,2"
131330438,217,3,1,"2,0,3,1"
131330435,217,3,1,"0,2,3,1"
8036434509,217,8,21,"4,8,5,1"
8036436456,217,8,21,"4,8,5,30"
8036434191,217,8,21,"8,5,26,1"
8036433613,217,8,21,"8,5,4,1"
8036435636,217,8,21,"4,8,5,30"
8201091448,217,8,21,"8,5,30,1"
8201091322,217,8,21,"1,5,8,0"
8201091156,217,8,21,"8,5,1,11"
8199998553,217,8,21,"8,1,5,9"
8200019417,217,9,21,"26,31,30,4"
8200031961,217,9,21,"8,5,1,26"
8201123756,217,9,21,"8,5,30,4"
8201179492,217,9,21,"0,2,33,22"
8200087521,217,9,21,"0,33,30,31"
8201179146,217,9,21,"31,30,0,43"
8200087109,217,9,21,"30,31,0,43"
8201178664,217,9,21,"8,5,30,4"
8200086747,217,9,21,"0,30,4,33"
8201251560,217,9,21,"8,4,5,10"
8201251158,217,9,21,"8,4,5,16"
8200145207,217,9,21,"4,8,5,30"
8200144975,217,9,21,"8,26,31,5"
8200144795,217,9,21,"33,0,31,30"
8200144645,217,9,21,"33,30,31,8"
8200144471,217,9,21,"0,33,26,31"
8200144311,217,9,21,"0,33,31,30"
4178386335,218,11,6,"0,2,3,1"
4203654681,218,11,15,"0,1,2,3"
4209369926,218,11,0,"3,2,0,1"
4251602505,218,0,15,"1,8,5,18"
4263050928,218,0,5,"0,1,2,3"
4270255174,218,0,15,"1,8,0,13"
4274699667,218,0,4,"1,8,5,18"
4291611736,218,0,6,"5,8,1,29"
4395055964,218,1,15,"1,5,8,4"
4395065648,218,1,5,"0,2,1,3"
4394308579,218,1,5,"3,0,2,1"
4538572541,218,3,4,"1,5,8,16"
4538574615,218,3,6,"8,5,1,16"
5278226209,218,11,15,"1,0,2,13"
8286405097,218,4,6,"0,3,33,1"
8286405213,218,4,6,"8,1,5,18"
8287463522,218,4,6,"4,30,0,8"
8286405345,218,5,6,"1,8,5,31"
8286406181,218,8,15,"0,2,1,3"
8286406343,218,9,6,"8,5,10,11"
4697465064,220,4,1,"0,1,2,3"
4696830041,220,4,2,"0,2,1,3"
4697467102,220,4,2,"0,2,1,3"
4696835641,220,4,2,"1,3,0,8"
4696832615,220,4,2,"1,8,5,11"
5805459756,221,5,9,"0,1,2,5"
5807505789,221,5,9,"0,2,1,3"
5808341731,221,5,9,"1,0,5,8"
5812162196,221,5,9,"0,1,3,2"
5812448698,221,5,9,"1,5,8,18"
5811887149,221,5,9,"1,0,2,3"
5811914199,221,5,2,"1,0,5,18"
5811977995,221,5,5,"1,8,5,13"
7229163756,223,8,14,"0,2,3,1"
7229159292,223,8,14,"0,1,2,3"
7229154448,223,8,14,"0,2,1,3"
7229149724,223,8,14,"0,2,1,22"
7229135554,223,8,14,"1,0,2,3"
7229145966,223,8,14,"0,1,2,3"
7229140962,223,8,14,"1,2,0,3"
7229130372,223,8,14,"1,0,3,2"
7229124454,223,8,14,"2,0,1,3"
7229121102,223,8,14,"0,1,3,2"
7229116078,223,8,14,"2,1,0,3"
7229111476,223,8,14,"2,0,1,3"
3934426285,223,8,0,"0,1,2,3"
3934430979,223,8,0,"2,0,1,3"
3935215774,223,8,0,"1,0,2,3"
3934436201,223,8,0,"0,1,2,3"
3935221308,223,8,0,"2,0,1,3"
3935223642,223,8,0,"1,0,2,3"
3934444973,223,8,0,"0,2,1,3"
3934448453,223,8,0,"0,1,2,3"
3935233514,223,8,0,"0,1,2,3"
7427463742,223,5,10,"1,0,31,26"
7427460854,223,5,10,"1,0,5,26"
8432811481,223,0,5,"1,5,8,6"
8433894434,223,0,5,"5,1,22,8"
8433893072,223,0,5,"1,0,5,2"
11915789523,223,0,1,"8,1,5,18"
11915771543,223,0,1,"1,8,5,18"
8482323933,223,0,3,"1,0,3,2"
8482314217,223,0,3,"0,1,3,2"
8692774593,223,0,3,"1,0,2,12"
8424294969,223,0,2,"1,0,3,5"
8417412021,223,0,5,"0,1,2,3"
8417413977,223,0,5,"0,1,8,26"
8477521836,223,1,3,"1,0,2,3"
8476430553,223,1,3,"1,0,5,6"
8477519504,223,1,3,"0,1,2,3"
8477518514,223,1,3,"0,1,2,3"
8448026691,223,1,2,"0,1,2,3"
8449106904,223,1,2,"0,2,1,3"
8449105410,223,1,2,"0,1,2,3"
8449104248,223,1,2,"0,2,1,3"
8448023695,223,1,2,"1,0,5,8"
9387516928,223,1,7,"0,1,2,3"
9384767635,223,1,7,"1,0,18,5"
9387546764,223,1,7,"1,0,2,32"
9384779399,223,1,7,"1,0,5,18"
9384765031,223,1,7,"1,0,2,18"
9384761559,223,1,7,"1,0,2,5"
9384754829,223,1,7,"1,0,2,12"
9384751495,223,1,7,"1,0,5,7"
9384748581,223,1,7,"1,0,5,53"
9384745067,223,1,7,"0,1,2,20"
8692776513,223,1,7,"1,0,8,18"
8693895604,223,1,7,"1,5,8,18"
8692779695,223,1,7,"1,5,8,7"
8438143707,223,1,5,"1,0,2,3"
8453308133,223,1,5,"0,1,3,2"
8454402056,223,1,5,"0,1,2,3"
8454399680,223,1,1,"1,0,3,2"
13251646944,223,2,9,"0,2,3,1"
13251457273,223,2,9,"0,1,2,3"
13251433873,223,2,9,"1,2,0,3"
13275655775,223,2,2,"1,0,2,3"
13275645235,223,2,9,"0,1,2,3"
13296186764,223,2,0,"1,3,0,8"
13295964343,223,2,0,"1,0,2,3"
13296172114,223,2,0,"1,0,3,2"
13295790385,223,2,0,"1,3,0,8"
7702769150,224,7,13,"1,5,0,8"
7702805554,224,7,13,"5,8,10,1"
7743353882,224,7,0,"0,2,1,3"
7743443780,224,7,2,"1,0,3,2"
454553612,226,8,18,"8,5,1,11"
454553602,226,8,18,"8,5,1,11"
454553594,226,8,18,"1,5,0,12"
454553714,226,8,18,"5,8,30,1"
2665427624,226,6,3,"1,0,13,23"
2665429162,226,6,3,"0,1,3,2"
2665430258,226,6,3,"0,3,1,2"
2664606987,226,6,3,"2,3,0,19"
2665431466,226,6,3,"2,0,1,3"
2664608035,226,6,3,"3,2,1,0"
2664608709,226,6,3,"3,2,0,1"
2664609433,226,6,3,"3,2,0,1"
2664610235,226,6,3,"2,3,0,1"
2664610887,226,6,3,"3,0,2,1"
2664611441,226,6,3,"1,0,3,18"
2664612109,226,6,3,"1,0,3,2"
2814756035,226,7,9,"1,5,8,13"
2814757341,226,7,9,"1,13,5,23"
2815609900,226,7,9,"1,0,5,8"
2815611142,226,7,9,"0,2,1,22"
2814761031,226,7,9,"1,0,41,15"
2814761937,226,7,9,"0,2,22,1"
2814763283,226,7,9,"0,2,1,3"
2814764601,226,7,9,"0,22,2,1"
2814765985,226,7,3,"0,2,1,3"
2814767063,226,7,3,"0,1,15,2"
2815619238,226,7,3,"0,22,1,2"
2815620230,226,7,3,"0,1,2,22"
2815621638,226,7,3,"0,22,1,19"
2815623062,226,7,3,"0,22,2,27"
2814772783,226,7,3,"0,22,2,1"
2815632428,226,7,1,"8,1,5,11"
2814773543,226,7,1,"0,1,21,22"
2815625396,226,7,1,"0,1,2,22"
2814775047,226,7,1,"22,27,0,2"
2814782747,226,7,1,"1,8,5,18"
2814776455,226,7,1,"1,0,22,2"
2815629916,226,7,1,"0,1,22,15"
2814780171,226,7,1,"1,0,5,22"
2993092630,226,9,3,"0,2,1,6"
2993093942,226,9,3,"2,0,22,1"
2993095676,226,9,3,"0,2,1,22"
2993097372,226,9,3,"0,2,22,1"
2993099262,226,10,3,"0,2,1,3"
2992253307,226,10,3,"0,2,3,1"
2993103372,226,10,3,"0,2,1,3"
2993104736,226,10,3,"2,0,3,1"
2993106824,226,10,3,"1,0,2,3"
3345536680,226,2,13,"8,1,5,11"
3344702373,226,2,13,"1,0,8,3"
3344703077,226,2,13,"1,8,9,18"
3345538608,226,2,13,"1,8,3,9"
3345538662,226,2,13,"0,1,2,3"
3344704953,226,2,12,"0,1,2,3"
3344706065,226,2,12,"1,8,18,5"
3344706267,226,2,12,"0,2,3,1"
3344706973,226,2,12,"1,0,22,2"
3344707745,226,2,12,"8,1,5,0"
4335607523,226,1,3,"1,8,5,18"
4335608433,226,1,3,"0,1,13,3"
4335608801,226,1,3,"8,1,5,16"
4335609153,226,1,3,"1,8,5,18"
4336355430,226,1,3,"1,0,8,5"
4335609925,226,1,3,"1,0,8,5"
4335610269,226,1,3,"1,8,5,0"
4412604982,226,1,10,"8,5,1,11"
4616893210,226,4,14,"0,2,3,1"
4616279337,226,4,14,"2,0,22,3"
4616894608,226,4,14,"0,2,3,19"
4616895240,226,4,14,"0,2,1,3"
4616281233,226,4,14,"2,0,3,19"
4616896754,226,4,14,"22,2,0,1"
4616897598,226,4,14,"2,0,1,22"
4616898154,226,4,14,"0,2,3,1"
4616285513,226,4,14,"0,2,3,22"
4616286135,226,4,14,"0,2,3,22"
4616901288,226,4,14,"0,2,22,3"
4616287433,226,4,14,"0,2,1,22"
4616902634,226,4,14,"2,0,22,3"
4616288541,226,4,14,"2,0,3,22"
4616903766,226,4,14,"0,2,22,3"
4616289755,226,4,14,"2,1,0,3"
4616904952,226,4,14,"2,1,0,3"
4616905476,226,4,14,"1,2,0,3"
4616906240,226,4,14,"2,1,0,3"
4616292551,226,4,14,"2,0,3,22"
4616907864,226,4,14,"2,0,3,22"
4616908376,226,4,14,"2,0,3,22"
4616908872,226,4,14,"2,0,3,1"
4616294787,226,4,14,"2,0,3,22"
4616909818,226,4,14,"2,0,22,3"
4616910526,226,4,14,"3,0,2,19"
4616296443,226,4,14,"1,2,0,22"
4616297219,226,4,14,"2,1,0,3"
4616912094,226,4,14,"2,22,0,3"
4616298139,226,4,14,"2,0,22,1"
4616298587,226,4,14,"2,0,22,3"
4616299057,226,4,14,"2,0,22,3"
4616299489,226,4,14,"2,0,3,22"
4616914260,226,4,14,"2,0,22,3"
4616300319,226,4,14,"0,22,2,3"
4616915082,226,4,14,"2,0,22,3"
4616301147,226,4,14,"2,22,0,1"
4616915884,226,4,14,"2,0,22,1"
4616302029,226,4,14,"0,2,22,3"
4616302427,226,4,14,"2,0,1,22"
4616303271,226,4,14,"2,0,22,3"
4616303709,226,4,14,"2,22,0,1"
4616304071,226,4,14,"2,0,3,22"
4616918766,226,4,14,"2,22,0,3"
4616919202,226,4,14,"0,2,3,22"
4616305379,226,4,14,"0,2,3,1"
4616919944,226,4,14,"2,0,3,22"
4616920312,226,4,14,"2,0,22,3"
4616306545,226,4,14,"2,0,22,3"
4616921150,226,4,14,"2,0,22,3"
4850246917,226,6,7,"2,0,1,3"
4850247605,226,6,7,"1,22,0,2"
4850868094,226,6,7,"0,2,22,3"
4850249067,226,6,7,"2,0,3,1"
4850869412,226,6,7,"0,2,1,3"
4850869916,226,6,7,"2,0,22,1"
4850250553,226,6,7,"2,0,3,1"
4850871008,226,6,7,"0,2,3,1"
4850871616,226,6,7,"2,0,22,1"
4850872606,226,6,7,"2,0,22,1"
4850873758,226,6,7,"2,3,0,22"
4850254413,226,6,7,"2,0,3,22"
4850874790,226,6,7,"3,0,2,22"
4850875292,226,6,7,"3,0,1,2"
4850255947,226,6,7,"0,2,22,3"
4850256585,226,6,7,"2,0,22,3"
4850257093,226,6,7,"2,0,1,22"
4850877372,226,6,7,"2,0,22,3"
4850352707,226,6,7,"0,2,1,41"
4850258493,226,6,7,"0,2,1,41"
4850261649,226,6,7,"2,0,3,22"
4850882246,226,6,7,"2,0,3,22"
4850263137,226,6,7,"0,2,1,3"
4850263645,226,6,7,"0,2,1,3"
4850883904,226,6,7,"0,2,1,3"
4850884490,226,6,7,"2,0,22,1"
4850265401,226,6,7,"0,2,1,3"
4850265935,226,6,7,"2,0,22,1"
4850886154,226,6,7,"2,0,3,1"
4850886692,226,6,7,"0,2,1,22"
4850887240,226,6,7,"0,2,22,3"
4850887836,226,6,7,"0,2,22,3"
4850888342,226,6,7,"2,0,3,22"
4850269223,226,6,7,"0,2,22,3"
4850889642,226,6,7,"0,22,1,3"
4850890240,226,6,7,"0,2,22,3"
4850271219,226,6,7,"0,22,2,1"
4850271941,226,6,7,"2,3,0,1"
4850892254,226,6,7,"2,0,3,22"
4850892740,226,6,7,"0,2,1,3"
4850893394,226,6,7,"2,0,3,22"
4850893960,226,6,7,"0,2,3,22"
4850894478,226,6,7,"2,0,22,1"
4850895060,226,6,7,"0,2,22,19"
4850895668,226,6,7,"0,1,2,3"
4850896212,226,6,7,"0,2,22,3"
4850277069,226,6,7,"0,2,3,22"
4850897192,226,6,7,"2,0,22,3"
4850897648,226,6,7,"2,0,3,22"
4850898088,226,6,7,"0,2,3,22"
4850899722,226,7,7,"0,2,1,3"
4850900238,226,7,7,"0,2,22,1"
4850900738,226,7,7,"1,0,2,22"
4850901578,226,7,7,"2,0,22,3"
4850902170,226,7,7,"0,2,22,3"
4850283317,226,7,7,"1,22,3,0"
4850283821,226,7,7,"2,0,22,3"
4850284337,226,7,7,"2,0,3,1"
7961835100,226,8,21,"8,5,4,30"
7961835572,226,8,21,"1,0,5,3"
7961836524,226,8,21,"8,5,1,13"
7961837236,226,8,21,"1,0,3,15"
2188751419,227,9,17,"1,8,13,23"
2188753953,227,9,6,"8,1,5,26"
2076658715,228,11,13,"0,1,2,3"
2628317982,228,5,5,"0,1,3,2"
2618654551,228,5,5,"3,2,0,1"
2618655019,228,5,5,"0,1,2,3"
2618655561,228,5,5,"1,0,3,2"
2618655855,228,5,5,"0,1,3,2"
2619479520,228,5,5,"0,2,1,3"
2887608869,229,8,13,"3,1,0,2"
2888444434,229,8,13,"1,0,2,22"
2888444080,229,8,13,"1,0,2,22"
2888444892,229,8,13,"1,0,2,25"
2888445086,229,8,13,"0,3,1,2"
2888445290,229,8,13,"0,3,1,2"
2887610555,229,8,13,"0,1,2,3"
2887610831,229,8,13,"1,2,0,3"
2888446098,229,8,13,"0,2,1,3"
2887611353,229,8,13,"2,3,0,1"
2888446380,229,8,13,"1,2,0,3"
2887611689,229,8,13,"2,0,3,1"
2888446796,229,8,13,"2,0,3,1"
2887612035,229,8,13,"2,0,3,1"
2887612327,229,8,13,"2,0,1,3"
2887612589,229,8,13,"0,2,3,1"
2887612935,229,8,13,"0,1,2,22"
2887613159,229,8,13,"0,2,3,1"
2888448324,229,8,13,"0,2,3,1"
2887613543,229,8,13,"2,1,0,3"
2887613677,229,8,13,"2,0,1,3"
2887613885,229,8,13,"2,0,3,1"
2887614153,229,8,13,"2,0,1,3"
2887614851,229,8,13,"0,2,1,3"
2887615037,229,8,13,"2,0,3,1"
2888450114,229,8,13,"2,0,1,3"
2888450408,229,8,13,"0,1,13,2"
2887616587,229,8,13,"0,1,3,15"
2888451746,229,8,13,"0,1,15,3"
2887617411,229,8,13,"0,1,3,2"
2887617657,229,8,13,"0,3,2,1"
7373225510,229,5,4,"0,1,2,3"
7187994981,229,5,4,"0,1,2,3"
7187996233,229,5,4,"0,2,3,1"
9094397154,229,5,6,"0,1,3,2"
5522884188,230,2,2,"3,0,1,2"
5522295385,230,2,2,"0,3,2,1"
8708889285,230,4,4,"0,2,1,3"
8710013850,230,4,4,"0,1,5,20"
8710015134,230,4,14,"0,1,2,3"
8710016242,230,4,14,"8,1,5,11"
7606976472,231,11,9,"2,0,3,1"
7538567592,231,1,9,"0,19,3,22"
7917820214,231,1,9,"0,26,22,33"
8105706328,231,2,9,"0,3,1,2"
7701170982,231,2,9,"3,0,2,1"
7621687978,231,2,9,"0,1,3,2"
7514466442,231,2,7,"0,1,2,3"
8142704575,231,3,9,"0,2,1,3"
7565664006,231,3,9,"0,2,3,22"
7543412294,231,4,9,"0,2,3,1"
7571658430,231,4,9,"3,0,2,1"
7652511500,231,6,9,"0,3,2,1"
7930085478,231,6,9,"2,0,3,1"
7693571110,231,6,9,"1,0,3,8"
7659679054,231,6,9,"2,0,3,1"
7652499152,231,6,9,"0,2,3,1"
7652494884,231,6,9,"0,3,2,1"
7798437272,231,7,9,"0,2,1,3"
7796828590,231,7,9,"0,2,3,1"
7802979004,231,7,9,"1,0,3,2"
7843616186,231,7,9,"0,2,3,22"
7842306716,231,7,9,"0,3,2,1"
7895320662,231,7,9,"3,2,0,1"
7906473048,231,7,9,"0,2,3,1"
7944493288,231,8,9,"0,2,3,1"
7944499032,231,8,9,"3,0,1,2"
7944495784,231,8,9,"1,3,0,2"
7944487800,231,8,9,"0,3,2,1"
8254582681,231,8,2,"0,2,3,1"
8551173171,231,8,2,"2,1,3,0"
8042826378,231,8,9,"3,0,2,1"
8048721823,231,8,9,"0,2,1,3"
8054164707,231,9,9,"0,2,1,3"
8053876481,231,9,9,"1,0,3,2"
8080706956,231,9,9,"1,0,2,22"
8103014741,231,9,9,"2,1,0,22"
8099973111,231,9,9,"0,1,2,3"
8122977360,231,9,9,"0,3,2,1"
8130987978,231,9,9,"1,0,3,2"
8132354197,231,9,9,"0,2,3,22"
8155976901,231,10,9,"0,1,2,3"
8148621578,231,10,9,"0,2,3,1"
8162630993,231,10,9,"0,2,3,1"
8149123590,231,10,9,"0,2,3,1"
8213380647,231,10,2,"0,3,2,1"
8575204731,231,2,0,"0,2,3,1"
8572311147,231,2,0,"0,3,2,1"
8655544055,231,3,9,"3,2,0,1"
8723269894,231,4,0,"1,0,8,3"
4713261777,232,5,12,"1,0,2,3"
4713900996,232,5,6,"8,5,30,31"
4713901526,232,5,5,"1,0,2,3"
6058682449,237,7,12,"1,0,2,3"
6058685111,237,7,12,"0,1,2,3"
6058687515,237,7,12,"0,1,2,3"
6059237640,237,7,12,"0,2,3,1"
6059239756,237,7,12,"0,2,1,3"
6059242350,237,7,12,"0,1,2,3"
6059245316,237,7,12,"2,0,3,1"
6058703781,237,7,12,"2,1,0,3"
6059253578,237,7,12,"0,2,1,3"
6059255422,237,7,12,"0,2,22,3"
6058710811,237,7,12,"0,2,3,22"
6059260098,237,7,12,"0,2,1,3"
6058715667,237,7,12,"8,33,5,9"
6058718931,237,7,1,"8,1,5,16"
6058722283,237,7,1,"1,8,5,28"
6059272984,237,7,1,"8,5,1,16"
6058729125,237,7,10,"8,5,1,16"
6058731163,237,7,10,"1,5,8,28"
1658612922,238,8,15,"8,1,5,4"
1428208597,238,8,15,"1,5,8,4"
1429098136,238,8,6,"1,8,5,4"
3414699928,238,2,17,"8,5,30,10"
3413899865,238,2,17,"8,5,30,33"
3414709346,238,2,12,"1,8,5,54"
3414713788,238,2,12,"8,5,1,10"
3414719110,238,2,12,"8,5,1,10"
7136963727,240,4,1,"1,0,8,18"
7165978533,240,5,1,"1,0,5,6"
7351200780,240,5,12,"1,8,5,4"
7351202436,240,5,12,"1,4,0,5"
7351202730,240,5,12,"1,0,5,18"
7351201616,240,5,12,"1,5,8,26"
7351203412,240,5,12,"1,8,5,4"
7165992779,240,5,12,"8,5,1,4"
7165991121,240,5,12,"0,1,2,3"
7351203062,240,5,12,"0,1,2,3"
7351201328,240,5,12,"1,8,5,23"
7351201896,240,5,12,"1,0,18,8"
7165989945,240,5,12,"0,1,2,22"
8112539151,241,9,1,"8,1,0,3"
8112539043,241,9,1,"1,8,5,16"
8150151833,241,9,1,"1,8,5,0"
8148293469,241,9,3,"1,0,3,18"
8148327212,241,9,3,"1,0,2,3"
2528229433,243,4,9,"0,3,2,1"
2529049934,243,4,9,"3,2,0,1"
2528230249,243,4,9,"0,2,3,22"
2529050822,243,4,9,"3,2,0,1"
2551948369,243,5,6,"8,1,5,16"
2588893690,243,5,12,"8,5,1,16"
2588894258,243,5,12,"1,8,0,5"
2588058711,243,5,12,"8,1,5,16"
2588058931,243,5,12,"1,8,5,11"
2588059569,243,5,12,"1,0,22,8"
2588893928,243,5,12,"1,0,8,5"
2588059093,243,5,12,"8,5,1,16"
2588894654,243,5,12,"5,8,1,11"
2764974389,243,6,21,"8,5,30,4"
2764973187,243,6,21,"8,5,4,30"
2764973553,243,6,21,"0,31,30,26"
2764974583,243,6,21,"2,0,1,3"
2709389730,243,6,21,"8,1,5,4"
2764973997,243,6,21,"8,5,30,31"
2768987530,243,6,21,"5,8,33,0"
2768141261,243,6,21,"0,22,1,8"
2768987194,243,6,21,"0,2,1,17"
2971211973,243,9,9,"0,2,3,1"
2972055542,243,9,9,"1,0,3,2"
2969903617,243,9,9,"1,0,3,8"
2971212765,243,9,9,"3,0,2,1"
2972056168,243,9,9,"1,8,5,7"
2971212237,243,9,9,"1,0,3,8"
2996549956,243,9,6,"1,8,18,5"
3656735523,243,5,12,"31,5,26,30"
3656750527,243,5,12,"0,22,2,3"
3657544876,243,5,12,"1,0,8,5"
3656751347,243,5,12,"0,1,30,31"
3656751517,243,5,12,"0,26,31,5"
3657529954,243,5,12,"0,30,31,43"
3657530308,243,5,12,"1,8,5,0"
3657545790,243,5,12,"0,31,26,1"
3657530680,243,5,12,"0,1,8,5"
3657530922,243,5,12,"1,8,5,11"
4184050665,243,11,1,"1,8,5,3"
4869749124,243,6,3,"1,0,5,21"
4869749480,243,6,3,"0,1,22,2"
4869136429,243,6,3,"1,5,8,13"
4869136959,243,6,3,"1,5,8,13"
4869750908,243,6,3,"1,0,2,3"
4869751228,243,6,3,"1,5,13,8"
4869751468,243,6,3,"8,5,1,11"
4869751912,243,6,3,"0,2,1,3"
4880292572,243,6,21,"5,0,1,2"
4880292260,243,6,21,"0,2,22,3"
4880292848,243,6,21,"5,8,22,0"
4869257029,243,6,21,"1,0,2,30"
4887953368,243,6,21,"0,2,37,22"
4897791958,243,6,21,"0,33,2,3"
4869257451,243,6,21,"1,0,2,3"
4887953464,243,6,21,"0,2,1,17"
4887953594,243,6,21,"0,1,5,22"
4897197791,243,6,21,"5,8,0,1"
4897792522,243,6,21,"0,5,2,22"
4869871414,243,6,21,"0,30,33,5"
4882858453,243,7,9,"8,5,1,10"
4882858997,243,7,9,"1,0,2,20"
400910007,244,1,1,"8,5,1,4"
2728342073,244,7,1,"1,0,2,3"
4929488613,244,7,2,"1,0,2,5"
4930090594,244,7,6,"2,0,1,3"
8192087071,244,10,3,"1,8,13,21"
8193172374,244,10,2,"1,8,0,5"
8193170916,244,10,3,"1,0,8,5"
8193169442,244,10,3,"0,1,3,2"
8193167740,244,10,3,"0,1,3,8"
8193124018,244,10,2,"1,0,3,2"
8193122628,244,10,2,"1,3,0,8"
8193121332,244,10,1,"1,8,0,5"
8395126885,244,0,2,"1,0,13,23"
8395058465,244,0,3,"2,0,3,1"
8395056119,244,0,3,"2,0,3,1"
8396137152,244,0,3,"0,2,3,1"
8396133246,244,0,3,"0,2,1,38"
8396130046,244,0,3,"0,2,3,1"
8395044579,244,0,3,"0,2,22,3"
8395042067,244,0,3,"0,2,1,3"
8395039441,244,0,2,"1,5,0,8"
8396119244,244,0,2,"0,1,5,22"
8396115432,244,0,2,"1,0,3,2"
8396112356,244,0,2,"0,1,22,5"
8396109212,244,0,2,"1,0,5,22"
8395022235,244,0,2,"1,0,5,3"
8395019053,244,0,2,"0,1,3,2"
8395014741,244,0,5,"0,1,2,22"
8444828110,244,1,2,"1,8,5,18"
8443735943,244,1,3,"3,2,0,1"
8443733619,244,1,3,"2,0,3,19"
8444821006,244,1,3,"3,0,2,19"
8444818566,244,1,3,"3,0,2,19"
8444816542,244,1,3,"3,2,0,19"
8443725525,244,1,3,"0,3,2,1"
8444812388,244,1,3,"0,2,3,22"
8444810086,244,1,3,"0,2,3,1"
8444803910,244,1,5,"2,0,1,3"
9059713268,244,5,3,"0,2,22,3"
9057482625,244,5,3,"0,2,3,22"
9059720066,244,5,3,"0,2,3,22"
9057500165,244,5,3,"0,2,22,3"
9059732142,244,5,3,"3,0,2,1"
9059740520,244,5,3,"2,3,0,1"
9059747766,244,5,3,"2,3,0,1"
9059749562,244,5,5,"0,1,22,2"
9059755372,244,5,5,"0,1,2,3"
13647729674,244,3,1,"1,0,2,3"
13647576834,244,3,1,"0,1,2,3"
13647593934,244,3,1,"1,0,2,8"
13647325965,244,3,2,"1,5,8,11"
13647335143,244,3,9,"1,5,8,7"
13647406115,244,3,1,"0,1,2,22"
13647445003,244,3,1,"1,8,5,22"
13647786734,244,3,3,"1,0,22,19"
13647686654,244,3,1,"1,0,19,5"
13647219975,244,3,1,"1,0,3,2"
13647704364,244,3,1,"1,5,8,28"
13647195133,244,3,1,"1,5,8,0"
3265580763,245,1,21,"8,5,33,10"
3265580885,245,1,21,"8,5,1,10"
3265581007,245,1,10,"0,1,2,3"
3906651547,245,8,7,"1,0,3,2"
2328856791,246,2,12,"2,0,3,1"
2328830449,246,2,12,"2,1,0,3"
2328830579,246,2,12,"0,2,1,3"
2329652934,246,2,12,"0,1,2,41"
2328830867,246,2,12,"0,1,2,3"
2328831021,246,2,12,"0,1,2,3"
2328831701,246,2,18,"1,8,5,6"
2329679202,246,2,12,"2,0,3,1"
4364565723,248,1,3,"1,0,2,3"
4367208963,248,1,3,"2,0,1,3"
4369758723,248,1,3,"1,8,5,18"
4378413955,248,1,3,"2,0,1,3"
4384912284,248,1,3,"2,0,1,3"
4384987370,248,1,5,"1,8,2,5"
4386730833,248,1,2,"1,2,0,3"
4390216659,248,1,3,"2,0,1,3"
4397690293,248,2,3,"0,2,1,25"
4402409896,248,2,3,"8,1,5,11"
4401648475,248,2,3,"1,0,8,18"
4401652015,248,2,1,"8,5,16,11"
4405217008,248,2,3,"1,0,2,24"
4405223606,248,2,3,"0,1,2,20"
4408047147,248,2,3,"0,1,2,3"
4422316793,248,2,3,"1,0,5,7"
4903518183,248,7,3,"0,2,3,1"
4931704962,248,7,3,"1,0,2,5"
5117039407,248,9,3,"0,1,2,5"
5164433226,248,10,3,"0,2,3,1"
5267963123,248,11,3,"1,0,2,40"
5267968353,248,11,3,"1,2,0,3"
5285584294,248,11,3,"0,2,1,3"
5297002914,248,11,1,"0,2,1,3"
5363122963,248,0,3,"1,0,5,2"
5514985110,248,2,3,"0,2,1,25"
5594718323,248,3,12,"0,2,1,3"
5595344042,248,3,12,"1,0,3,2"
5733438598,248,4,1,"2,0,3,1"
5739269485,248,4,21,"0,2,1,3"
5739312007,248,4,21,"1,8,5,11"
5862620285,248,5,3,"0,2,3,1"
6637994791,248,0,3,"1,0,2,3"
6764385227,248,0,3,"0,1,3,2"
7929291900,248,8,3,"2,0,1,25"
7955426180,248,8,12,"2,0,1,3"
7955431334,248,8,12,"2,1,3,0"
7955435906,248,8,12,"2,0,3,1"
7956209018,248,8,12,"0,1,3,2"
8033413801,248,8,3,"1,3,0,2"
8033415497,248,8,3,"0,3,2,1"
8286499609,248,11,3,"0,1,2,3"
8286508409,248,11,3,"0,1,2,22"
8537544278,248,2,3,"2,0,1,3"
8911872452,248,5,14,"0,2,3,1"
8946886817,248,5,3,"1,2,0,3"
9305377979,248,6,3,"0,2,1,3"
9321185988,248,6,3,"0,2,3,1"
9318434793,248,6,3,"8,10,5,11"
9321263534,248,6,3,"8,33,0,30"
9835400934,248,8,3,"0,2,1,8"
11464267526,248,11,3,"0,2,1,17"
11464151785,248,11,3,"0,2,1,3"
11464203214,248,11,3,"0,2,1,8"
11464166155,248,11,3,"0,2,1,3"
11464324023,248,11,3,"0,2,3,1"
11464175655,248,11,3,"3,0,2,19"
11464225284,248,11,3,"0,3,2,1"
11464400833,248,11,3,"0,2,1,5"
11464433765,248,11,3,"0,2,3,22"
12433778723,248,1,12,"2,0,3,33"
4860823195,249,6,1,"1,0,2,5"
4860822147,249,6,6,"1,8,5,11"
4840031503,249,6,10,"1,0,18,8"
4847263048,249,6,6,"1,0,2,18"
4846642785,249,6,6,"1,0,5,2"
4861442438,249,6,6,"1,8,5,18"
4820515949,249,6,6,"0,1,2,18"
4861443578,249,6,6,"0,2,1,3"
4866957604,249,6,6,"1,8,0,5"
4846644031,249,6,6,"1,0,5,22"
4826561003,249,6,10,"8,5,1,28"
4840643508,249,6,10,"8,1,5,0"
4840031233,249,6,10,"1,0,18,5"
4840030571,249,6,10,"0,1,2,5"
4860823641,249,6,10,"0,1,18,3"
4847262642,249,6,10,"0,2,1,18"
4827168782,249,6,10,"0,2,1,3"
4840642628,249,6,10,"0,2,3,1"
4826560175,249,6,10,"1,0,2,3"
4866341563,249,6,10,"0,18,1,2"
759768667,250,5,3,"1,0,2,18"
760624198,250,5,2,"0,1,2,3"
1237860917,250,7,2,"1,0,2,3"
1237879417,250,7,2,"1,0,3,2"
1238757460,250,7,2,"1,0,3,2"
1238764212,250,7,2,"0,2,1,3"
1228031352,250,7,2,"3,2,0,1"
1228031498,250,7,2,"1,0,2,3"
1227171671,250,7,2,"3,1,0,2"
1237923225,250,7,2,"1,0,3,18"
1237932359,250,7,2,"1,3,0,8"
1238807712,250,7,2,"0,1,3,2"
1227621267,250,7,2,"0,3,2,1"
1238817986,250,7,2,"0,2,1,3"
1238828532,250,7,2,"1,5,8,0"
1237980405,250,7,2,"2,0,22,1"
1237986645,250,7,2,"0,2,1,3"
1237994157,250,7,2,"1,0,5,54"
1229137418,250,7,2,"1,5,0,22"
1238003143,250,7,2,"1,0,2,3"
1238011141,250,7,2,"0,2,1,22"
1238022995,250,7,2,"0,1,15,3"
1238030959,250,7,2,"0,22,2,1"
1228492259,250,7,2,"1,0,2,3"
1238903582,250,7,2,"0,1,22,19"
1238052175,250,7,2,"0,1,22,15"
1238927110,250,7,2,"1,0,5,18"
1238938788,250,7,2,"0,1,2,22"
1238090977,250,7,2,"0,1,2,24"
1238101791,250,7,2,"0,1,2,3"
1238108551,250,7,2,"1,0,5,21"
1238980504,250,7,2,"0,3,2,1"
1238992422,250,7,2,"2,0,3,1"
1239008172,250,7,2,"0,3,2,1"
1240525130,250,7,2,"0,2,1,3"
1239669397,250,7,2,"1,2,0,3"
1240544580,250,7,2,"0,1,2,3"
1240037688,250,7,2,"0,1,2,3"
1240047730,250,7,2,"0,1,2,3"
1239195343,250,7,2,"0,1,2,3"
1240067232,250,7,2,"2,0,3,1"
7229514578,251,4,9,"1,0,26,53"
7229517162,251,4,9,"1,0,7,2"
7229520224,251,4,9,"0,1,2,53"
7229522490,251,4,9,"1,0,2,3"
7229524496,251,4,9,"1,0,3,2"
8729302854,251,3,3,"1,18,8,3"
8729303568,251,3,3,"8,1,5,16"
7393960842,252,5,3,"0,2,38,22"
7393958930,252,5,9,"0,2,1,3"
2104455461,254,3,10,"1,0,13,2"
2104455553,254,3,10,"2,1,0,18"
2105234006,254,3,10,"0,2,1,3"
2104455687,254,3,10,"2,1,0,3"
2105234146,254,3,10,"1,0,2,3"
2105234212,254,3,10,"1,0,2,3"
2105234276,254,3,10,"1,8,5,16"
2105234348,254,3,10,"8,5,1,4"
2105234446,254,3,10,"8,1,5,18"
2105242044,254,4,1,"0,1,2,3"
2427093310,254,3,1,"0,1,2,3"
2427094400,254,3,1,"0,2,1,3"
3910303391,258,7,3,"1,5,8,18"
3910306513,258,7,2,"5,1,8,9"
3911106012,258,7,2,"0,1,2,3"
3910324021,258,7,2,"8,5,10,11"
3910332647,258,7,19,"4,5,8,30"
3910352399,258,7,19,"30,0,31,43"
3911138584,258,7,19,"8,5,4,1"
3910366287,258,7,19,"0,30,5,46"
3911152316,258,7,0,"1,5,8,0"
3911154486,258,7,10,"8,5,1,28"
3911156842,258,7,10,"5,8,4,16"
3910375965,258,7,10,"1,0,5,8"
3911161902,258,7,10,"5,8,1,13"
3911164226,258,7,1,"1,8,5,18"
3910382863,258,7,3,"1,5,8,16"
3911169690,258,7,1,"2,0,3,1"
5942131945,259,3,2,"1,8,5,16"
5942132389,259,3,2,"1,0,13,23"
5942132713,259,3,5,"0,22,2,1"
5942129151,259,3,18,"1,8,5,18"
5764692797,259,3,9,"0,1,2,3"
5754913826,259,4,9,"1,2,0,3"
5754529922,259,4,9,"1,0,2,3"
5755106752,259,4,9,"1,0,2,3"
5753983671,259,4,9,"1,0,2,6"
7170075506,259,4,2,"1,0,2,21"
7170074720,259,4,2,"1,0,13,23"
7170074138,259,4,9,"1,0,5,13"
7787371698,259,7,8,"1,0,3,2"
7787373232,259,7,8,"1,8,5,11"
8002845696,259,8,13,"1,0,5,8"
8002844255,259,8,13,"1,0,2,3"
8002845155,259,8,13,"1,5,8,18"
11265399273,261,10,4,"1,0,2,3"
11265389855,261,10,6,"8,1,5,18"
11265492513,261,10,6,"8,4,26,5"
11265596615,261,10,4,"0,2,1,38"
11265643716,261,10,4,"0,2,1,17"
11265657454,261,10,4,"0,2,1,38"
11265636454,261,10,4,"0,3,1,2"
11265726496,261,10,10,"8,5,4,1"
11265754366,261,10,10,"30,31,26,0"
11265795333,261,10,10,"5,8,28,1"
11265767706,261,10,10,"8,5,1,18"
6876524217,263,1,3,"1,10,11,8"
6887241345,263,1,3,"1,8,5,13"
6826594500,263,2,0,"8,5,1,10"
7042535343,263,3,3,"0,1,2,5"
6912189172,263,3,0,"0,2,1,3"
7425018090,263,5,0,"0,1,2,3"
7944825446,263,8,21,"2,3,0,1"
10462220934,264,9,2,"0,2,3,1"
12281478663,264,9,1,"1,8,5,7"
12281879286,264,9,1,"1,5,8,28"
9222995885,267,5,9,"1,0,2,3"
9225789206,267,5,9,"0,1,2,3"
9223010809,267,5,1,"8,1,5,18"
9277259145,267,5,1,"1,2,0,3"
7643705136,273,6,5,"1,0,2,3"
7643711302,273,6,5,"0,1,5,8"
7643716296,273,6,5,"1,0,3,2"
7616539102,273,6,12,"0,1,2,40"
7616546374,273,6,5,"1,0,2,3"
7616543748,273,6,10,"26,31,5,8"
7616537670,273,6,5,"1,5,8,15"
7616535594,273,6,5,"1,0,5,13"
4398667973,279,2,13,"1,8,5,16"
4399461970,279,2,13,"8,1,5,9"
4399461048,279,2,13,"1,5,8,7"
4398693009,279,2,13,"1,8,5,9"
4399458800,279,2,13,"1,5,8,0"
4399457458,279,2,13,"1,8,5,18"
5012490155,279,8,5,"1,0,13,7"
10479340653,281,9,5,"1,0,3,13"
10479244396,281,9,1,"1,4,8,5"
2126126891,283,10,9,"0,2,1,3"
2126902932,283,10,2,"0,1,2,6"
3101783507,288,10,10,"8,5,26,31"
3101784589,288,10,10,"0,1,3,2"
3101785425,288,10,10,"8,5,1,18"
3102622820,288,10,10,"0,1,2,34"
3102623828,288,10,1,"8,1,5,11"
3102625104,288,10,3,"3,0,1,2"
4998390544,288,8,1,"1,0,5,8"
4997816749,288,8,2,"2,0,1,3"
5108323816,288,9,16,"0,3,2,33"
5110514766,288,9,23,"4,0,44,30"
5164985697,288,10,0,"3,0,1,2"
5165599858,288,10,0,"0,2,1,3"
7728542576,288,5,3,"2,1,0,22"
7728547814,288,5,3,"2,0,22,1"
7728552628,288,5,5,"1,8,5,9"
8183614458,288,10,23,"1,8,5,0"
175602481,289,5,9,"1,0,2,3"
176475930,289,6,1,"8,5,1,11"
176475933,289,6,1,"0,1,2,17"
