10457209566,0,9,0,"9,3,15,10"
10457230705,0,9,0,"3,1,9,10"
10457212254,0,9,1,"2,0,7,6"
10457234086,0,9,2,"1,10,3,41"
10457424463,0,9,2,"1,3,10,9"
10457557503,0,9,2,"9,3,1,10"
10457393115,0,9,2,"10,9,3,1"
10457373574,0,9,2,"3,9,1,10"
10457379946,0,9,2,"3,10,9,1"
10457568033,0,9,2,"3,9,1,15"
10457571273,0,9,2,"3,9,1,10"
10457388106,0,9,2,"3,9,1,10"
10457387674,0,9,3,"2,0,1,26"
8655431797,1,2,0,"1,3,10,22"
8655431519,1,2,0,"1,3,9,12"
8655431217,1,2,0,"3,1,10,9"
8655430899,1,2,0,"1,12,13,2"
8655429225,1,2,0,"3,1,9,40"
8655429017,1,2,0,"1,3,10,14"
8655428709,1,2,0,"3,9,1,10"
8655428413,1,2,2,"1,3,10,9"
8656532618,1,2,2,"1,3,10,9"
8656532274,1,2,4,"3,1,9,39"
8656444951,1,2,5,"1,0,2,35"
8657550102,1,2,5,"1,0,2,3"
8656444509,1,2,5,"1,2,0,35"
8657549720,1,2,5,"1,3,0,40"
8656444107,1,2,5,"1,2,0,22"
8657549354,1,2,5,"3,1,0,2"
8657549120,1,2,6,"1,2,0,35"
8656443027,1,2,1,"1,3,0,2"
8657548132,1,2,1,"3,1,9,10"
8656442641,1,2,1,"1,3,9,40"
8657547800,1,2,1,"3,1,9,10"
8657547634,1,2,1,"1,2,0,27"
8656442117,1,2,1,"1,3,9,12"
8657547320,1,2,1,"1,3,0,19"
8656424273,1,2,1,"3,1,0,9"
8657547150,1,2,1,"3,1,9,40"
8657546994,1,2,1,"3,1,9,19"
5594442060,2,3,7,"9,3,1,10"
5605262602,2,3,1,"3,9,20,1"
8085075023,2,9,8,"1,3,0,9"
8085080538,2,9,8,"3,1,9,5"
8091888943,3,4,2,"3,9,1,15"
8091895016,3,4,2,"3,1,17,0"
8091889707,3,4,2,"3,9,1,10"
8091896034,3,4,9,"1,0,3,2"
8091890841,3,4,10,"0,25,2,11"
8091896818,3,4,10,"3,11,0,2"
8091891501,3,4,10,"3,11,2,25"
8091897536,3,4,5,"3,1,9,16"
8091899804,3,4,11,"3,1,9,10"
3678685434,8,5,9,"1,0,2,31"
3670952821,8,5,9,"3,1,9,10"
3654003298,8,5,9,"3,1,9,22"
3656242351,8,5,3,"0,2,1,4"
2223428948,14,3,2,"1,3,9,10"
1984976268,14,5,17,"1,12,13,50"
1885704387,14,8,7,"3,1,9,10"
3451098894,18,3,12,"2,0,1,25"
3475585464,18,3,18,"3,1,9,10"
3475585814,18,3,18,"3,1,0,11"
3475586262,18,3,18,"3,1,0,11"
3460762142,18,3,1,"2,0,1,4"
3459944509,18,3,1,"1,2,0,4"
3460761358,18,3,1,"1,0,2,4"
3479367560,18,3,1,"2,0,4,20"
3478558655,18,3,1,"2,0,4,20"
3504349406,18,3,12,"1,3,10,22"
6972404886,19,3,6,"1,2,0,27"
7158158250,19,3,1,"2,0,4,20"
8617087109,19,3,1,"2,0,1,4"
7105928043,19,3,1,"3,1,0,2"
3269984902,20,1,6,"3,6,7,8"
3269164213,20,1,6,"3,1,10,9"
3269984954,20,1,6,"3,9,1,20"
3269985000,20,1,6,"1,0,2,3"
3269985150,20,1,5,"2,0,1,6"
3269985510,20,1,6,"1,0,2,3"
3269985558,20,1,6,"1,3,0,41"
5627184167,23,3,2,"3,1,9,10"
5895728670,23,6,16,"3,9,1,10"
6348975779,23,10,6,"1,0,2,46"
3520200191,24,3,3,"2,0,1,26"
3520200981,24,3,3,"2,1,0,4"
3521013302,24,3,3,"1,3,9,43"
3520202513,24,3,3,"2,0,26,1"
3520203173,24,3,3,"2,0,26,1"
3520203693,24,3,3,"2,1,0,22"
3521015914,24,3,3,"2,0,26,4"
3520204957,24,3,3,"2,0,26,20"
3521017040,24,3,3,"2,0,26,4"
3521017564,24,3,3,"2,0,26,27"
3521018116,24,3,3,"2,26,0,29"
3521018882,24,3,3,"1,2,0,22"
3520208021,24,3,3,"2,0,1,26"
3521020684,24,3,3,"2,0,1,22"
3520209833,24,3,3,"2,0,1,22"
3520208619,24,3,3,"2,0,1,26"
3520210459,24,3,3,"2,1,0,22"
3520211119,24,3,3,"1,2,0,22"
3520211703,24,3,3,"2,0,26,1"
3521024626,24,3,3,"2,0,26,1"
3521023914,24,3,3,"2,0,26,1"
3520214737,24,3,3,"2,0,26,1"
3520213833,24,3,3,"2,0,26,1"
3521026818,24,3,3,"2,0,26,1"
3521027670,24,3,3,"2,0,26,1"
3521028550,24,3,3,"2,0,26,4"
3521029098,24,3,3,"2,0,26,1"
3521029948,24,3,3,"2,0,26,1"
3521030788,24,3,3,"1,3,9,35"
3521031732,24,3,3,"1,3,9,10"
3520222183,24,3,3,"0,1,7,6"
3521034512,24,3,3,"1,3,0,5"
3521035314,24,3,3,"0,1,2,4"
3521041364,24,3,1,"2,0,4,7"
3521042300,24,3,1,"0,2,1,6"
3520231789,24,3,1,"0,1,2,4"
3520232469,24,3,1,"2,0,1,4"
3528090103,25,4,0,"1,3,10,0"
3528091253,25,4,0,"3,1,9,10"
3979950961,25,9,16,"1,3,9,40"
7812437350,29,7,17,"9,3,10,1"
8058462466,29,9,17,"3,9,10,1"
8212221087,29,10,1,"0,1,2,4"
8212244043,29,10,1,"0,2,26,1"
8212250687,29,10,1,"1,0,3,2"
8212274663,29,10,1,"1,3,9,40"
10706739173,29,10,17,"3,9,10,1"
11902505086,29,0,17,"3,9,10,1"
2518664298,31,4,20,"1,3,10,9"
2517845479,31,4,20,"1,3,10,9"
2560699215,31,5,8,"1,0,2,4"
2561521836,31,5,8,"1,2,0,3"
2959678807,31,9,8,"1,0,2,12"
3163514360,31,0,21,"1,0,2,41"
3777861952,31,6,8,"1,3,10,12"
3777862456,31,6,8,"1,3,2,10"
3777059685,31,6,8,"1,2,10,22"
3915097912,31,8,20,"1,3,10,9"
3914313451,31,8,20,"1,3,10,0"
4238755375,31,11,16,"3,1,9,10"
5306920156,32,11,15,"1,0,2,3"
5306330761,32,11,15,"1,3,0,10"
5306923466,32,11,15,"1,0,2,4"
5306925072,32,11,15,"1,0,2,4"
5306926600,32,11,15,"0,1,2,4"
5306927876,32,11,15,"1,3,9,12"
5306338277,32,11,15,"2,0,1,4"
5306931226,32,11,15,"1,0,2,3"
5306933370,32,11,15,"1,3,0,2"
5306343159,32,11,15,"1,3,10,9"
5306344805,32,11,15,"2,0,11,6"
5306347775,32,11,15,"1,0,30,3"
5306349649,32,11,15,"2,1,0,4"
5306350773,32,11,15,"1,12,3,13"
5306352245,32,11,15,"3,1,0,7"
5306945210,32,11,15,"1,3,10,9"
5306946208,32,11,15,"1,3,2,0"
5306947546,32,11,15,"1,2,0,3"
5306948736,32,11,15,"1,2,0,31"
5306358121,32,11,15,"1,2,0,22"
5306359263,32,11,15,"1,2,22,0"
5306951998,32,11,15,"1,2,22,0"
5306953620,32,11,15,"1,3,2,22"
5306955198,32,11,15,"1,3,10,9"
5306956416,32,11,15,"1,3,10,9"
5306956552,32,11,15,"1,10,3,2"
5306958098,32,11,15,"1,3,10,2"
5306368751,32,11,15,"1,2,3,0"
5306961860,32,11,15,"1,3,2,10"
5306372889,32,11,15,"1,2,3,0"
5306374821,32,11,15,"1,2,3,10"
5306376189,32,11,15,"1,10,3,9"
5306378071,32,11,15,"1,3,2,10"
5306971188,32,11,15,"1,3,10,2"
5306381193,32,11,15,"1,3,2,10"
5306382705,32,11,15,"1,10,3,9"
5306383739,32,11,15,"1,2,10,3"
5306384585,32,11,15,"1,2,0,22"
5306385531,32,11,15,"1,2,0,10"
5306979294,32,11,15,"1,10,3,2"
5543079687,32,2,22,"3,9,10,1"
5543660244,32,2,22,"3,1,9,10"
5543662270,32,2,22,"3,9,1,10"
5544005656,32,2,16,"3,1,9,10"
2379461395,33,2,5,"2,0,1,4"
2379461543,33,2,5,"1,2,0,35"
2379461695,33,2,5,"1,2,0,12"
2380298636,33,2,5,"3,9,1,10"
2380298760,33,2,6,"1,2,0,4"
2379462107,33,2,6,"1,2,0,13"
2380299150,33,2,6,"1,3,10,9"
2380299334,33,2,6,"2,1,0,4"
2379462709,33,2,6,"2,1,0,26"
2379462847,33,2,6,"1,2,0,35"
2380299818,33,2,6,"3,9,1,10"
2379463095,33,2,6,"1,3,9,35"
2380300088,33,2,6,"3,11,6,20"
2379463427,33,2,6,"3,1,36,20"
2380300382,33,2,6,"3,11,25,6"
2379463765,33,2,6,"3,9,11,6"
2379463897,33,2,6,"2,1,0,3"
2380310748,33,2,6,"3,10,1,9"
2380310868,33,2,6,"3,20,21,10"
2379474455,33,2,6,"3,23,28,10"
2380311096,33,2,6,"3,10,9,1"
2379474733,33,2,6,"20,2,26,0"
2380311564,33,2,6,"3,7,6,8"
2379475177,33,2,6,"3,9,20,38"
2379475363,33,2,6,"3,1,9,0"
2380312104,33,2,6,"3,20,6,11"
2379475721,33,2,6,"3,11,6,0"
2379475891,33,2,6,"3,1,10,2"
2379476069,33,2,6,"3,1,2,25"
2380312810,33,2,6,"3,1,9,10"
2380312964,33,2,6,"3,1,10,9"
2379476453,33,2,6,"2,26,0,1"
2380313216,33,2,6,"3,9,10,1"
2380313390,33,2,6,"1,3,9,10"
2379476971,33,2,6,"3,9,33,68"
2379477449,33,2,22,"3,9,10,15"
5914870638,34,6,0,"3,1,9,10"
6363645627,34,10,16,"1,3,10,9"
8666432237,34,3,17,"1,3,22,0"
2128402684,35,10,1,"3,9,1,10"
2068252693,35,10,3,"1,0,2,3"
2069053196,35,10,3,"1,2,0,22"
2069056262,35,10,3,"1,2,0,22"
2092871216,35,10,3,"3,9,1,10"
2068264995,35,10,3,"2,0,1,26"
2068269681,35,10,3,"2,1,0,26"
2068270969,35,10,3,"2,1,0,27"
2068275031,35,10,3,"1,2,0,26"
2068276693,35,10,3,"1,3,10,2"
2068296353,35,10,3,"1,3,10,22"
2069094442,35,10,3,"10,3,9,1"
5062301579,37,8,1,"2,0,6,11"
5062301913,37,8,1,"2,0,4,1"
5062303171,37,8,2,"1,0,2,3"
5062915214,37,8,2,"3,1,9,10"
5062303971,37,8,2,"1,0,2,22"
10529523064,38,9,15,"3,9,1,10"
10548549473,38,9,6,"3,23,28,20"
6627056651,40,11,5,"1,3,0,2"
6627058097,40,11,5,"1,3,9,39"
6627060037,40,11,5,"3,1,9,10"
6627062403,40,11,5,"3,1,9,10"
6627063789,40,11,6,"2,0,18,29"
6627065103,40,11,6,"3,1,9,38"
6627066221,40,11,6,"3,9,1,10"
6627067503,40,11,6,"3,9,20,10"
6627068871,40,11,6,"2,0,33,3"
6627070155,40,11,6,"3,9,10,1"
6627071381,40,11,6,"11,3,6,0"
6627073061,40,11,6,"3,11,25,6"
6627074497,40,11,6,"3,1,2,0"
6627076119,40,11,6,"3,9,20,23"
6627077059,40,11,6,"10,3,1,9"
6627078145,40,11,6,"3,9,10,16"
6627079509,40,11,6,"3,9,1,10"
6627080877,40,11,6,"3,10,9,20"
6627083191,40,11,6,"3,1,20,10"
6627084519,40,11,6,"3,20,11,23"
6627085931,40,11,6,"0,2,3,20"
6627087359,40,11,6,"3,9,15,10"
6627090713,40,11,6,"3,20,9,11"
6627092225,40,11,6,"3,1,9,10"
6627094003,40,11,6,"3,1,2,6"
6627096071,40,11,6,"3,1,10,9"
6627098155,40,11,6,"3,1,11,25"
6598066125,40,11,6,"3,1,0,2"
6627100461,40,11,6,"3,10,1,9"
6627102009,40,11,6,"10,9,3,1"
6627103153,40,11,6,"3,9,10,1"
6627105099,40,11,6,"3,9,10,1"
6627107137,40,11,6,"3,1,9,16"
6627108737,40,11,6,"3,1,9,10"
6627109969,40,11,6,"3,9,1,34"
6598350059,40,11,5,"3,41,1,0"
6627112173,40,11,6,"3,1,9,10"
6627113663,40,11,6,"3,1,9,10"
6627116669,40,11,5,"3,1,0,2"
6627118331,40,11,2,"1,2,22,0"
6598729881,40,11,2,"1,22,3,2"
6627119843,40,11,2,"3,1,9,10"
6627122423,40,11,2,"3,9,1,10"
6627124013,40,11,2,"3,9,15,1"
6627125183,40,11,2,"15,1,3,9"
6598970533,40,11,2,"3,9,1,10"
6627126619,40,11,2,"1,3,10,9"
6627128189,40,11,2,"1,3,22,10"
6627129611,40,11,2,"1,3,10,12"
6599405819,40,11,12,"3,11,0,1"
6627142701,40,11,1,"1,3,2,0"
6627144463,40,11,1,"1,3,9,52"
6627145909,40,11,1,"3,1,0,55"
6599663045,40,11,1,"3,1,0,2"
6627146945,40,11,1,"1,2,22,31"
4011715327,43,9,1,"7,6,0,8"
4011717397,43,9,1,"3,1,57,9"
4014101464,43,9,1,"2,0,6,7"
4014103424,43,9,1,"9,3,1,10"
4014103062,43,9,1,"2,0,1,4"
4013338671,43,9,6,"1,2,0,4"
4018741223,43,9,6,"3,6,7,11"
4018744061,43,9,6,"3,2,0,11"
4019509130,43,9,6,"3,9,10,1"
4033022984,43,9,6,"3,9,10,1"
4033025174,43,9,6,"3,9,10,1"
4032273485,43,9,6,"3,10,9,1"
4033028476,43,9,6,"3,1,23,25"
4033029818,43,9,6,"3,6,7,20"
4032277737,43,9,6,"2,0,20,4"
4051136024,43,9,6,"3,9,1,10"
4051138090,43,9,6,"3,1,10,9"
4032280483,43,9,6,"1,10,2,3"
9525096726,44,4,7,"1,3,12,13"
9525085728,44,4,0,"1,2,0,4"
9522300193,44,4,12,"1,2,0,3"
9522298081,44,4,12,"1,3,2,12"
9525082060,44,4,12,"3,9,1,10"
9522283675,44,4,1,"2,0,1,4"
9522282899,44,4,1,"2,1,0,27"
9525053858,44,4,12,"3,1,9,24"
9525053116,44,4,12,"3,1,9,10"
9525052090,44,4,12,"3,1,9,10"
9533382761,44,4,2,"1,0,2,27"
9533381671,44,4,2,"1,0,2,3"
9533380977,44,4,2,"9,3,10,1"
9536166102,44,4,2,"3,9,34,1"
9536165372,44,4,2,"3,9,10,1"
9536164650,44,4,2,"3,9,10,41"
9533377601,44,4,2,"3,10,9,1"
9536163582,44,4,2,"1,2,3,12"
9533376431,44,4,2,"1,12,3,13"
9533375147,44,4,2,"1,3,12,13"
9536154904,44,4,2,"1,3,12,13"
9533374299,44,4,2,"3,1,10,9"
9536159806,44,4,2,"1,2,0,22"
9533372743,44,4,2,"3,1,9,10"
9536158404,44,4,2,"1,3,10,22"
9596648891,44,5,16,"3,1,10,9"
9596631021,44,5,16,"3,1,10,9"
9596427041,44,5,16,"3,1,9,10"
9596613169,44,5,22,"1,4,2,0"
9599388810,44,5,22,"9,3,1,10"
9596572309,44,5,22,"9,3,10,1"
9596557105,44,5,22,"3,9,34,15"
9599331526,44,5,22,"9,3,1,10"
9596530055,44,5,22,"9,3,10,15"
9596518561,44,5,22,"3,10,1,9"
9599289618,44,5,22,"3,1,10,24"
9630183590,44,5,3,"1,3,9,5"
9626932753,44,5,22,"3,1,9,17"
9626926807,44,5,3,"1,3,9,10"
8103053166,48,3,19,"1,0,2,22"
8103053698,48,3,19,"3,9,1,10"
8103054366,48,3,19,"1,0,2,4"
8103040953,48,3,19,"2,0,1,27"
8103055396,48,3,19,"1,0,2,25"
8103056210,48,3,19,"3,1,9,10"
8103042845,48,3,19,"3,1,9,10"
8103043591,48,3,19,"1,10,3,9"
8103044169,48,3,19,"1,3,22,9"
8103044883,48,3,19,"3,1,9,10"
8103049891,48,3,1,"2,0,1,20"
8103050373,48,3,1,"1,2,0,25"
8103035425,48,3,14,"3,1,9,0"
8103034073,48,3,14,"3,9,1,10"
8103034567,48,3,14,"1,2,0,25"
8103053951,48,3,14,"1,2,0,22"
8103068722,48,3,2,"3,1,9,10"
8103056535,48,3,2,"1,3,9,39"
8103057199,48,3,2,"3,1,9,10"
8103072008,48,3,2,"3,9,1,10"
8103058713,48,3,2,"3,9,1,10"
8103073268,48,3,2,"1,22,2,0"
8103073850,48,3,2,"1,3,9,0"
8103074474,48,3,2,"3,9,1,10"
8103074958,48,3,2,"1,3,9,40"
8103061719,48,3,2,"3,1,9,25"
8103076226,48,3,2,"9,3,1,10"
8103062807,48,3,2,"1,3,9,10"
8103077306,48,3,2,"1,3,9,15"
3257754822,50,0,6,"1,0,2,4"
3257755608,50,0,6,"3,25,11,9"
3256927601,50,0,6,"3,1,9,64"
3257757176,50,0,6,"2,0,11,25"
3256929051,50,0,6,"3,9,10,1"
3256929647,50,0,6,"3,23,9,1"
3256930243,50,0,6,"3,9,10,1"
3257759946,50,0,6,"3,9,1,10"
3257760574,50,0,6,"3,10,11,9"
3256932257,50,0,6,"3,10,20,9"
3257761932,50,0,6,"3,10,1,20"
3257762688,50,0,6,"3,20,10,18"
3257763388,50,0,6,"3,11,6,25"
3257263261,50,0,15,"3,1,10,9"
8177187551,52,10,1,"1,3,9,10"
8177209127,52,10,1,"2,0,20,18"
8177272936,52,10,1,"1,3,9,14"
8177312634,52,10,1,"2,1,0,4"
8177286741,52,10,1,"2,0,11,20"
8178168849,52,10,0,"1,3,12,13"
8178202276,52,10,16,"3,9,1,10"
8180767716,52,10,16,"1,2,0,27"
8180810058,52,10,16,"3,9,1,15"
8180781787,52,10,16,"1,3,0,2"
8180831754,52,10,16,"2,1,0,22"
3515016259,54,2,6,"1,3,9,0"
4011740122,54,7,0,"9,3,10,1"
4010974829,54,7,0,"3,9,1,10"
4011740890,54,7,0,"3,10,1,9"
4010975519,54,7,0,"3,10,1,9"
3823070098,54,7,0,"3,9,10,1"
4011742442,54,7,22,"3,1,9,34"
4010977239,54,7,22,"3,9,1,34"
4011019237,54,7,16,"3,10,9,1"
4011019887,54,7,16,"1,10,2,0"
5282193739,54,11,8,"1,3,9,10"
5281515803,54,11,1,"3,1,9,10"
5283373338,54,11,8,"1,2,35,10"
5282773921,54,11,8,"1,2,35,12"
5282775523,54,11,8,"1,3,10,2"
5282776761,54,11,8,"1,2,10,22"
5282778107,54,11,8,"1,2,22,0"
5284767322,54,11,5,"0,1,2,3"
5284178025,54,11,6,"2,0,26,1"
5284812132,54,11,6,"1,3,0,9"
5284301693,54,11,6,"1,3,12,13"
5284467109,54,11,6,"9,3,10,1"
5284477321,54,11,6,"18,29,26,28"
5285088694,54,11,6,"1,0,3,2"
5284512419,54,11,6,"3,9,10,1"
5284524115,54,11,6,"1,3,0,22"
5285129778,54,11,6,"1,2,18,0"
5284630385,54,11,6,"0,1,2,3"
4333279897,56,4,2,"9,3,1,10"
4331605731,56,4,4,"3,1,9,0"
512110525,59,4,8,"1,2,0,12"
531329867,59,5,0,"3,9,1,10"
5309051327,59,11,0,"9,3,10,1"
5309699330,59,11,0,"1,3,9,0"
5309283555,59,0,0,"1,3,0,2"
3133064916,60,9,5,"1,3,10,9"
3134399041,60,9,6,"3,1,9,17"
3135228190,60,9,6,"1,3,10,9"
3138015230,60,9,6,"1,3,10,9"
3138015238,60,9,6,"3,10,9,1"
3140132131,60,9,6,"3,7,2,6"
3140128059,60,9,6,"3,9,10,1"
3143977296,60,9,6,"20,3,0,29"
3143971484,60,9,6,"3,10,9,1"
3144563819,60,9,6,"3,10,9,1"
3145305920,60,9,6,"3,20,23,18"
3144492381,60,9,6,"3,20,10,9"
3147276727,60,9,6,"3,20,10,9"
3151397422,60,9,6,"3,9,10,1"
3150551185,60,9,6,"3,10,9,41"
3148120240,60,9,6,"3,9,1,10"
3153014463,60,9,6,"3,20,10,18"
3153874200,60,9,6,"20,3,2,10"
3153932150,60,9,6,"3,10,20,18"
3608840492,60,9,12,"3,9,10,15"
9733305033,60,2,1,"2,0,1,4"
9733306845,60,2,1,"0,2,1,7"
4504353865,61,3,11,"3,1,10,9"
4504356069,61,3,11,"1,3,12,13"
4504359741,61,3,12,"1,0,2,3"
5342312561,61,0,13,"1,2,0,3"
154881421,62,3,12,"3,9,10,1"
141755431,62,2,6,"1,3,9,10"
143374464,62,2,6,"9,1,3,43"
142824930,62,2,6,"1,9,3,10"
145631189,62,2,5,"1,10,3,2"
148209260,62,2,5,"3,1,10,9"
159361093,62,3,12,"3,9,10,1"
149210131,62,4,6,"1,2,27,0"
145412037,62,4,5,"3,1,2,0"
147596444,62,4,5,"3,9,1,10"
146822151,62,4,5,"3,9,10,11"
148692599,62,4,5,"1,2,22,0"
200034087,62,6,7,"3,9,1,34"
3751656475,63,7,1,"1,2,0,7"
3752448730,63,7,12,"3,9,10,1"
3752449190,63,7,12,"1,2,0,22"
3751657875,63,7,12,"3,1,9,12"
12032354203,64,11,16,"3,9,1,10"
12032444964,64,11,16,"3,9,1,10"
12052643716,64,11,1,"3,9,1,34"
12052644346,64,11,1,"2,7,6,0"
12051790535,64,11,1,"2,0,6,7"
12051791825,64,11,1,"2,0,6,7"
12052646456,64,11,1,"2,0,1,12"
12051791245,64,11,1,"2,0,1,4"
12052645976,64,11,1,"2,0,1,27"
12052647036,64,11,1,"3,9,1,15"
12051793235,64,11,6,"3,10,9,20"
12051793565,64,11,6,"3,1,9,10"
12052085303,64,11,6,"3,1,10,9"
12051794105,64,11,6,"3,51,1,39"
12052084193,64,11,6,"3,1,9,2"
12052649426,64,11,6,"3,20,10,18"
12052649456,64,11,6,"3,0,1,2"
12052189224,64,11,6,"3,9,1,10"
12052650306,64,11,6,"10,1,3,9"
12052650596,64,11,6,"1,10,3,2"
12051796425,64,11,6,"1,10,3,9"
5150767940,66,10,1,"0,2,1,20"
5150772786,66,10,1,"3,1,9,10"
6241579685,66,9,0,"1,3,0,2"
6242185238,66,9,0,"3,1,9,10"
6242464458,66,9,0,"3,9,1,10"
6839879988,66,2,0,"3,1,9,10"
7141541365,66,4,2,"1,2,0,18"
8008228966,66,8,0,"9,3,10,1"
2589380207,67,4,12,"1,35,18,5"
5638056106,67,4,12,"1,35,18,5"
2589382825,67,4,12,"3,1,10,9"
5638064986,67,4,12,"3,1,10,9"
5637489577,67,4,12,"3,1,10,9"
2589383301,67,4,12,"3,1,10,9"
5637490355,67,4,12,"3,1,10,9"
2589383643,67,4,12,"3,1,10,9"
5638067184,67,4,12,"1,3,10,24"
2589383847,67,4,12,"1,3,10,24"
2589385037,67,4,12,"1,3,10,9"
5638070560,67,4,12,"1,3,10,9"
5641205540,67,4,15,"1,0,2,3"
2592340209,67,4,15,"1,0,2,3"
2592340487,67,4,15,"1,3,12,0"
5640635557,67,4,15,"1,3,12,0"
2592343419,67,4,15,"1,12,13,3"
5640642269,67,4,15,"1,12,13,3"
2593181906,67,4,15,"1,3,9,41"
5640643033,67,4,15,"1,3,9,41"
2593182404,67,4,15,"1,3,9,10"
5641213792,67,4,15,"1,3,9,10"
2592344829,67,4,15,"1,2,0,4"
5641214332,67,4,15,"1,2,0,4"
5641214902,67,4,15,"1,3,0,2"
2592345571,67,4,15,"1,3,10,0"
2593183880,67,4,15,"1,3,22,0"
5641215426,67,4,15,"1,3,22,0"
5640645893,67,4,15,"1,0,2,4"
2592346297,67,4,15,"1,0,2,4"
5641217652,67,4,15,"3,1,9,10"
2593184678,67,4,15,"3,1,9,10"
2593185026,67,4,15,"3,1,9,15"
5641218356,67,4,15,"3,1,9,15"
2592347377,67,4,15,"3,1,15,22"
5641218896,67,4,15,"3,1,15,22"
2593185976,67,4,15,"3,1,0,2"
5641219392,67,4,15,"3,1,0,2"
2593186420,67,4,15,"3,1,22,9"
5640649875,67,4,15,"3,1,22,12"
2592348933,67,4,15,"3,1,9,40"
5640650545,67,4,15,"3,1,9,40"
5641221582,67,4,15,"3,1,9,22"
2592349397,67,4,15,"3,1,9,22"
2593187692,67,4,15,"3,1,9,10"
5641223482,67,4,15,"3,1,9,10"
5641224034,67,4,15,"3,1,9,10"
2592350077,67,4,15,"3,1,9,10"
2593188450,67,4,15,"3,1,9,10"
5640654539,67,4,15,"3,1,9,10"
5641225210,67,4,15,"3,1,9,10"
2593188698,67,4,15,"3,1,9,10"
5641225732,67,4,15,"1,2,0,4"
2592351209,67,4,15,"1,2,0,4"
5640656575,67,4,15,"3,1,9,0"
2592351431,67,4,15,"3,1,9,0"
2593189682,67,4,15,"1,3,2,0"
5640658045,67,4,15,"1,3,2,0"
2593189888,67,4,15,"1,2,0,12"
5641228638,67,4,15,"1,2,0,12"
5640671523,67,4,15,"3,1,10,9"
2592352083,67,4,15,"3,1,10,9"
2592352237,67,4,15,"1,3,0,2"
5640671985,67,4,15,"1,3,0,2"
5640672761,67,4,15,"3,1,0,2"
2592352569,67,4,15,"3,1,0,2"
2593191030,67,4,15,"3,1,9,10"
5640673177,67,4,15,"3,1,9,10"
2593191316,67,4,15,"3,1,9,10"
5641243994,67,4,15,"1,3,9,10"
5640674483,67,4,15,"1,2,0,4"
2593191580,67,4,15,"1,2,0,4"
5640674963,67,4,15,"3,1,9,10"
2592353539,67,4,15,"3,1,9,10"
2592353849,67,4,15,"1,3,12,0"
5640675467,67,4,15,"1,3,12,0"
5641246358,67,4,15,"3,1,12,13"
2592354049,67,4,15,"3,1,12,13"
5641246866,67,4,15,"1,3,10,2"
2593192634,67,4,15,"1,3,10,2"
5641247456,67,4,15,"1,3,9,10"
2592354473,67,4,15,"1,3,9,10"
5640678727,67,4,15,"1,2,0,4"
2592354695,67,4,15,"1,2,0,4"
5641249730,67,4,15,"3,1,2,0"
2592354903,67,4,15,"3,1,2,0"
5641250234,67,4,15,"3,1,9,12"
2593193654,67,4,15,"3,1,9,12"
5641250768,67,4,15,"3,1,41,15"
2593194046,67,4,15,"3,1,41,15"
5641251340,67,4,15,"1,3,9,17"
2592355839,67,4,15,"1,3,9,17"
5641251770,67,4,15,"1,3,10,9"
2593194414,67,4,15,"1,3,10,9"
2593194674,67,4,15,"3,1,9,15"
5640682327,67,4,15,"3,1,9,15"
2592356459,67,4,15,"3,1,50,19"
5641252914,67,4,15,"3,1,50,19"
5641253554,67,4,15,"3,1,12,13"
2593195108,67,4,15,"3,1,12,13"
5641254076,67,4,15,"1,2,0,3"
2593195302,67,4,15,"1,2,0,3"
2592357157,67,4,15,"1,3,9,22"
5640684819,67,4,15,"1,3,9,22"
2593195732,67,4,15,"1,0,2,3"
5640685479,67,4,15,"1,0,3,2"
2593196154,67,4,15,"2,0,1,25"
5640686041,67,4,15,"2,0,1,25"
2593196578,67,4,15,"1,2,0,3"
5641256792,67,4,15,"1,2,0,3"
5641257476,67,4,15,"3,1,9,15"
2592358359,67,4,15,"3,9,1,15"
2592359141,67,4,15,"3,6,11,8"
5641258728,67,4,15,"3,6,11,8"
2593197824,67,4,15,"3,15,1,9"
5640689279,67,4,15,"15,3,1,9"
2592359661,67,4,15,"3,1,9,10"
5640689841,67,4,15,"3,1,9,10"
5641260350,67,4,15,"9,3,10,1"
2592360119,67,4,15,"9,3,10,1"
5640691605,67,4,15,"3,1,9,34"
2592360717,67,4,15,"3,1,9,34"
5640705323,67,4,15,"3,11,6,7"
2592364889,67,4,15,"3,11,6,7"
5640705911,67,4,15,"2,0,1,4"
2592365345,67,4,15,"2,0,1,4"
2592365851,67,4,15,"0,2,1,11"
5641276536,67,4,15,"0,2,1,11"
2592366137,67,4,15,"3,1,0,2"
5641280604,67,4,15,"3,1,0,2"
2592367291,67,4,15,"9,3,10,1"
5640713275,67,4,15,"9,3,10,1"
5641307952,67,4,15,"1,0,2,3"
2593214166,67,4,15,"1,0,2,3"
5641310454,67,4,15,"3,1,9,15"
2593216194,67,4,15,"3,1,9,10"
2592378081,67,4,15,"1,2,0,22"
5640741787,67,4,15,"1,2,0,22"
2627608655,67,5,1,"0,2,1,3"
5643804542,67,5,1,"0,2,1,3"
5643805316,67,5,1,"1,2,0,4"
2627608967,67,5,1,"1,2,0,4"
2627609301,67,5,1,"2,0,1,4"
5643806188,67,5,1,"2,0,1,4"
5643806778,67,5,1,"2,0,1,11"
2628426710,67,5,1,"2,0,1,11"
5643239907,67,5,1,"2,0,1,4"
2628427014,67,5,1,"2,0,1,4"
5643240549,67,5,1,"3,1,2,0"
2628427356,67,5,1,"3,1,2,0"
2627610565,67,5,1,"3,1,7,6"
5643808466,67,5,1,"3,1,7,6"
2627611033,67,5,1,"1,0,3,2"
5643241559,67,5,1,"1,0,3,2"
2628428548,67,5,1,"0,2,1,4"
5643242129,67,5,1,"0,2,1,4"
5643810220,67,5,1,"1,3,9,10"
2627611825,67,5,1,"1,3,9,10"
5643818668,67,5,2,"1,3,9,10"
2627617865,67,5,2,"1,3,9,10"
5643252059,67,5,2,"1,2,0,3"
2627618571,67,5,2,"1,2,0,3"
2628436060,67,5,2,"1,2,0,39"
5643820260,67,5,2,"1,2,0,39"
5643253659,67,5,2,"3,9,1,10"
2628436668,67,5,2,"3,9,1,10"
2627620245,67,5,2,"1,0,2,22"
5643821632,67,5,2,"1,0,2,22"
5643255075,67,5,2,"1,0,2,12"
2628437958,67,5,2,"1,0,2,12"
2628438694,67,5,2,"1,0,2,4"
5643823124,67,5,2,"1,0,2,4"
2627622295,67,5,2,"1,3,0,9"
5643256739,67,5,2,"1,3,0,9"
2628439872,67,5,2,"3,9,1,15"
5643824460,67,5,2,"3,9,1,15"
5643825098,67,5,2,"3,1,10,9"
2627623547,67,5,2,"3,1,10,9"
2628441142,67,5,2,"0,1,2,11"
5643258641,67,5,2,"0,1,2,11"
5643259693,67,5,2,"0,1,2,3"
2628441942,67,5,2,"0,1,2,3"
2627625553,67,5,2,"1,0,2,4"
5643827866,67,5,2,"1,0,2,4"
2627626171,67,5,2,"1,0,2,3"
5643828446,67,5,2,"1,0,2,3"
5643261909,67,5,2,"1,9,3,10"
2628443892,67,5,2,"1,9,3,10"
8719766606,71,3,9,"3,9,1,22"
8719766248,71,3,9,"1,2,0,4"
8718645835,71,3,1,"2,0,1,4"
8718643753,71,3,6,"11,2,3,25"
8719762774,71,3,6,"3,20,10,9"
8719762298,71,3,6,"3,10,9,20"
8719762102,71,3,6,"3,1,0,5"
8719758270,71,3,3,"0,1,2,4"
8718637891,71,3,3,"3,1,10,9"
8718637433,71,3,3,"3,1,0,9"
8718636923,71,3,3,"1,0,2,3"
8719755838,71,3,3,"2,26,0,27"
8718636285,71,3,3,"1,3,0,2"
2812227951,74,7,14,"3,1,11,25"
2812231907,74,7,14,"2,1,0,12"
2813083274,74,7,14,"1,2,0,7"
2812267053,74,7,4,"1,3,6,0"
2810199159,74,7,4,"3,25,11,1"
2812275183,74,7,4,"3,1,9,17"
2810200349,74,7,4,"3,51,0,1"
2810201521,74,7,4,"3,2,20,0"
2811048198,74,7,4,"3,9,33,44"
2811049468,74,7,4,"7,6,11,25"
2811050688,74,7,4,"3,0,2,33"
3084875516,75,9,0,"1,3,9,10"
3084878596,75,9,12,"1,2,10,12"
5198478760,78,9,1,"1,0,2,31"
5197891159,78,9,1,"0,1,2,31"
5198494674,78,9,1,"2,0,7,6"
5197909875,78,9,1,"2,1,27,0"
5198510690,78,9,6,"3,11,6,8"
5198514420,78,9,6,"3,1,10,9"
5197922663,78,9,6,"3,9,10,1"
5198522632,78,9,6,"3,10,1,9"
5198526296,78,9,6,"3,10,9,1"
5198529478,78,9,6,"3,9,10,1"
5197937185,78,9,6,"3,1,2,10"
5370938887,78,0,17,"3,1,9,34"
6820402424,80,2,22,"3,11,6,8"
6820407648,80,2,22,"3,1,10,2"
6966539925,80,2,22,"3,9,10,1"
6966555075,80,2,22,"3,11,6,8"
6966567943,80,2,22,"3,1,10,9"
6820577442,80,2,22,"3,1,9,10"
6820666476,80,2,16,"3,1,10,9"
5269978517,82,10,1,"0,2,18,11"
5270587112,82,10,1,"3,1,0,7"
5269978987,82,10,1,"2,0,1,4"
5270587586,82,10,1,"7,6,2,11"
5269979691,82,10,1,"2,0,1,4"
5270588296,82,10,1,"2,0,1,4"
5269980267,82,10,1,"3,9,10,1"
5269981799,82,10,12,"3,9,1,10"
5270600314,82,10,12,"3,1,10,2"
7667585094,85,0,3,"2,0,26,27"
7667584668,85,0,3,"2,0,26,1"
7667584246,85,0,3,"1,0,2,3"
7667583612,85,0,3,"1,0,2,3"
7667583078,85,0,3,"2,1,0,27"
7667582568,85,0,3,"2,0,26,20"
11025866894,85,0,3,"2,0,26,20"
7667582162,85,0,3,"3,1,0,9"
7667581584,85,0,3,"3,1,9,2"
7667580998,85,0,3,"1,3,10,9"
7667580646,85,0,3,"1,3,2,0"
7667580064,85,0,3,"1,3,22,9"
7667579496,85,0,3,"1,0,2,3"
7667579038,85,0,3,"1,3,0,40"
7855921618,85,0,3,"3,7,6,8"
7855921454,85,0,3,"1,3,0,2"
7667578512,85,0,3,"1,0,2,3"
7667577910,85,0,3,"2,0,1,11"
7667577366,85,0,3,"1,2,0,4"
8322323186,85,0,2,"2,1,0,27"
8322322798,85,0,2,"1,2,0,22"
8322322546,85,0,2,"2,1,0,12"
8322322172,85,0,2,"1,3,10,9"
8321261691,85,0,2,"1,3,0,2"
8322321268,85,0,2,"1,3,10,9"
8322320802,85,0,2,"1,0,2,35"
8321260417,85,0,2,"1,3,0,2"
8321259903,85,0,2,"1,3,0,22"
8321259379,85,0,2,"1,3,0,2"
8322318968,85,0,2,"1,3,0,22"
8322318466,85,0,2,"1,3,0,22"
8321257933,85,0,2,"3,9,1,10"
8321257525,85,0,2,"3,1,9,10"
8322316962,85,0,2,"1,22,3,0"
8321256573,85,0,2,"1,2,0,22"
8321256101,85,0,2,"1,3,0,22"
8321255731,85,0,2,"1,3,0,2"
8322315166,85,0,2,"1,0,3,2"
13327041053,85,0,2,"1,0,2,3"
8321254773,85,0,2,"1,3,24,0"
8322314162,85,0,2,"3,9,1,10"
8321253749,85,0,2,"3,1,10,9"
8322313090,85,0,2,"1,2,0,22"
13326867685,85,0,2,"1,2,0,22"
13327254034,85,0,2,"1,3,0,24"
8322312692,85,0,2,"1,3,24,0"
8321252259,85,0,2,"1,3,0,24"
8321251747,85,0,2,"3,1,9,10"
13326867435,85,0,2,"1,0,2,22"
8321250975,85,0,2,"1,0,2,22"
8322310558,85,0,2,"1,3,0,2"
13327041813,85,0,2,"1,0,2,3"
8321250101,85,0,2,"1,0,2,3"
8322309638,85,0,2,"1,0,3,2"
13326867185,85,0,2,"1,0,3,2"
13327253314,85,0,2,"1,0,2,22"
8321249317,85,0,2,"3,1,9,24"
8321248911,85,0,2,"1,0,2,5"
8322308560,85,0,2,"1,3,0,2"
8321248027,85,0,2,"1,0,2,59"
13327253174,85,0,2,"1,0,2,59"
8321247691,85,0,2,"3,0,1,2"
8321247281,85,0,2,"1,0,2,3"
13327253254,85,0,2,"2,1,0,27"
8322306798,85,0,2,"2,1,0,27"
8322306152,85,0,2,"0,2,1,4"
13327040673,85,0,2,"0,2,1,4"
8322305700,85,0,2,"3,1,9,22"
7667576916,85,0,3,"1,3,22,9"
7667576466,85,0,3,"3,1,9,10"
7537440702,86,5,1,"0,2,1,11"
7537441988,86,5,1,"0,2,1,11"
7537443356,86,5,1,"2,0,1,25"
7537444926,86,5,1,"3,11,6,25"
7537446238,86,5,1,"2,0,1,25"
7537447030,86,5,1,"2,1,0,6"
7537448106,86,5,3,"3,1,10,9"
7537449286,86,5,3,"2,0,1,26"
7537450638,86,5,3,"1,2,0,22"
7541837532,86,5,6,"3,20,11,25"
7541836948,86,5,6,"3,9,10,20"
2977763392,87,9,23,"2,0,1,18"
2977768306,87,9,23,"1,2,0,26"
2994220992,87,10,10,"1,3,0,2"
3889114822,87,8,0,"1,2,0,22"
3889222472,87,8,0,"7,6,0,8"
3888431639,87,8,0,"1,2,0,22"
3888490247,87,8,0,"1,3,9,0"
3888568981,87,8,23,"2,0,1,4"
3888572405,87,8,23,"2,0,18,1"
6677507653,87,0,0,"1,3,2,10"
6717513217,87,0,0,"1,3,0,2"
6717528315,87,0,0,"3,0,1,7"
6768474115,87,0,0,"3,9,1,15"
6838681409,87,1,0,"3,1,0,9"
6838688875,87,1,0,"0,1,2,3"
6838852253,87,1,0,"1,3,5,0"
6850438041,87,1,0,"9,3,10,1"
6898037874,87,3,10,"3,1,9,22"
6898055872,87,3,10,"3,11,25,6"
6898120254,87,3,10,"3,9,1,10"
8025683627,87,8,0,"3,1,9,10"
8025714101,87,8,0,"3,1,9,10"
8212450145,87,10,22,"3,1,9,10"
8436612519,87,1,10,"25,1,3,0"
8467245534,87,1,0,"9,3,1,43"
9195660305,87,6,3,"9,3,1,10"
9244654579,87,6,22,"3,9,1,10"
9498149873,87,7,23,"1,2,0,4"
10324571525,87,9,0,"1,3,2,0"
10882005406,87,10,22,"10,3,9,1"
13341691655,87,2,4,"0,2,6,7"
13342298455,87,2,4,"3,9,1,10"
13343929605,87,2,4,"1,0,2,7"
13553984604,87,3,16,"3,9,1,32"
2724781020,88,6,16,"2,1,0,22"
2723963529,88,6,3,"2,0,1,4"
2723965487,88,6,3,"2,1,0,22"
2723973169,88,6,3,"1,0,2,3"
2729823304,88,6,16,"3,1,9,17"
2728994365,88,6,16,"3,9,10,1"
2729827438,88,6,16,"3,9,1,10"
2729828840,88,6,12,"3,20,9,11"
2729831108,88,6,12,"3,9,1,10"
2729001999,88,6,12,"3,1,9,10"
2729843114,88,6,11,"3,9,10,1"
2729013431,88,6,11,"3,9,10,1"
2729847036,88,6,11,"1,3,0,22"
2733239992,88,6,12,"3,1,9,10"
2733240816,88,6,12,"1,3,10,2"
2733242240,88,6,12,"1,3,10,9"
2733261036,88,6,12,"3,9,10,1"
2733263018,88,6,12,"3,9,10,24"
2732432861,88,6,12,"1,3,2,22"
2732435515,88,6,7,"3,1,9,10"
2733293820,88,6,12,"3,9,10,1"
2768041400,88,6,5,"0,2,1,3"
2767194505,88,6,6,"1,0,2,3"
2768067288,88,6,6,"3,9,1,17"
2768043612,88,6,6,"1,0,2,4"
2767196709,88,6,6,"1,0,2,4"
2767197995,88,6,6,"2,1,0,27"
2768046548,88,6,6,"1,9,35,3"
2768047462,88,6,6,"0,2,18,1"
2768048438,88,6,6,"2,0,1,26"
2768049288,88,6,5,"3,10,1,9"
2768067772,88,6,5,"3,1,0,2"
2767202587,88,6,5,"3,9,1,10"
2767203333,88,6,5,"10,1,3,9"
2768052116,88,6,5,"9,3,1,10"
2767205113,88,6,5,"3,10,9,1"
7680867478,88,6,5,"3,9,1,10"
9255123783,89,6,16,"9,3,10,1"
9255173935,89,6,16,"3,9,1,10"
9259834557,89,6,5,"3,9,1,10"
9334309850,89,6,17,"3,1,10,9"
7879243648,95,7,8,"1,2,0,22"
7930576418,95,7,24,"3,1,7,6"
7937172304,95,8,24,"3,11,6,8"
10963345865,98,10,3,"1,2,0,27"
10963518044,98,10,3,"1,10,3,9"
10963518004,98,10,3,"3,20,10,27"
10963316195,98,10,6,"3,10,9,23"
10963487454,98,10,6,"3,9,10,1"
10963486674,98,10,6,"3,1,9,10"
10963556433,98,10,6,"3,10,23,28"
10963391626,98,10,6,"20,2,0,29"
10963485584,98,10,6,"3,9,1,10"
10963555603,98,10,6,"3,10,9,1"
10963485284,98,10,6,"3,9,1,10"
10963390116,98,10,6,"3,11,6,7"
10963554703,98,10,6,"3,9,10,1"
10963553903,98,10,6,"3,1,9,40"
10963387996,98,10,6,"3,20,11,25"
10963385956,98,10,6,"3,10,1,20"
3712002111,100,6,6,"3,10,9,20"
3725745773,100,6,6,"3,10,9,1"
3712817348,100,6,6,"3,9,10,20"
3723543086,100,6,6,"2,0,4,20"
3738110399,100,6,6,"3,1,9,0"
3728535893,100,6,6,"3,9,10,1"
3716712732,100,6,6,"3,9,1,10"
3720220262,100,6,6,"3,1,9,10"
3722733501,100,6,6,"3,9,1,39"
3709003813,100,6,6,"3,20,23,21"
3742556336,100,6,6,"3,9,10,1"
3735688001,100,6,6,"3,9,1,10"
3732483817,100,6,6,"3,10,9,1"
3719410223,100,6,6,"3,1,9,10"
3729341972,100,6,6,"3,25,1,10"
3738114285,100,6,6,"3,1,9,25"
3709819970,100,6,6,"3,9,10,20"
3733288494,100,6,6,"3,1,9,10"
3745195047,100,6,6,"3,10,20,63"
3745191737,100,6,6,"3,1,2,10"
3741765135,100,6,6,"1,3,2,9"
6158378668,100,8,6,"20,3,2,0"
6155465994,100,8,6,"3,2,20,21"
6171348961,100,8,6,"3,9,10,1"
6143491786,100,8,6,"3,9,1,10"
6162494532,100,8,6,"3,16,15,1"
6168635315,100,8,6,"3,9,15,10"
6174180273,100,8,6,"3,23,28,21"
6165788026,100,8,6,"3,1,2,10"
6151866559,100,8,6,"3,20,23,0"
11399347865,100,11,5,"1,3,0,2"
11417872776,100,11,6,"10,3,9,1"
11475081496,100,11,6,"3,11,0,20"
11461819633,100,11,6,"3,9,10,1"
11433651386,100,11,6,"3,20,23,10"
11447319334,100,11,6,"3,9,10,1"
11491150484,100,11,6,"3,1,9,10"
11529330064,100,11,6,"3,9,10,1"
11512523354,100,11,6,"3,1,9,10"
6135717460,101,6,1,"3,6,11,7"
6135172315,101,6,1,"0,2,1,11"
6135720276,101,6,1,"0,2,1,4"
6135174065,101,6,1,"2,0,1,31"
6135723952,101,6,1,"0,1,2,4"
6135725632,101,6,1,"0,2,25,11"
6135746504,101,6,1,"3,9,10,1"
6135753032,101,6,0,"9,3,10,15"
6135206343,101,6,0,"3,15,9,1"
6135757948,101,6,11,"3,9,1,10"
6135759198,101,6,11,"3,9,1,10"
6135217919,101,6,2,"1,0,2,3"
6135220113,101,6,2,"1,2,0,27"
6135768612,101,6,2,"1,3,10,9"
6135770176,101,6,14,"1,0,2,4"
6135226169,101,6,14,"2,0,1,4"
6135774814,101,6,14,"2,0,6,20"
6135230669,101,6,14,"25,11,2,0"
6135232079,101,6,14,"0,2,1,6"
6135234177,101,6,0,"3,9,10,1"
6135253971,101,6,0,"1,3,10,9"
6136718298,101,6,19,"1,2,0,4"
6136173945,101,6,19,"1,3,2,0"
6136175035,101,6,19,"1,3,10,15"
6136176533,101,6,19,"1,2,0,4"
6136177701,101,6,19,"3,1,10,15"
6136724658,101,6,19,"3,1,15,10"
6136180077,101,6,19,"3,9,1,10"
6136726938,101,6,19,"1,2,0,15"
6136182273,101,6,19,"2,0,1,4"
6136183181,101,6,19,"1,0,2,15"
6136184119,101,6,19,"0,2,1,4"
6136185707,101,6,19,"1,0,2,3"
6136187067,101,6,19,"1,12,13,3"
6136187631,101,6,19,"1,3,12,13"
6136194731,101,6,8,"1,2,0,7"
6136195521,101,6,8,"1,2,0,4"
6139805106,101,6,11,"3,1,9,10"
6139254277,101,6,11,"3,9,1,10"
6139254653,101,6,11,"9,3,1,10"
6139255189,101,6,11,"3,1,9,10"
6139811396,101,6,19,"1,3,10,9"
6139260441,101,6,19,"1,3,0,2"
6139275003,101,6,19,"3,1,9,10"
6139275325,101,6,19,"3,1,10,9"
6139275789,101,6,19,"3,1,13,2"
6139276209,101,6,19,"1,3,12,0"
6139276567,101,6,19,"1,3,12,50"
6139276913,101,6,19,"1,3,2,0"
6139277333,101,6,19,"3,1,10,9"
6139282557,101,6,19,"3,1,10,9"
6139285931,101,6,19,"1,3,12,50"
6139837218,101,6,19,"1,3,10,9"
6139837570,101,6,19,"3,1,10,9"
6139286941,101,6,19,"3,1,10,2"
6139287405,101,6,19,"3,1,2,0"
6139838824,101,6,19,"3,1,10,41"
6139288243,101,6,19,"3,1,10,9"
6139839390,101,6,19,"3,1,10,9"
6139839808,101,6,19,"1,3,10,12"
6139289225,101,6,19,"3,1,9,10"
6139842848,101,6,19,"1,3,10,41"
6139292591,101,6,19,"1,3,10,9"
6139843712,101,6,19,"1,3,12,13"
6139293383,101,6,19,"1,12,13,3"
6139293715,101,6,19,"1,3,9,10"
6139850114,101,6,19,"1,3,12,0"
6139858676,101,6,19,"1,3,9,35"
11474396223,101,11,21,"3,1,9,15"
11474355836,101,11,21,"1,2,0,4"
11474262335,101,11,21,"3,1,9,10"
11474262715,101,11,21,"3,0,2,7"
11474415213,101,11,21,"3,7,6,8"
11474414093,101,11,21,"3,0,7,2"
11474278685,101,11,21,"3,7,6,1"
11474374576,101,11,21,"2,0,1,27"
11474429503,101,11,0,"3,9,11,1"
11474307404,101,11,0,"3,1,7,10"
7801179594,103,7,16,"3,9,1,10"
7801222672,103,7,16,"3,20,7,6"
7961419526,103,8,20,"1,3,10,9"
8605299011,103,10,3,"1,2,0,22"
8264854879,103,10,3,"2,0,1,4"
8232877597,103,10,3,"0,2,1,4"
8359900060,103,0,4,"2,0,1,7"
8358821611,103,0,4,"2,1,0,4"
8711185177,103,4,22,"1,3,10,9"
9728781134,103,7,3,"1,0,3,2"
9541872900,103,7,3,"1,3,0,2"
9541825362,103,7,3,"1,3,0,9"
10125811935,103,8,3,"1,2,0,12"
10125884386,103,8,3,"2,1,0,12"
10125810235,103,8,3,"2,0,1,4"
10125944423,103,8,3,"2,0,1,4"
10125876056,103,8,3,"2,0,1,4"
10125874776,103,8,3,"2,0,1,4"
10125799455,103,8,3,"2,0,1,4"
10125872256,103,8,3,"2,0,1,4"
10125796625,103,8,3,"2,0,1,4"
10125795775,103,8,3,"2,0,1,4"
10125739184,103,8,3,"2,1,0,4"
10125793045,103,8,3,"2,1,0,4"
10125791495,103,8,3,"2,1,0,4"
10125734534,103,8,3,"1,2,0,12"
10125733034,103,8,3,"1,0,2,22"
10125731764,103,8,3,"1,0,2,22"
10125786385,103,8,3,"1,2,0,12"
10125926623,103,8,3,"1,2,0,12"
10125857836,103,8,3,"1,12,0,2"
10125727764,103,8,3,"1,2,0,12"
10125782515,103,9,3,"1,0,2,12"
10125922503,103,9,3,"1,2,0,12"
10125725004,103,9,3,"1,2,0,12"
10125724194,103,9,3,"1,2,0,12"
10125778095,103,9,3,"1,2,0,12"
10125850696,103,9,3,"1,0,2,11"
10125775485,103,9,3,"1,3,0,2"
10125718514,103,9,3,"3,1,9,10"
10125872373,103,9,3,"3,1,9,10"
10125846396,103,9,3,"1,3,0,2"
10125844796,103,9,3,"1,3,0,2"
10125735495,103,9,3,"1,3,0,2"
10125874143,103,9,3,"1,3,0,2"
10125762035,103,9,3,"1,0,2,11"
10125901273,103,9,3,"2,0,1,4"
10125759825,103,9,3,"0,2,1,4"
10125682664,103,9,16,"1,2,0,25"
10125681214,103,9,16,"1,0,2,3"
10825076846,103,10,3,"0,2,1,12"
10825185994,103,10,3,"1,2,0,22"
12576513183,103,1,16,"1,2,0,4"
7301087094,107,4,1,"0,2,7,6"
7306543802,107,4,2,"1,3,0,2"
7226664064,108,4,12,"3,9,10,1"
7230588140,108,4,0,"1,3,10,9"
7231627854,108,4,1,"0,1,2,22"
8129569495,108,9,0,"3,9,1,10"
8174377814,108,10,15,"1,9,3,10"
9492461000,108,7,6,"1,2,0,4"
9494125502,108,7,1,"0,2,1,26"
2455097655,109,2,12,"1,3,9,22"
2455085909,109,2,1,"1,2,0,3"
2492445794,109,2,3,"1,2,10,0"
6807888425,110,0,2,"3,1,10,7"
6792448188,110,0,0,"3,0,1,2"
4296794510,111,11,2,"1,2,0,22"
4296050447,111,11,12,"3,1,10,9"
6052119108,113,7,2,"3,9,10,1"
6052178443,113,7,12,"1,2,0,10"
6055572110,113,7,15,"1,3,0,12"
6055023969,113,7,15,"1,2,0,12"
6055030907,113,7,15,"1,2,0,4"
6055038433,113,7,15,"1,2,0,12"
6055587856,113,7,15,"1,3,9,10"
6055039687,113,7,15,"10,9,3,1"
6055040625,113,7,15,"9,3,10,1"
6055042021,113,7,15,"1,3,9,10"
6055591478,113,7,15,"3,9,10,1"
6055043301,113,7,15,"9,10,3,1"
6055043917,113,7,15,"3,1,10,9"
6055595652,113,7,15,"1,2,0,3"
6055048867,113,7,15,"1,2,0,3"
6055056431,113,7,15,"1,3,0,22"
6055606710,113,7,15,"1,2,0,3"
6055607774,113,7,15,"1,3,2,0"
6055059795,113,7,15,"1,2,0,12"
6055060515,113,7,15,"1,2,0,19"
6055062217,113,7,15,"2,1,0,4"
6055613206,113,7,15,"1,3,9,10"
6055613954,113,7,15,"1,3,0,2"
6055066829,113,7,15,"1,2,0,27"
6055067745,113,7,15,"3,1,9,10"
6055086077,113,7,15,"1,2,0,3"
6055642442,113,7,15,"1,3,10,13"
6055097881,113,7,15,"1,10,3,9"
6055101041,113,7,15,"1,2,0,12"
6055105869,113,7,15,"1,2,0,10"
6055106419,113,7,15,"3,1,10,9"
6055108145,113,7,15,"3,1,10,9"
6055658354,113,7,15,"1,22,10,2"
8622085636,113,2,12,"3,15,9,10"
5170779875,121,10,3,"3,1,9,10"
5213467258,121,10,16,"9,1,3,10"
6657602873,121,0,7,"1,3,10,9"
6699319969,121,0,0,"1,3,0,22"
11163865086,124,10,12,"1,3,10,9"
11163861486,124,10,3,"9,3,1,10"
11163877324,124,10,3,"3,9,1,10"
11163854196,124,10,3,"2,1,0,26"
11163870854,124,10,12,"1,3,10,9"
11163808845,124,10,1,"2,0,1,3"
11163805815,124,10,21,"1,2,0,7"
11163837686,124,10,21,"0,1,2,7"
10816740954,126,9,7,"3,9,10,1"
10816618045,126,9,7,"9,3,1,20"
10816628606,126,9,7,"1,3,12,50"
10816630246,126,9,0,"1,3,12,13"
10816631636,126,9,7,"1,3,12,13"
10816757044,126,9,0,"1,3,0,2"
10816895593,126,9,0,"1,3,0,35"
10816639546,126,9,0,"3,1,0,6"
10816763404,126,9,0,"1,3,0,40"
10816653276,126,9,0,"1,2,0,13"
10816915143,126,9,0,"1,12,0,13"
10816780754,126,9,7,"3,1,9,10"
5476576856,127,11,5,"0,2,1,26"
5475979517,127,11,5,"3,9,1,32"
5475979893,127,11,5,"2,0,1,26"
5476578180,127,11,5,"1,0,2,3"
5475980897,127,11,5,"3,1,9,10"
5467912471,127,11,16,"1,3,0,2"
5467912851,127,11,5,"3,20,9,10"
5468510132,127,11,5,"3,1,6,0"
5468510554,127,11,5,"1,3,9,10"
5472289745,127,11,5,"3,9,1,10"
5472883150,127,11,6,"3,1,9,10"
5472883594,127,11,6,"3,9,20,1"
5472291179,127,11,6,"3,9,1,10"
5433187105,127,1,6,"2,0,1,26"
5433801672,127,1,6,"3,1,0,7"
5433803154,127,1,5,"0,2,3,1"
5456226762,127,1,12,"1,3,10,12"
5464545459,127,1,12,"3,1,9,22"
9960016724,129,8,12,"1,10,3,2"
9959140736,129,8,21,"9,1,3,10"
9959083605,129,8,21,"3,1,9,10"
3953801129,132,8,0,"3,1,10,9"
3955034908,132,8,8,"3,1,10,9"
3954359585,132,8,12,"1,3,13,12"
4033167819,132,9,0,"3,9,10,15"
4137733351,132,10,12,"3,9,1,17"
4171212327,132,11,12,"3,9,10,1"
4172148720,132,11,12,"3,1,10,9"
4384244810,132,1,0,"9,3,10,1"
127981225,135,3,16,"1,2,0,22"
127987020,135,3,3,"2,11,6,8"
174520556,135,5,17,"1,0,2,22"
275268593,135,9,17,"1,3,10,2"
275268646,135,9,17,"1,2,12,0"
275268706,135,9,17,"1,2,22,3"
275268742,135,9,17,"9,3,1,10"
302731121,135,10,17,"1,10,3,9"
302731150,135,10,17,"1,3,10,22"
302731184,135,10,17,"1,3,10,9"
330107521,135,11,17,"3,11,6,8"
354813117,135,0,17,"1,3,10,22"
360512229,135,0,17,"10,3,1,9"
360516277,135,0,17,"3,10,1,9"
375573004,135,0,17,"3,9,1,10"
818826348,135,6,17,"10,3,1,9"
1127077531,135,7,17,"1,3,10,9"
1360278149,135,8,17,"1,22,3,0"
2151177140,135,11,17,"1,2,22,0"
3259604834,135,0,17,"3,9,1,10"
3271481170,135,0,17,"3,9,1,10"
3271485514,135,0,17,"1,3,0,2"
3712232619,135,6,17,"1,3,9,0"
3712232845,135,6,17,"1,3,9,0"
3742973674,135,6,17,"1,12,3,22"
4124676120,135,10,17,"1,3,10,22"
4150432512,135,10,17,"9,3,10,1"
4149690805,135,10,17,"3,10,1,9"
4315618439,135,0,16,"9,1,3,10"
4340959970,135,0,17,"3,1,22,10"
4615716208,135,4,17,"1,3,0,10"
9016514655,135,3,17,"3,1,9,10"
9033609060,135,3,17,"1,3,22,10"
11903264074,135,9,17,"1,3,10,22"
11996432944,135,9,17,"3,9,10,1"
13033290485,135,10,17,"3,1,10,11"
13033282995,135,10,17,"3,7,1,6"
8680466360,136,3,15,"3,9,1,40"
8682436170,136,3,12,"3,9,1,10"
8681491129,136,3,1,"1,2,0,27"
8682722548,136,3,1,"9,10,3,1"
8681672921,136,3,1,"3,9,1,17"
8685365396,136,3,5,"3,9,1,10"
8684754499,136,3,6,"3,9,1,15"
8689216602,136,3,12,"3,9,1,17"
3903647084,137,5,7,"3,1,9,22"
3902867311,137,5,0,"1,3,22,0"
3902867595,137,5,7,"3,1,9,10"
3902867921,137,5,24,"3,1,6,7"
3903648566,137,5,24,"25,11,2,6"
3902868721,137,5,24,"3,11,25,0"
3816235787,138,7,12,"3,9,1,10"
3816236621,138,7,12,"1,3,10,2"
3817053828,138,7,22,"3,9,1,10"
3816241951,138,7,22,"3,9,1,10"
3816242537,138,7,22,"3,9,1,10"
8690678977,138,3,17,"1,12,3,13"
6220205121,142,9,6,"1,0,2,35"
6220729872,142,9,6,"2,0,1,27"
6220740346,142,9,15,"3,1,0,6"
6220745786,142,9,15,"3,1,6,11"
6220819580,142,9,15,"1,0,2,3"
6220304099,142,9,15,"1,2,0,12"
7057242583,143,11,9,"3,6,11,8"
6798688004,143,11,1,"1,2,0,4"
8880781601,143,11,6,"1,3,19,0"
10753306305,144,9,16,"1,9,3,10"
10753405416,144,9,8,"1,0,2,3"
10753622963,144,9,8,"1,3,0,2"
10753323785,144,9,8,"1,0,3,2"
10753412816,144,9,8,"1,3,0,2"
10753629793,144,9,8,"1,3,22,0"
10753437334,144,9,8,"1,3,0,2"
10753424036,144,9,8,"1,3,0,2"
10753425736,144,9,8,"1,3,9,10"
10753340465,144,9,8,"3,9,1,10"
10753449334,144,9,8,"3,9,10,1"
10753433036,144,9,8,"3,9,1,10"
10753435346,144,9,8,"3,9,10,1"
10753436876,144,9,8,"9,3,10,1"
10753653393,144,9,8,"3,9,10,1"
10753458804,144,9,8,"3,9,10,1"
10753442476,144,9,8,"3,9,1,10"
10753444906,144,9,8,"3,9,1,10"
10753660683,144,9,8,"3,1,9,10"
10753896834,144,9,8,"3,9,1,10"
10753898074,144,9,8,"3,9,1,10"
10753795035,144,9,8,"3,9,1,10"
10753901534,144,9,8,"3,1,9,10"
12086407706,144,0,17,"1,9,3,2"
12086056963,144,0,17,"9,10,3,1"
12086059213,144,0,17,"9,3,1,10"
12086130754,144,0,17,"3,9,1,33"
12086133044,144,0,17,"3,1,9,33"
12085757595,144,0,17,"9,3,10,1"
12086067843,144,0,17,"9,3,1,10"
12086139334,144,0,17,"3,9,1,17"
12086424196,144,0,17,"3,1,0,2"
12086074673,144,0,17,"3,1,9,0"
12086076283,144,0,17,"3,1,0,2"
12086430186,144,0,17,"9,3,1,10"
12086431436,144,0,17,"9,3,1,10"
12086150864,144,0,17,"9,3,10,32"
12086152384,144,0,17,"3,9,10,20"
11851981694,144,0,17,"3,10,2,1"
12085781845,144,0,17,"9,3,10,1"
12085784185,144,0,17,"9,3,10,1"
12085786415,144,0,17,"9,3,1,10"
12086448686,144,0,17,"1,3,9,10"
12054245456,144,0,17,"1,2,0,12"
12054246966,144,0,17,"1,2,0,22"
12053394755,144,0,17,"1,2,0,12"
12053693233,144,0,17,"1,12,13,0"
12053398665,144,0,17,"1,2,0,12"
12053798764,144,0,17,"1,2,0,13"
12054258046,144,0,17,"9,3,10,1"
3261925919,146,11,15,"0,2,1,16"
3161131379,146,11,15,"1,2,0,4"
3162950672,146,11,15,"1,3,12,9"
3166217513,146,11,15,"1,0,2,3"
3166846500,146,11,15,"3,1,9,10"
3162380017,146,0,3,"3,1,9,10"
3162814956,146,0,3,"3,1,9,10"
3161973694,146,0,3,"1,3,9,10"
3161280863,146,0,3,"3,9,10,1"
3166857052,146,0,15,"1,2,0,3"
10359390804,149,9,12,"1,10,3,9"
10359478346,149,9,2,"3,24,1,9"
4021612879,151,9,23,"52,53,9,1"
5276372377,151,11,0,"1,3,35,12"
5276981950,151,11,12,"1,2,0,12"
6464968701,151,11,3,"1,3,10,9"
6464969777,151,11,3,"1,3,10,9"
7002968723,153,6,1,"1,2,0,4"
7002969363,153,6,1,"7,2,1,6"
7002969891,153,6,1,"3,1,7,6"
7002970629,153,6,1,"3,1,15,7"
7002971025,153,6,1,"0,6,11,2"
7002971369,153,6,1,"3,1,9,0"
6856856864,153,6,1,"1,2,0,7"
7002972385,153,6,1,"2,0,1,4"
7002972889,153,6,1,"2,0,1,4"
6856858724,153,6,1,"1,2,0,4"
7002974157,153,6,1,"1,0,2,4"
6856859734,153,6,1,"1,3,0,2"
6856860152,153,6,1,"3,9,10,1"
7002975259,153,6,1,"3,1,10,9"
7002975789,153,6,1,"3,1,9,10"
6856861344,153,6,1,"9,3,1,10"
6856861646,153,6,1,"0,1,2,11"
6856862100,153,6,1,"0,2,11,25"
7002977627,153,6,1,"2,0,1,25"
7002977947,153,6,1,"2,0,1,25"
6856863638,153,6,1,"1,0,11,25"
6856864256,153,6,1,"0,2,1,25"
7002979495,153,6,1,"9,3,10,1"
6856865068,153,6,1,"3,9,10,1"
7002980369,153,6,1,"3,1,10,9"
6856865942,153,6,1,"3,1,11,2"
7002981517,153,6,1,"9,3,10,1"
7002987187,153,6,0,"15,1,41,3"
5236982716,154,10,1,"1,0,2,26"
5236392997,154,10,1,"2,0,18,28"
5236985782,154,10,1,"2,0,1,18"
5239980470,154,10,1,"49,0,2,18"
5239981198,154,10,1,"0,2,1,25"
5239982122,154,10,1,"2,1,0,4"
5239384903,154,10,1,"1,0,2,12"
5239984316,154,10,1,"2,0,25,4"
5248432652,154,10,14,"2,0,20,11"
5247830399,154,10,14,"3,11,6,7"
5248435752,154,10,26,"2,7,0,6"
5247833395,154,10,26,"3,9,1,11"
5247834019,154,10,26,"3,11,25,6"
5247834523,154,10,26,"2,0,11,7"
5262319413,154,10,6,"3,10,9,52"
5262928544,154,10,6,"3,38,51,20"
5262320071,154,10,6,"3,6,7,11"
5262929456,154,10,6,"3,0,2,6"
5262929988,154,10,6,"3,1,9,2"
5262930578,154,10,6,"3,9,20,10"
5262322313,154,10,6,"3,10,9,1"
5262322795,154,10,6,"3,1,29,23"
5262323365,154,10,6,"3,20,6,11"
5262932556,154,10,6,"3,20,23,21"
5262932852,154,10,6,"3,20,0,51"
5262933200,154,10,6,"3,1,11,9"
5262933558,154,10,6,"3,10,1,9"
8982737358,154,3,3,"1,2,0,22"
8981544277,154,3,3,"1,3,0,2"
8981546481,154,3,3,"1,0,2,3"
8981548553,154,3,3,"3,1,0,22"
8982745292,154,3,3,"3,1,2,0"
8982747112,154,3,3,"0,2,1,22"
7720246558,157,8,6,"3,1,10,22"
7720245118,157,8,6,"3,1,25,10"
7720231122,157,8,3,"1,3,9,10"
7720227748,157,8,3,"3,1,55,0"
7720229438,157,8,3,"1,0,5,2"
2424446470,158,3,15,"0,1,2,3"
2438986425,158,3,12,"3,1,10,9"
6997064322,159,3,12,"1,2,0,3"
7143152813,159,3,0,"2,18,0,1"
2790958479,163,7,15,"3,9,1,17"
2791537579,163,7,15,"3,9,1,10"
2791542229,163,7,15,"10,3,9,1"
2791544803,163,7,15,"1,2,0,27"
2791548967,163,7,15,"1,2,0,12"
2791552929,163,7,15,"1,3,10,9"
2792407560,163,7,15,"3,9,1,34"
2792414020,163,7,15,"1,3,2,10"
2792553774,163,7,15,"1,2,10,3"
3588096397,163,5,3,"1,3,2,0"
3796450369,163,7,6,"3,1,9,32"
2792725173,164,6,1,"2,0,11,6"
2792725881,164,6,1,"2,0,4,1"
2793577608,164,6,1,"3,9,1,10"
2792726981,164,6,1,"1,3,7,2"
2792747353,164,6,5,"2,1,0,22"
2792747565,164,6,6,"1,2,0,27"
2792747745,164,6,5,"3,1,10,9"
2793599506,164,6,6,"20,3,18,2"
9194233283,168,5,15,"3,9,1,10"
9265700406,168,5,15,"3,9,1,10"
9197026404,168,5,15,"1,3,13,12"
9262925853,168,5,15,"1,3,13,12"
9194238427,168,5,15,"3,1,9,33"
9262928601,168,5,15,"3,1,9,33"
9197023026,168,5,15,"1,3,9,33"
9262922063,168,5,15,"1,3,9,33"
9143820520,168,5,15,"1,3,0,2"
9143815662,168,5,15,"3,33,2,0"
9258327219,168,5,15,"3,33,2,0"
9143811752,168,5,15,"3,9,1,10"
9258325271,168,5,15,"3,9,1,10"
9265699410,168,5,15,"1,3,9,10"
9143803516,168,5,15,"1,3,9,10"
9141578251,168,5,15,"1,3,0,2"
9265696592,168,5,15,"1,3,0,2"
9141580777,168,5,15,"1,3,0,22"
9258328139,168,5,15,"1,3,0,22"
9143800952,168,5,15,"6,7,1,0"
9261100036,168,5,15,"6,7,1,0"
9258317015,168,5,23,"3,1,9,14"
9258313169,168,5,23,"2,1,0,12"
2069765403,169,10,12,"10,9,3,1"
2070559568,169,10,12,"3,10,1,9"
2070560548,169,10,12,"3,1,9,10"
2070569972,169,10,0,"3,9,1,10"
2070570886,169,10,0,"3,9,10,1"
2069778611,169,10,0,"1,3,10,9"
2070575378,169,10,12,"3,9,1,10"
2070576516,169,10,12,"3,9,1,10"
2069784237,169,10,12,"3,10,1,9"
2069785189,169,10,12,"1,3,0,35"
2070579048,169,10,12,"3,9,1,10"
2070579982,169,10,12,"3,9,1,10"
8059607976,171,9,20,"1,0,3,61"
8059696474,171,9,20,"1,3,5,0"
8059609588,171,9,20,"1,3,9,35"
8059694246,171,9,20,"3,1,9,10"
8059691214,171,9,20,"1,3,5,58"
8059689293,171,9,20,"3,1,5,58"
8059612829,171,9,20,"1,3,22,0"
8059682862,171,9,20,"1,3,5,9"
8059680431,171,9,20,"3,1,9,5"
8059685690,171,9,20,"3,1,9,35"
8059674053,171,9,20,"1,3,9,0"
8059614678,171,9,20,"1,0,5,2"
8059676581,171,9,20,"1,3,9,10"
8059667803,171,9,20,"1,3,9,55"
8059664514,171,9,20,"1,3,35,43"
8059617913,171,9,20,"1,35,3,0"
8059670823,171,9,20,"1,3,35,5"
8059834381,171,9,16,"1,0,2,3"
8059819395,171,9,16,"1,0,2,3"
8059815384,171,9,16,"1,0,2,3"
8059810990,171,9,16,"1,3,0,9"
8059807590,171,9,16,"2,1,0,22"
8059805543,171,9,16,"3,9,1,10"
8059803061,171,9,16,"1,3,9,10"
8059799458,171,9,16,"1,2,0,22"
8059796232,171,9,16,"0,1,2,6"
8059793613,171,9,16,"1,0,2,3"
8059789637,171,9,16,"6,11,0,2"
5542970157,173,0,17,"9,3,1,10"
5543550928,173,0,17,"9,3,1,10"
5542962937,173,0,17,"9,3,1,10"
4936181316,173,4,1,"2,0,1,4"
4936181804,173,4,1,"3,11,7,6"
4935592901,173,4,1,"0,1,2,3"
4935593315,173,4,1,"0,2,25,11"
4936183214,173,4,1,"3,7,6,0"
4936183654,173,4,1,"3,1,0,25"
4935594707,173,4,1,"3,1,9,10"
4936184422,173,4,1,"2,0,1,4"
4936184800,173,4,1,"1,0,2,4"
4936185236,173,4,1,"1,0,2,7"
4936185660,173,4,1,"0,2,1,4"
4936186060,173,4,1,"1,2,0,31"
4936186532,173,4,1,"2,7,1,3"
4936187040,173,4,1,"0,2,1,18"
4936187536,173,4,1,"3,6,11,7"
4936188020,173,4,1,"2,0,1,4"
4935599093,173,4,1,"3,1,10,9"
4936188876,173,4,1,"1,3,10,40"
9802995653,174,8,1,"2,0,1,4"
9802909595,174,8,1,"2,0,1,4"
9802907835,174,8,1,"2,0,11,6"
9802941226,174,8,1,"2,0,11,6"
9802903355,174,8,1,"2,0,25,11"
9802925474,174,8,1,"11,6,2,0"
9802921634,174,8,1,"2,0,1,4"
9802931646,174,8,1,"2,0,1,4"
9802917974,174,8,1,"1,2,0,4"
9802915194,174,8,1,"1,2,0,4"
9802907654,174,8,1,"0,25,11,1"
9802916056,174,8,1,"2,0,25,26"
9802878285,174,8,1,"2,0,25,4"
9802898164,174,8,1,"2,0,25,26"
9802906316,174,8,1,"0,2,11,1"
9802869875,174,8,1,"0,2,11,1"
9802902666,174,8,1,"0,2,11,1"
9802946073,174,8,1,"0,2,1,25"
9802883984,174,8,1,"2,0,11,1"
9802882154,174,8,1,"1,0,25,3"
9802937063,174,8,1,"2,0,11,25"
9802935083,174,8,1,"2,0,25,11"
9803198423,174,8,1,"0,2,11,1"
9802877486,174,8,1,"2,25,0,4"
9802843065,174,8,1,"6,11,8,7"
9802874816,174,8,1,"9,3,10,1"
9856703605,174,8,0,"1,0,2,12"
5179083262,177,9,12,"3,9,1,10"
5179085228,177,9,12,"1,3,10,9"
5179087322,177,9,12,"1,3,10,9"
5179089158,177,9,12,"1,3,22,10"
5387131663,177,9,2,"3,1,9,10"
5387133275,177,9,2,"1,3,24,0"
5387738344,177,9,2,"3,1,9,10"
5387136159,177,9,2,"3,9,1,10"
5387137451,177,9,2,"1,3,0,2"
5387742070,177,9,2,"3,1,9,10"
5387743348,177,9,2,"3,9,10,1"
5387141389,177,9,2,"3,9,10,1"
5387142785,177,9,2,"9,3,10,1"
5387747104,177,9,2,"9,3,10,1"
5387144869,177,9,2,"3,9,10,1"
5387146187,177,9,2,"3,9,34,10"
5387750368,177,9,2,"3,9,34,1"
5387148167,177,9,2,"3,9,1,17"
5387149305,177,9,2,"9,3,1,10"
5387150811,177,9,2,"1,3,0,2"
5387152205,177,9,2,"3,1,10,9"
5387756946,177,9,2,"1,3,10,22"
5387155175,177,9,2,"3,1,10,9"
5387759196,177,9,2,"1,3,0,35"
5387760262,177,9,2,"9,3,10,17"
5387761386,177,9,2,"3,9,1,10"
5387159403,177,9,2,"3,9,10,1"
5387160287,177,9,2,"9,1,3,10"
5387764824,177,9,2,"3,9,1,10"
5387162649,177,9,2,"9,3,10,1"
5387164061,177,9,2,"3,9,1,10"
5387768690,177,9,2,"3,1,9,10"
5387166515,177,9,2,"3,9,1,10"
5387770936,177,9,2,"9,3,1,17"
5387772164,177,9,2,"0,1,2,26"
5387170205,177,9,2,"3,1,9,0"
5387774502,177,9,2,"3,1,9,22"
5387172275,177,9,2,"9,1,3,43"
5387776516,177,9,2,"3,9,1,10"
5387778480,177,9,2,"9,3,10,1"
5387176265,177,9,2,"9,1,3,10"
5387196193,177,9,3,"1,9,3,10"
5387801618,177,9,3,"3,9,10,1"
5387802648,177,9,3,"9,1,3,10"
5387199785,177,9,3,"9,3,10,1"
5387201035,177,9,3,"3,1,10,9"
5387202265,177,9,3,"10,3,1,9"
5387808152,177,9,3,"3,9,10,1"
5387809282,177,9,3,"10,9,3,1"
5387206417,177,9,3,"3,9,10,1"
5387207727,177,9,3,"9,3,1,10"
5387813462,177,9,3,"10,9,3,1"
5387815076,177,9,3,"10,9,3,1"
5387212055,177,9,3,"3,9,10,1"
5387817858,177,9,3,"3,9,10,1"
5387214801,177,9,3,"3,9,1,10"
5387215901,177,9,3,"3,9,1,10"
5387217247,177,9,3,"3,9,1,10"
5387822466,177,9,3,"3,9,1,14"
5387219291,177,9,3,"3,9,10,1"
5387220631,177,9,3,"3,10,9,1"
5387826342,177,9,3,"1,3,10,9"
5387828056,177,9,3,"3,1,10,9"
5387829842,177,9,3,"1,3,10,9"
5387226873,177,9,3,"9,10,3,1"
5387228077,177,9,3,"9,3,10,1"
5387833660,177,9,3,"9,3,1,10"
5387834702,177,9,3,"9,1,10,3"
5387231473,177,9,3,"10,9,3,1"
5387232779,177,9,3,"3,9,10,1"
5387233821,177,9,3,"3,9,1,10"
5387839406,177,9,3,"9,10,3,1"
5387236651,177,9,3,"9,10,3,1"
5387238681,177,9,3,"3,1,10,9"
5387240187,177,9,3,"9,3,10,1"
5387241885,177,9,3,"9,3,1,10"
5387243381,177,9,3,"3,9,1,10"
5387244507,177,9,3,"3,9,1,10"
5387245503,177,9,3,"1,2,10,3"
5387246687,177,9,3,"1,2,22,10"
5387247947,177,9,3,"1,3,2,10"
5387249389,177,9,3,"3,1,9,10"
5387854718,177,9,3,"3,1,9,10"
5387252037,177,9,3,"1,9,3,10"
5387253317,177,9,3,"9,3,1,10"
5387858904,177,9,16,"1,2,0,3"
5387255767,177,9,16,"1,2,0,10"
5387257059,177,9,16,"10,3,9,1"
5387258641,177,9,16,"1,3,10,9"
5387260103,177,9,16,"3,1,10,9"
5387866258,177,9,16,"1,2,3,10"
5387867542,177,9,16,"3,9,10,1"
5387264491,177,9,16,"3,1,9,10"
5464867435,177,9,9,"1,0,3,7"
5464869655,177,9,9,"3,9,1,60"
5465470996,177,9,9,"3,1,6,7"
5464874195,177,9,9,"0,2,1,4"
5465474150,177,9,9,"1,0,2,11"
5464877269,177,9,9,"3,1,9,10"
5464879307,177,9,9,"9,3,10,1"
5464880993,177,9,9,"1,0,2,4"
5465481368,177,9,9,"2,0,1,4"
5465482666,177,9,9,"1,0,2,3"
5464886193,177,9,9,"3,9,1,10"
5465485670,177,9,9,"1,2,0,4"
5464889837,177,9,9,"1,2,0,4"
5465489010,177,9,9,"1,0,2,31"
5464892605,177,9,9,"1,0,2,31"
5465492644,177,9,9,"1,0,3,2"
5464897347,177,9,9,"3,9,1,33"
5465497266,177,9,9,"1,2,0,31"
5464901773,177,9,9,"1,3,9,2"
5465501206,177,9,9,"1,3,10,9"
5465502946,177,9,9,"3,9,1,33"
5464906861,177,9,9,"1,0,3,2"
5464908663,177,9,9,"1,2,0,4"
5465508926,177,9,9,"1,0,2,4"
5464912867,177,9,9,"1,3,9,10"
5464915433,177,9,9,"1,3,0,2"
5465515590,177,9,9,"1,3,0,6"
5464919849,177,9,9,"0,2,1,6"
5464922853,177,9,9,"0,1,2,7"
5465522494,177,9,9,"3,1,9,32"
5465550792,177,9,9,"1,0,3,25"
5465552250,177,9,9,"1,3,9,10"
5465554182,177,9,9,"1,3,0,2"
5465556128,177,9,9,"3,1,9,10"
5464960231,177,9,9,"3,6,0,7"
5464961875,177,9,9,"3,0,1,2"
5465562596,177,9,9,"2,0,1,25"
5464965253,177,9,9,"1,2,0,7"
5464967555,177,9,9,"2,0,1,4"
5465567660,177,9,9,"1,0,2,31"
5464971017,177,9,9,"1,0,2,6"
5464980351,177,9,14,"2,0,4,26"
5465580966,177,9,14,"1,0,2,7"
5465582862,177,9,14,"2,0,7,6"
5465584672,177,9,14,"2,1,0,22"
5465587442,177,9,14,"3,1,0,7"
5465590010,177,9,14,"1,0,2,25"
5464992821,177,9,14,"1,3,0,6"
5464995375,177,9,14,"2,0,20,4"
5464997293,177,9,14,"2,0,11,6"
5465598522,177,9,14,"2,0,6,7"
5465600484,177,9,14,"3,25,11,1"
5465602394,177,9,14,"3,1,9,0"
5465005411,177,9,14,"3,1,25,11"
5465606006,177,9,14,"3,1,0,2"
5465670632,177,9,1,"0,2,6,7"
5465672510,177,9,1,"1,2,0,4"
5465075929,177,9,1,"2,0,7,6"
5465676892,177,9,1,"2,0,1,4"
5465080531,177,9,1,"2,0,1,7"
5465082921,177,9,1,"2,0,1,4"
5465084531,177,9,1,"1,2,0,4"
5465684414,177,9,1,"2,1,0,4"
5465087261,177,9,1,"2,0,1,4"
5465687974,177,9,1,"1,0,2,4"
5465092993,177,9,1,"2,0,1,4"
5465694440,177,9,1,"2,0,1,4"
5465098993,177,9,1,"2,0,1,27"
5465699264,177,9,1,"2,0,1,4"
5465103407,177,9,1,"0,2,1,6"
5465105181,177,9,1,"3,1,0,9"
5465106839,177,9,1,"2,1,0,31"
5465108369,177,9,1,"9,3,1,10"
5465110561,177,9,1,"0,2,1,4"
5465112151,177,9,1,"2,0,1,26"
5465114043,177,9,1,"3,1,9,10"
5465714098,177,9,1,"1,0,2,3"
5465117353,177,9,1,"3,1,9,10"
5465119339,177,9,1,"1,0,3,61"
5465719404,177,9,1,"1,2,0,22"
5465123049,177,9,1,"1,0,2,11"
5465722412,177,9,1,"1,2,27,4"
5465723706,177,9,1,"3,2,0,1"
5465127555,177,9,1,"10,1,3,9"
5465129347,177,9,1,"9,3,10,1"
5465130857,177,9,1,"3,1,9,15"
5465730004,177,9,1,"3,1,9,10"
5465134199,177,9,1,"3,9,1,10"
5465733596,177,9,1,"3,1,10,9"
5465735682,177,9,1,"9,3,10,1"
6993362892,177,3,12,"1,3,9,10"
6993288372,177,3,2,"0,1,2,31"
6993285712,177,3,2,"3,1,10,9"
7139363817,177,3,2,"2,0,1,27"
6993274256,177,3,2,"9,3,1,10"
7139356171,177,3,2,"0,2,11,25"
6993267022,177,3,2,"3,9,1,10"
7139348355,177,3,2,"3,1,9,10"
6993258812,177,3,2,"3,1,9,10"
6993255228,177,3,2,"3,10,1,9"
7139335957,177,3,2,"9,3,1,10"
7139332185,177,3,2,"1,9,3,10"
6993242410,177,3,2,"1,3,9,17"
7139324427,177,3,2,"9,3,10,1"
6993234206,177,3,2,"1,0,2,12"
7139314481,177,3,2,"1,3,2,22"
6993224386,177,3,2,"2,1,0,4"
7139306025,177,3,2,"3,1,10,9"
6993216116,177,3,2,"3,1,9,10"
6993212748,177,3,2,"3,1,9,10"
6993208534,177,3,2,"3,9,1,10"
6993203790,177,3,2,"1,3,9,10"
7139284055,177,3,2,"3,9,1,34"
6993195022,177,3,2,"3,1,9,10"
7139275033,177,3,2,"3,9,34,1"
6993186024,177,3,2,"3,1,34,9"
6993182324,177,3,2,"3,1,9,0"
6993178412,177,3,2,"3,1,9,34"
7139258801,177,3,2,"3,9,1,10"
6993157062,177,3,5,"1,3,10,2"
7139237893,177,3,5,"3,10,1,9"
6993148530,177,3,5,"1,10,3,7"
7139228395,177,3,5,"3,1,10,9"
7139223799,177,3,5,"3,9,1,10"
7139219215,177,3,5,"1,3,10,9"
6993129710,177,3,5,"3,1,9,10"
6993125340,177,3,5,"3,9,10,1"
7139200275,177,3,5,"2,0,11,6"
7139195931,177,3,5,"9,3,1,10"
6996355344,177,3,1,"3,9,14,20"
7142441145,177,3,1,"3,1,9,10"
7142437621,177,3,1,"3,9,1,10"
7142432849,177,3,1,"0,1,25,2"
6996341082,177,3,1,"2,0,25,11"
7142425039,177,3,1,"2,0,25,11"
7142421309,177,3,1,"0,2,25,11"
7142417461,177,3,1,"25,11,0,2"
7142413397,177,3,1,"9,3,10,1"
6996319678,177,3,1,"1,3,10,9"
7142404711,177,3,1,"9,3,10,1"
6996312718,177,3,1,"3,9,1,10"
7142398125,177,3,1,"1,0,2,31"
7142395029,177,3,1,"0,2,1,4"
6996303314,177,3,1,"0,2,1,4"
7142389369,177,3,1,"0,2,1,4"
6996297224,177,3,1,"0,2,7,6"
7142331409,177,3,3,"3,9,10,1"
6996238858,177,3,3,"9,3,10,1"
6996235998,177,3,3,"1,3,9,10"
7142321563,177,3,3,"9,3,10,1"
6996229240,177,3,3,"3,9,1,10"
6996225892,177,3,3,"9,3,1,10"
6996222026,177,3,3,"9,3,1,10"
7142306715,177,3,3,"9,3,10,1"
6996213784,177,3,3,"2,1,10,3"
6996209686,177,3,3,"2,3,10,11"
6996204862,177,3,3,"1,2,3,10"
6996200772,177,3,3,"2,1,0,27"
7142285389,177,3,3,"3,1,9,10"
7142281817,177,3,3,"3,9,10,1"
7142278623,177,3,3,"3,9,10,1"
7142274815,177,3,3,"3,1,10,9"
7145529853,177,3,0,"3,9,1,34"
6999441284,177,3,0,"3,1,9,34"
6999439258,177,3,0,"3,9,1,34"
6999437020,177,3,0,"9,3,1,10"
7145521699,177,3,0,"3,9,1,34"
6999432168,177,3,0,"3,1,9,34"
6999426804,177,3,7,"9,3,10,1"
6999424430,177,3,7,"9,3,34,1"
6999421808,177,3,0,"3,9,10,1"
6999414866,177,3,0,"9,3,1,10"
7145498743,177,3,0,"9,3,10,1"
6999408546,177,3,0,"10,1,9,3"
7145492583,177,3,0,"1,3,0,12"
6999400962,177,3,0,"3,7,6,11"
6999395502,177,3,0,"9,3,1,43"
7145480711,177,3,0,"1,3,9,43"
6999391374,177,3,0,"1,3,9,10"
6999388668,177,3,0,"9,3,10,1"
6999385908,177,3,0,"9,3,10,1"
6999382844,177,3,0,"9,10,3,1"
7145466713,177,3,0,"9,3,10,1"
7145463249,177,3,0,"1,3,0,19"
6999368706,177,3,0,"1,3,12,13"
7159408054,177,3,12,"3,9,1,10"
7159403592,177,3,12,"3,1,9,10"
7159399324,177,3,12,"3,1,9,10"
7159394080,177,3,12,"3,9,1,10"
7159289390,177,3,11,"1,3,9,10"
3129336076,179,9,6,"3,2,0,20"
3129338810,179,9,6,"3,11,6,1"
3129340440,179,9,6,"2,0,1,7"
3128513887,179,9,6,"3,20,29,2"
3129345618,179,9,6,"3,9,10,16"
3129347880,179,9,6,"3,9,1,15"
3131296635,179,9,6,"3,9,23,1"
3131298529,179,9,6,"3,9,10,1"
3132130310,179,9,6,"3,9,1,10"
3132133560,179,9,6,"3,1,9,10"
3131308171,179,9,6,"3,20,2,0"
3135469788,179,9,6,"3,20,23,21"
3135472412,179,9,6,"3,2,1,0"
3134654141,179,9,6,"3,9,1,17"
3135476046,179,9,6,"20,3,10,18"
3134657003,179,9,6,"3,10,20,9"
3174571252,179,9,12,"1,3,10,9"
10078702165,180,9,16,"3,1,15,9"
10079436196,180,9,1,"0,2,1,11"
10080378136,180,9,9,"7,6,8,0"
10080910674,180,9,2,"10,3,1,9"
10081305875,180,9,2,"1,2,22,0"
9221089636,181,5,1,"2,0,1,4"
9221098212,181,5,12,"1,2,0,22"
8663360669,182,9,1,"1,0,2,31"
8663360205,182,9,1,"3,7,1,6"
8664459292,182,9,1,"7,6,3,11"
8663361011,182,9,1,"2,0,20,11"
8664459820,182,9,1,"3,1,7,6"
8663359279,182,9,2,"1,3,0,12"
8663360853,182,9,1,"3,0,1,6"
8102590791,182,9,12,"3,1,9,10"
8136126017,182,9,1,"1,0,2,31"
8136231981,182,9,1,"3,1,6,7"
4821922383,184,3,7,"10,9,3,1"
4822540112,184,3,7,"3,1,10,9"
4821922457,184,3,7,"3,9,1,10"
4822540176,184,3,7,"3,0,2,1"
4822540228,184,3,7,"3,9,10,1"
4821922667,184,3,7,"1,3,9,10"
4822540430,184,3,12,"1,3,10,22"
8062213126,185,9,5,"1,2,10,0"
8076647123,185,9,1,"2,1,0,31"
