10457209566,0,9,0,"73,105,232,39,234,82,43,103,101,133"
10457230705,0,9,0,"60,6,176,203,18,119,89,205,108,62"
8655431797,1,2,0,"19,3,7,20,138,67,8,181,15,6"
8655431519,1,2,0,"3,7,91,6,102,20,64,19,67,92"
8655431217,1,2,0,"7,3,19,98,62,177,86,20,314,102"
8655430899,1,2,0,"92,7,3,20,61,123,19,93,16,129"
8655429225,1,2,0,"108,272,88,273,314,305,6,64,62,250"
5594442060,2,3,7,"245,286,315,353,108,255,254,306,50,114"
8091888943,3,4,2,"63,108,98,65,85,290,128,134,177,273"
13032566594,4,2,10,"217,10,123,34,7,0,36,47,168,12"
13032339143,4,2,10,"44,5,174,0,16,20,61,120,93,12"
13032344183,4,2,10,"5,78,124,174,47,162,8,58,241,278"
13032566884,4,2,10,"9,31,6,5,44,93,3,212,37,80"
13032344743,4,2,10,"73,127,39,28,105,121,30,36,96,63"
13032567314,4,2,10,"36,160,284,81,11,33,331,35,192,212"
13032202605,4,2,10,"283,191,213,193,320,282,228,161,167,195"
13032567724,4,2,10,"125,37,247,215,179,248,193,9,191,216"
13032560514,4,2,10,"31,125,93,9,0,29,41,3,1,4"
13502347425,4,2,5,"24,22,23,150,16,12,69,77,10,1"
13502348985,4,2,5,"22,24,174,166,1,38,152,159,163,23"
13502692624,4,2,5,"24,22,16,166,10,12,174,239,159,233"
13502445423,4,2,5,"22,1,24,124,174,5,166,4,40,211"
13502693184,4,2,5,"24,22,12,10,159,16,23,48,239,1"
13502349575,4,2,6,"1,166,22,222,4,174,241,152,179,12"
13502349605,4,2,6,"222,179,241,248,124,279,166,174,280,22"
13502693544,4,2,6,"22,222,166,163,24,93,168,38,219,7"
13502349855,4,2,6,"22,24,12,159,16,239,10,39,166,151"
13502690714,4,2,6,"22,24,166,219,174,12,159,163,1,208"
13502350115,4,2,6,"12,349,222,16,5,211,24,22,10,174"
13502446293,4,2,6,"22,24,23,166,16,12,1,69,208,150"
6001311842,5,7,2,"44,22,24,234,25,16,23,12,39,138"
6616994197,6,11,12,"96,106,73,7,97,102,67,103,39,19"
6616997441,6,11,12,"67,124,19,138,39,7,8,181,126,20"
6619897675,6,11,12,"15,10,14,13,333,238,155,4,154,1"
6619899599,6,11,12,"61,5,275,94,93,20,7,180,6,3"
6619939051,6,11,13,"118,120,102,56,218,55,91,129,111,64"
14009003964,6,3,0,"102,91,92,106,124,98,7,116,118,55"
14005362371,6,3,0,"99,231,94,90,300,95,305,119,324,89"
13990908556,6,3,12,"85,96,63,65,86,97,272,94,98,314"
14010827092,6,3,12,"92,67,7,106,73,96,94,97,129,20"
14034025453,6,3,12,"6,64,18,94,62,60,61,121,116,86"
14014026895,6,3,12,"88,86,7,290,98,85,62,273,96,108"
14034024753,6,3,12,"60,160,108,277,87,18,63,176,89,6"
14014026235,6,3,12,"86,98,85,176,63,277,88,60,90,65"
14014023645,6,3,7,"93,84,91,106,3,120,118,9,0,344"
6003549533,7,6,12,"103,73,82,106,43,96,105,86,177,205"
3678685434,8,5,9,"69,150,35,76,2,153,14,77,22,20"
5211726517,9,10,1,"16,167,92,24,103,323,22,74,249,12"
5212326406,9,10,1,"93,41,1,123,0,31,44,92,151,3"
5211728405,9,10,1,"31,9,93,29,34,125,0,123,3,33"
5212328534,9,10,1,"124,18,1,60,3,65,15,98,85,47"
5212330426,9,10,1,"194,28,192,44,37,34,45,191,30,33"
5211731559,9,10,1,"43,51,224,105,73,101,206,130,232,103"
5211732067,9,10,1,"219,167,66,170,228,23,44,39,158,77"
5212332640,9,10,1,"9,0,31,3,123,5,44,38,92,93"
2853076289,10,8,7,"254,50,315,293,242,286,51,285,102,56"
2859729527,10,8,1,"96,97,65,63,93,128,61,92,222,7"
2859730793,10,8,1,"261,96,293,92,97,262,129,180,56,135"
2859731817,10,8,1,"56,171,262,273,234,5,314,20,62,122"
2860559936,10,8,1,"39,65,49,63,134,6,7,64,85,105"
2860561400,10,8,1,"92,248,174,47,175,179,218,178,279,74"
2860562426,10,8,1,"96,135,63,134,253,65,121,73,97,98"
2860563212,10,8,1,"92,135,253,218,51,255,58,134,178,121"
2859737737,10,8,1,"92,178,7,129,118,5,123,218,120,286"
2859740751,10,8,1,"118,120,86,93,122,106,20,178,102,7"
2860569122,10,8,1,"9,31,93,6,64,0,3,120,125,47"
2860570794,10,8,1,"5,275,9,180,61,289,6,149,174,21"
2860572536,10,8,1,"192,172,46,212,54,34,33,193,2,80"
2860573910,10,8,1,"241,152,40,211,1,197,174,322,92,39"
2859748725,10,8,1,"193,191,228,320,195,37,192,149,283,36"
2860576936,10,8,1,"92,174,102,5,175,40,218,93,152,50"
2860578348,10,8,1,"102,39,322,174,211,248,40,179,289,1"
2859752207,10,8,1,"9,92,93,293,152,172,2,0,344,38"
2860580768,10,8,1,"92,178,20,5,174,218,263,9,180,93"
2860581812,10,8,1,"16,174,92,5,93,248,241,123,224,341"
2859756369,10,8,1,"75,189,47,1,42,39,8,162,186,128"
9439234640,11,3,3,"122,117,308,235,118,12,120,329,287,270"
9439234120,11,3,3,"117,122,235,287,329,308,66,270,12,102"
9439233668,11,3,3,"14,154,219,36,334,77,236,10,46,308"
9436452963,11,3,3,"154,10,36,15,14,77,339,54,122,6"
9439232666,11,3,3,"154,10,14,15,236,219,13,339,78,302"
9439232234,11,3,3,"20,204,181,138,19,139,12,27,126,141"
9436451591,11,3,3,"58,67,171,27,181,56,139,126,122,359"
9439231468,11,3,3,"20,162,181,126,27,12,138,143,139,67"
9436450427,11,3,3,"138,19,16,181,25,12,126,124,11,47"
6274245293,12,9,6,"22,174,24,1,166,222,38,4,152,163"
113327395,13,9,6,"16,19,1,24,138,15,23,10,77,22"
113233722,13,3,2,"12,16,38,25,24,19,23,138,20,69"
113233743,13,3,2,"129,85,64,60,6,116,18,98,63,62"
2223428948,14,3,2,"6,21,129,66,64,78,18,26,121,249"
10786864783,15,9,11,"86,63,88,98,314,3,273,62,85,4"
6225544093,16,0,16,"40,6,103,122,12,42,5,10,121,124"
6225544653,16,0,16,"10,154,12,15,4,292,120,16,294,93"
6225544897,16,0,16,"287,204,164,20,27,6,67,288,170,122"
6225545191,16,0,16,"1,4,3,15,0,38,20,6,10,93"
9441102343,17,5,2,"10,11,12,4,1,13,14,15,16,17"
3451098894,18,3,12,"34,179,248,36,47,280,241,279,77,322"
3475585464,18,3,18,"92,6,64,46,129,130,88,206,96,218"
6972404886,19,3,6,"5,174,16,311,61,107,281,92,12,40"
3269984902,20,1,6,"83,36,29,31,30,7,28,9,6,56"
5825044501,21,5,1,"34,47,217,36,49,0,9,8,80,7"
5825046719,21,5,1,"150,69,77,44,1,23,151,153,46,22"
5825049051,21,5,1,"44,77,150,93,125,37,23,36,212,48"
5825611034,21,5,1,"331,0,47,162,77,332,153,152,281,174"
5173310889,22,10,19,"18,21,63,6,60,136,3,65,96,85"
5173290565,22,10,19,"65,107,73,121,103,63,106,128,105,124"
5541305391,22,2,19,"66,6,121,289,9,85,92,129,187,210"
5542380586,22,2,11,"7,19,20,3,12,93,123,22,138,91"
6228840712,22,9,19,"88,98,62,86,85,60,314,18,273,272"
6228844580,22,9,19,"88,317,187,63,290,85,261,171,262,65"
6228838384,22,9,19,"129,92,206,218,6,49,39,36,202,64"
6228842824,22,9,19,"251,230,6,122,263,202,88,299,54,115"
6228846788,22,9,19,"7,88,62,86,122,84,3,250,12,93"
6605221323,22,11,19,"121,6,32,173,21,54,64,149,9,235"
6605223167,22,11,19,"204,20,19,67,7,138,6,12,139,181"
6605225077,22,11,19,"317,88,171,67,204,54,202,206,290,85"
6656609381,22,0,9,"69,35,212,33,150,191,80,34,77,2"
6656567657,22,0,9,"69,150,35,77,2,44,14,76,193,23"
6656586173,22,0,9,"21,6,64,272,18,54,60,121,137,67"
6656574243,22,0,9,"89,108,205,160,304,73,87,63,203,60"
6656578761,22,0,9,"107,89,206,174,99,121,178,124,203,162"
6656592513,22,0,9,"106,92,96,178,102,118,7,93,73,123"
6656596069,22,0,9,"265,73,177,103,105,82,106,39,121,204"
6656598813,22,0,9,"84,304,206,107,205,203,108,82,99,89"
6656605085,22,0,9,"219,48,76,150,23,151,69,153,8,170"
6656608175,22,0,9,"129,6,78,9,21,58,61,56,47,39"
6656570617,22,0,9,"93,41,217,199,167,174,31,68,197,247"
6656551691,22,0,9,"101,100,108,82,223,73,105,85,128,206"
6656554505,22,0,9,"206,107,101,82,100,105,55,73,128,89"
6656556279,22,0,9,"133,101,100,82,51,218,43,250,108,59"
6656545989,22,0,9,"171,101,317,88,43,133,5,100,189,53"
6657404059,22,0,4,"202,46,172,54,64,206,308,272,6,67"
6657406863,22,0,4,"6,5,218,118,327,243,64,120,173,21"
6835256149,22,0,2,"102,55,260,91,288,64,178,116,206,100"
5627184167,23,3,2,"95,90,99,231,94,84,345,300,85,305"
3520200191,24,3,3,"124,16,138,167,19,25,200,181,256,12"
3520200981,24,3,3,"138,75,16,167,12,25,48,124,19,298"
3521013302,24,3,3,"242,117,122,202,308,263,288,130,293,64"
3520202513,24,3,3,"256,184,24,200,233,229,167,259,152,207"
3520203173,24,3,3,"256,167,298,200,103,16,24,93,124,208"
3520203693,24,3,3,"286,256,138,16,124,75,25,14,54,167"
3521015914,24,3,3,"200,208,256,266,124,93,227,167,233,269"
3528090103,25,4,0,"3,15,7,6,19,5,20,8,61,124"
8530482929,26,0,12,"106,102,91,92,118,96,117,97,120,243"
2757043926,27,4,6,"92,51,203,96,43,93,59,102,133,205"
7072601667,28,3,1,"1,137,218,4,174,91,22,120,118,5"
7072602789,28,3,1,"174,92,5,218,1,91,102,137,163,197"
7072604485,28,3,1,"211,10,322,173,40,348,320,241,248,195"
7072606341,28,3,1,"75,48,44,14,76,339,77,78,79,150"
6926531310,28,3,1,"69,150,77,151,76,1,23,153,66,44"
7070339361,28,3,1,"28,29,30,37,146,31,130,32,217,246"
7072611145,28,3,1,"66,46,210,130,12,198,122,54,2,287"
6926535638,28,3,1,"9,93,123,5,180,178,22,3,222,174"
7072614121,28,3,1,"22,61,93,3,0,1,174,123,9,222"
6926538140,28,3,1,"70,121,34,66,91,212,3,124,136,101"
6926539220,28,3,1,"42,174,162,14,75,40,54,5,78,153"
6926540584,28,3,1,"22,174,10,24,27,166,153,39,162,20"
6926542250,28,3,1,"38,1,12,16,10,92,23,137,218,42"
7070340629,28,3,1,"2,9,3,1,123,35,8,7,0,4"
6926543284,28,3,1,"16,10,12,167,75,211,40,241,23,92"
7072622077,28,3,1,"10,193,16,143,12,320,14,17,348,248"
6924261588,28,3,1,"172,149,121,6,46,327,334,92,140,146"
7812437350,29,7,17,"51,43,101,96,94,106,100,82,223,99"
5142213263,30,10,14,"77,124,47,23,153,162,75,8,48,76"
5142354929,30,10,2,"15,225,183,156,13,14,246,236,35,10"
5142959050,30,10,2,"225,156,217,236,183,226,35,157,155,213"
5142191139,30,10,4,"45,37,130,146,28,212,81,143,104,194"
5142694296,30,10,4,"38,77,23,69,44,16,75,348,14,10"
5142191603,30,10,4,"130,46,145,146,147,54,148,48,149,43"
5142192487,30,10,4,"54,5,46,121,130,210,149,230,21,122"
5142193095,30,10,4,"36,30,28,35,29,71,32,31,33,217"
2518664298,31,4,20,"118,120,102,124,278,64,211,40,252,91"
2517845479,31,4,20,"64,120,118,91,176,86,60,129,3,102"
5306920156,32,11,15,"15,10,14,137,13,91,12,156,246,3"
5306330761,32,11,15,"63,272,82,273,10,314,62,15,218,86"
5306923466,32,11,15,"308,339,271,294,79,238,202,75,23,323"
5306925072,32,11,15,"170,12,308,349,164,49,326,39,339,271"
5306926600,32,11,15,"170,164,326,308,12,271,349,49,339,39"
5306927876,32,11,15,"128,186,94,260,202,108,187,61,218,9"
5306338277,32,11,15,"15,13,219,170,158,14,155,124,182,201"
5306931226,32,11,15,"164,218,174,39,124,102,170,91,8,21"
2379461395,33,2,5,"170,12,164,153,66,219,220,16,167,46"
2379461543,33,2,5,"22,4,1,7,166,123,93,333,168,16"
2379461695,33,2,5,"4,1,7,3,93,0,92,36,8,16"
2380298636,33,2,5,"101,189,100,43,276,186,51,133,46,73"
2380298760,33,2,6,"174,16,92,94,74,61,5,216,341,215"
2379462107,33,2,6,"166,174,22,7,120,123,1,163,118,92"
2380299150,33,2,6,"5,43,16,58,106,174,73,103,94,39"
5914870638,34,6,0,"61,92,96,93,180,91,178,275,97,102"
2128402684,35,10,1,"61,86,98,177,273,314,261,106,94,92"
2068252693,35,10,3,"22,120,118,166,4,10,292,234,122,1"
2353885993,36,2,16,"24,12,138,16,19,39,25,61,202,181"
2354716362,36,2,16,"102,98,118,120,86,178,91,92,356,116"
2354717198,36,2,16,"122,208,269,250,71,164,266,108,12,328"
2354714674,36,2,16,"73,219,103,105,107,232,224,7,39,8"
2353885195,36,2,16,"43,51,133,103,59,224,82,118,218,96"
2354717884,36,2,12,"102,242,91,92,171,88,94,118,100,5"
2354719646,36,2,12,"73,39,96,94,67,321,97,7,6,74"
2353890265,36,2,0,"254,52,55,107,43,245,327,51,286,210"
5062301579,37,8,1,"167,28,34,194,30,33,192,146,45,228"
10529523064,38,9,15,"85,231,90,86,95,127,136,84,63,340"
7501155728,39,6,3,"122,121,22,6,204,39,21,54,235,82"
6627056651,40,11,5,"104,25,122,6,21,48,54,67,249,138"
6627058097,40,11,5,"54,121,21,180,46,262,5,58,10,122"
6627060037,40,11,5,"103,83,104,101,286,82,73,122,58,12"
6627062403,40,11,5,"286,219,58,54,121,56,46,122,154,130"
6627063789,40,11,6,"24,38,159,151,239,22,158,259,184,233"
6627065103,40,11,6,"129,92,121,130,46,122,17,54,12,297"
6627066221,40,11,6,"118,129,327,254,218,120,96,100,243,178"
6627067503,40,11,6,"130,54,146,46,121,122,237,210,167,228"
6627068871,40,11,6,"130,228,41,214,46,199,197,201,225,146"
6627070155,40,11,6,"130,46,121,54,122,146,6,83,263,73"
6627071381,40,11,6,"30,81,45,212,33,192,36,32,28,161"
10954702974,41,10,3,"253,52,108,58,55,54,254,255,134,135"
8711162218,42,2,3,"138,167,93,19,16,159,181,15,67,25"
4011715327,43,9,1,"31,28,29,32,93,130,34,339,30,217"
4011717397,43,9,1,"46,130,149,54,210,121,6,308,48,294"
4014101464,43,9,1,"69,150,34,47,80,33,35,37,27,76"
9525096726,44,4,7,"3,6,7,19,18,20,64,129,204,21"
9525085728,44,4,0,"27,48,0,61,67,8,21,19,1,3"
9522300193,44,4,12,"3,6,7,19,18,8,64,15,92,4"
9522298081,44,4,12,"3,61,12,19,93,20,7,174,15,27"
9525082060,44,4,12,"127,128,65,144,186,96,63,106,97,2"
9522283675,44,4,1,"69,150,38,2,34,1,151,23,77,44"
9522282899,44,4,1,"76,152,24,150,23,48,69,27,22,151"
5171774719,45,10,7,"218,223,274,188,237,92,185,330,149,52"
5173708928,45,10,0,"52,55,56,82,96,122,6,272,5,58"
5287643560,45,11,8,"73,105,39,234,82,103,56,106,96,232"
5287647256,45,11,8,"93,16,19,138,103,51,82,25,105,43"
5288920539,45,11,6,"96,82,97,105,106,92,51,73,103,270"
5291745046,45,11,0,"190,188,128,244,185,73,187,127,96,51"
5292555226,45,11,20,"188,185,190,223,51,244,101,43,96,106"
5496739526,45,2,22,"51,96,43,97,73,106,82,224,232,50"
5496305635,45,2,22,"128,24,73,105,188,61,187,185,96,43"
5501352383,45,2,7,"51,43,224,82,59,103,96,276,133,232"
5969019832,45,6,19,"122,96,6,86,54,88,204,64,93,56"
5969702968,45,6,19,"130,121,54,46,319,164,86,205,48,73"
5974130024,45,6,19,"51,43,103,232,82,73,96,105,224,234"
5974137640,45,6,19,"88,273,272,51,43,314,224,103,92,63"
6016906562,45,7,12,"96,97,43,106,103,73,92,93,118,224"
6088160199,45,7,1,"16,105,73,24,97,130,103,96,205,43"
6161434789,45,8,14,"177,51,203,43,305,92,205,99,73,108"
10956433675,46,10,1,"51,43,188,190,185,223,82,133,224,172"
10956453955,46,10,1,"51,43,149,130,185,46,105,188,172,73"
5936319837,47,9,3,"16,138,19,15,93,124,1,167,3,159"
8103053166,48,3,19,"92,20,162,67,5,126,47,12,16,174"
8103053698,48,3,19,"218,46,273,56,108,55,171,230,314,92"
8103054366,48,3,19,"92,174,61,175,88,72,162,67,361,152"
8103040953,48,3,19,"174,12,177,20,16,72,173,348,211,162"
8103055396,48,3,19,"92,16,173,55,12,174,40,20,211,143"
5490307743,49,2,20,"6,121,61,54,149,180,21,5,275,56"
3257754822,50,0,6,"47,61,16,126,20,5,162,8,78,153"
3257755608,50,0,6,"83,121,46,51,130,104,73,43,66,63"
5016811672,51,8,0,"102,260,124,91,55,116,64,118,278,178"
8177187551,52,10,1,"103,22,5,24,93,102,40,7,124,279"
8177209127,52,10,1,"182,213,246,158,155,157,183,13,156,151"
7077103313,53,3,22,"84,231,300,305,315,90,108,99,89,2"
3515016259,54,2,6,"50,43,51,57,5,224,255,353,172,276"
4011740122,54,7,0,"55,102,260,116,98,107,288,64,91,178"
4010974829,54,7,0,"129,206,61,288,55,102,98,64,118,46"
4011740890,54,7,0,"98,86,273,314,119,62,88,177,94,90"
4010975519,54,7,0,"98,86,314,177,88,62,119,273,63,94"
3227940185,55,0,6,"104,83,54,130,21,198,103,6,73,146"
3227952733,55,0,6,"83,100,101,104,82,103,102,105,73,51"
3234111574,55,0,6,"104,83,103,105,107,167,73,101,249,100"
3231462666,55,0,6,"83,103,104,101,105,100,224,73,107,59"
4333279897,56,4,2,"210,263,52,185,55,255,54,135,310,121"
9075056746,57,5,11,"86,54,63,6,262,62,273,261,171,106"
1580243075,58,8,5,"151,219,153,93,158,167,191,220,14,174"
1581147728,58,8,5,"61,174,5,16,47,123,20,8,7,1"
512110525,59,4,8,"93,15,1,0,3,39,41,123,19,124"
3133064916,60,9,5,"7,222,118,93,117,122,6,20,92,254"
3134399041,60,9,6,"65,189,128,63,103,186,312,39,54,22"
3135228190,60,9,6,"24,22,12,273,174,16,159,5,10,314"
3138015230,60,9,6,"101,100,130,308,21,339,64,146,223,22"
4504353865,61,3,11,"63,86,98,85,62,177,88,314,134,60"
154881421,62,3,12,"43,5,174,224,46,118,51,223,55,59"
141755431,62,2,6,"5,54,121,58,46,180,149,12,14,130"
3751656475,63,7,1,"1,31,0,93,3,2,124,34,47,9"
12032354203,64,11,16,"102,86,98,64,91,116,117,118,119,94"
12032444964,64,11,16,"118,102,178,91,120,64,5,55,93,92"
12052643716,64,11,1,"99,94,231,160,95,84,90,85,305,299"
12052644346,64,11,1,"246,193,213,157,30,182,155,183,225,226"
4829407001,65,6,23,"174,249,39,5,16,68,27,162,26,20"
5150767940,66,10,1,"145,148,147,323,214,271,54,167,75,185"
2589380207,67,4,12,"10,15,238,102,159,93,333,1,4,13"
5638056106,67,4,12,"10,15,238,102,159,93,333,1,4,14"
2589382825,67,4,12,"62,67,20,88,273,65,96,85,116,86"
5638064986,67,4,12,"62,67,20,273,88,65,85,86,116,96"
5637489577,67,4,12,"129,218,96,92,94,133,91,56,97,102"
2589383301,67,4,12,"129,218,96,92,94,133,91,56,97,102"
5637490355,67,4,12,"7,3,18,60,8,176,64,87,124,107"
2589383643,67,4,12,"7,3,18,60,8,64,176,87,124,107"
5638067184,67,4,12,"3,61,92,94,7,129,64,18,6,60"
2589383847,67,4,12,"3,94,92,129,61,7,64,18,6,60"
2589385037,67,4,12,"94,3,61,6,202,96,128,121,85,63"
5638070560,67,4,12,"94,3,61,6,202,121,96,128,85,63"
5641205540,67,4,15,"3,20,18,92,7,8,162,19,129,27"
2592340209,67,4,15,"3,18,20,7,92,8,162,19,129,27"
2592340487,67,4,15,"7,3,18,8,20,124,19,91,27,64"
5640635557,67,4,15,"7,3,18,8,20,124,19,91,27,162"
2592343419,67,4,15,"7,3,93,124,123,20,19,27,8,179"
5640642269,67,4,15,"7,3,93,124,123,20,19,27,8,179"
2593181906,67,4,15,"39,7,3,124,18,8,116,108,102,89"
5640643033,67,4,15,"7,39,3,124,18,116,8,102,108,89"
2593182404,67,4,15,"124,7,129,3,20,61,19,6,278,8"
5641213792,67,4,15,"124,7,129,3,61,20,19,6,278,8"
2592344829,67,4,15,"8,124,1,40,47,75,16,78,19,39"
5641214332,67,4,15,"124,8,1,40,47,78,16,75,39,19"
5641214902,67,4,15,"3,124,8,7,19,1,21,47,6,78"
2592345571,67,4,15,"3,124,8,7,21,1,19,6,47,64"
2593183880,67,4,15,"8,124,3,1,7,19,47,67,39,76"
5641215426,67,4,15,"8,3,124,1,7,19,47,67,78,162"
5640645893,67,4,15,"48,75,76,21,3,124,14,78,15,139"
2592346297,67,4,15,"48,75,76,21,3,124,14,78,139,15"
5641217652,67,4,15,"127,63,65,128,39,85,73,186,106,219"
2593184678,67,4,15,"127,63,65,128,39,85,106,73,186,219"
2593185026,67,4,15,"107,124,206,64,3,278,288,202,232,82"
5641218356,67,4,15,"107,124,206,278,64,3,202,232,288,82"
2592347377,67,4,15,"7,124,8,3,47,78,219,67,116,27"
5641218896,67,4,15,"7,124,3,8,47,78,219,67,116,27"
2593185976,67,4,15,"3,107,123,7,108,187,124,8,65,222"
4499491171,68,3,20,"67,20,27,102,92,69,94,12,174,218"
7077542361,69,3,7,"121,185,82,128,188,132,131,111,51,223"
6931518134,69,3,7,"185,188,106,118,223,128,264,97,107,121"
8414815482,69,3,7,"92,234,56,133,82,218,186,61,53,291"
8468647933,69,8,0,"52,46,55,218,100,171,58,121,310,56"
8477969172,69,11,7,"73,103,43,105,196,39,167,93,232,224"
8476867709,69,11,7,"39,73,232,105,107,103,24,16,82,206"
6220220838,70,9,0,"160,65,108,63,277,177,2,186,109,85"
6220221786,70,9,0,"160,55,284,263,11,109,9,275,260,64"
6220222554,70,9,0,"124,102,278,91,106,119,100,98,225,89"
6220223392,70,9,0,"63,65,86,277,88,90,128,85,160,176"
6220224346,70,9,0,"55,260,102,263,160,9,313,116,93,98"
6295441333,70,9,8,"93,19,16,22,39,166,7,15,138,3"
6295977478,70,9,8,"8,7,123,219,124,39,27,19,15,3"
6295982180,70,9,8,"103,167,105,219,224,7,3,67,43,8"
6295985878,70,9,8,"22,39,123,24,166,12,103,174,3,168"
6295463011,70,9,8,"22,101,100,39,12,102,73,105,24,103"
6295999298,70,9,8,"39,105,73,12,24,93,103,92,22,7"
6295474549,70,9,8,"22,39,73,24,105,12,94,101,102,103"
6295496217,70,9,8,"39,22,105,103,24,167,94,166,104,174"
6296018850,70,9,8,"104,22,105,187,66,127,65,94,101,83"
8719766606,71,3,9,"273,54,314,172,56,139,67,62,88,171"
8719766248,71,3,9,"150,69,76,175,2,47,78,23,35,8"
11221974786,72,10,0,"92,7,3,93,20,19,124,61,123,91"
11221974206,72,10,0,"92,94,96,67,74,218,7,129,97,93"
11221954065,72,10,0,"7,6,3,102,203,91,60,100,64,119"
8363295521,73,11,12,"7,3,19,124,6,18,20,202,67,8"
2812227951,74,7,14,"133,218,36,37,143,81,186,63,274,34"
2812231907,74,7,14,"38,93,166,125,1,123,16,4,22,41"
3084875516,75,9,0,"118,120,292,84,101,91,223,178,174,5"
9079163041,76,5,15,"16,12,326,349,312,39,137,75,10,1"
9081388904,76,5,15,"16,75,326,39,23,249,212,77,12,48"
9081389956,76,5,15,"1,16,12,93,41,10,39,24,75,68"
9079166931,76,5,15,"38,16,12,24,1,75,10,41,152,154"
9079168145,76,5,15,"38,16,39,40,41,12,42,43,1,24"
9116951106,76,5,22,"58,101,108,133,206,56,272,61,94,230"
9116957152,76,5,20,"108,88,98,62,86,253,273,115,291,99"
9114732863,76,5,20,"88,86,62,273,314,98,90,63,96,317"
9114758779,76,5,1,"150,69,23,77,76,44,22,153,48,79"
9114760715,76,5,1,"150,69,23,77,44,76,79,48,153,22"
9114762601,76,5,1,"69,150,23,77,76,44,48,153,79,75"
9114764987,76,5,1,"42,7,27,287,47,240,78,162,8,49"
9114766249,76,5,1,"39,18,4,339,120,322,254,93,137,222"
9116991528,76,5,1,"58,55,54,52,121,286,46,21,230,6"
9114768213,76,5,1,"176,85,203,90,86,99,89,98,119,136"
9114770003,76,5,1,"69,150,77,35,38,23,14,76,2,44"
9114772089,76,5,1,"69,150,38,35,2,77,33,1,298,44"
9114774219,76,5,1,"69,150,35,77,2,44,298,76,75,34"
9114792923,76,5,2,"16,93,102,51,43,124,15,10,103,12"
9114794777,76,5,2,"16,12,10,22,4,93,138,19,167,11"
9117020948,76,5,2,"46,210,288,263,55,310,50,218,313,237"
9114798343,76,5,2,"98,102,64,260,91,88,119,116,96,86"
9114800185,76,5,2,"253,128,255,58,134,135,108,98,185,187"
9114801913,76,5,2,"263,135,185,121,188,253,134,210,98,96"
9117028174,76,5,2,"96,73,107,82,101,121,65,185,105,106"
9117030052,76,5,2,"73,107,106,105,101,82,96,121,55,206"
9117041138,76,5,12,"94,95,119,99,84,305,203,300,299,90"
9117673726,76,5,12,"106,50,92,82,102,96,56,53,7,93"
9115451297,76,5,12,"106,50,53,96,82,56,92,102,97,51"
9115456033,76,5,0,"94,90,99,95,127,261,63,85,231,46"
9237419654,76,6,19,"4,1,18,21,137,129,22,218,12,3"
9234639443,76,6,19,"18,60,63,176,87,85,65,86,98,90"
9234640659,76,6,19,"136,18,39,137,70,87,92,318,326,68"
9234642225,76,6,19,"136,18,137,39,87,70,21,318,218,298"
9237425014,76,6,19,"18,87,65,60,136,176,63,96,134,85"
9237425814,76,6,19,"70,273,136,314,203,86,218,62,18,112"
9237426884,76,6,19,"63,107,1,18,3,87,65,39,136,128"
9237428158,76,6,19,"128,144,65,66,63,127,96,97,109,39"
9234647819,76,6,19,"18,8,136,137,78,1,218,87,42,47"
9234649685,76,6,19,"121,129,101,82,6,218,133,91,96,64"
9237432612,76,6,19,"64,116,91,176,272,124,102,60,18,218"
9234652387,76,6,19,"39,8,70,219,69,18,318,3,150,78"
7002437680,77,3,3,"118,120,292,242,117,293,230,122,130,294"
5198478760,78,9,1,"150,69,76,153,77,23,14,44,79,295"
5197891159,78,9,1,"69,150,77,44,76,153,23,79,48,34"
8662251611,79,3,1,"96,6,73,65,204,63,121,202,39,85"
8662255099,79,3,1,"96,73,128,61,127,65,63,105,97,51"
8662259469,79,3,1,"91,96,108,63,39,120,118,61,222,92"
6820402424,80,2,22,"95,231,86,85,84,160,35,90,73,94"
4471465102,81,10,5,"24,159,16,67,170,219,12,15,1,124"
4470706771,81,10,5,"67,15,27,3,20,7,8,19,124,12"
4470731627,81,10,5,"3,221,67,7,1,20,27,4,61,8"
4470932787,81,10,6,"92,67,8,219,124,126,20,39,7,162"
4470951631,81,10,6,"73,107,103,82,39,232,105,124,100,106"
4471748722,81,10,6,"1,8,124,219,23,170,4,15,39,164"
4470987175,81,10,6,"83,103,219,104,66,184,198,105,146,73"
4471789340,81,10,6,"103,105,73,39,130,164,67,122,224,219"
4471213057,81,10,6,"106,73,164,103,39,107,319,124,219,224"
4471236457,81,10,6,"124,219,8,15,77,23,1,39,20,67"
4471257027,81,10,6,"104,83,63,73,105,101,167,161,146,30"
4472053280,81,10,6,"83,104,66,198,184,73,167,207,146,103"
4472086796,81,10,6,"104,83,191,167,161,127,37,73,228,193"
4472122848,81,10,6,"32,130,73,122,121,30,105,6,46,29"
4472144974,81,10,6,"130,146,121,46,54,30,17,29,66,28"
4471385911,81,10,6,"130,146,46,69,271,148,196,150,35,2"
4472184856,81,10,6,"130,83,121,236,146,31,30,73,35,46"
4472203062,81,10,6,"35,146,130,30,339,80,336,31,294,46"
4472219730,81,10,6,"236,183,157,246,13,35,15,14,182,146"
4472237164,81,10,6,"236,226,183,35,146,201,157,336,30,246"
4472252382,81,10,6,"130,146,54,121,37,46,247,122,83,2"
4471489207,81,10,6,"130,54,83,146,121,46,43,66,63,30"
4472284652,81,10,6,"130,73,121,43,83,54,46,203,105,146"
4471526827,81,10,6,"130,104,54,146,83,28,46,121,149,30"
4471545391,81,10,6,"83,104,73,192,30,105,31,63,236,28"
4471567771,81,10,6,"83,30,193,28,104,35,81,130,33,45"
4471585949,81,10,6,"83,73,105,234,121,30,232,28,82,130"
4471606161,81,10,6,"83,73,30,28,32,104,81,105,33,130"
4472399702,81,10,6,"83,104,73,130,63,30,105,101,35,81"
4472415676,81,10,6,"73,130,83,205,105,192,304,203,121,30"
4472432472,81,10,6,"146,130,30,336,147,35,6,46,2,271"
4471668555,81,10,6,"83,104,146,130,31,121,30,73,118,32"
4472459430,81,10,6,"83,104,146,35,130,38,30,73,193,32"
5269978517,82,10,1,"13,14,10,154,15,155,156,158,157,182"
7863654086,83,7,1,"54,58,5,56,46,55,149,52,210,121"
7863655364,83,7,1,"75,48,44,76,47,27,77,79,221,14"
7863657518,83,7,1,"93,41,31,179,125,166,123,22,7,0"
7863658932,83,7,1,"69,150,23,77,44,48,76,38,25,79"
7863660540,83,7,1,"69,150,77,23,76,44,48,14,153,27"
7863661800,83,7,1,"93,41,31,1,123,125,4,3,0,22"
7863669660,83,7,1,"123,0,7,92,34,3,9,93,221,8"
8212199483,84,9,16,"138,122,181,19,117,67,12,153,126,39"
7667585094,85,0,3,"167,16,138,25,93,298,259,24,256,184"
7667584668,85,0,3,"16,167,24,159,138,25,298,93,259,228"
7667584246,85,0,3,"124,24,15,159,10,103,93,3,170,16"
7667583612,85,0,3,"93,10,12,1,4,14,15,13,16,118"
7667583078,85,0,3,"167,138,16,103,25,159,19,298,24,181"
7667582568,85,0,3,"167,16,24,233,213,159,256,259,182,155"
11025866894,85,0,3,"167,24,16,233,259,159,338,213,256,184"
7667582162,85,0,3,"219,286,63,12,17,9,46,170,66,10"
7667581584,85,0,3,"46,32,121,103,12,54,130,149,48,105"
7667580998,85,0,3,"102,118,54,55,5,218,122,43,120,82"
7667580646,85,0,3,"63,12,54,121,42,86,46,314,62,16"
7667580064,85,0,3,"122,12,67,138,19,56,181,16,54,286"
7667579496,85,0,3,"66,22,138,170,26,44,12,153,79,46"
7667579038,85,0,3,"27,26,202,19,122,67,308,138,6,209"
7537440702,86,5,1,"69,76,150,14,23,27,48,152,153,346"
7537441988,86,5,1,"193,13,14,10,192,191,15,1,320,93"
2977763392,87,9,23,"14,15,13,10,1,159,154,155,238,333"
2977768306,87,9,23,"10,1,4,15,333,154,159,239,140,16"
2994220992,87,10,10,"1,102,4,20,93,118,120,64,31,116"
3889114822,87,8,0,"20,67,181,27,126,139,19,138,141,8"
3889222472,87,8,0,"34,217,246,71,49,30,35,28,7,47"
3888431639,87,8,0,"16,19,92,138,12,93,25,181,20,126"
2724781020,88,6,16,"24,16,12,23,25,138,1,238,38,159"
2723963529,88,6,3,"124,12,103,15,138,298,139,137,19,16"
2723965487,88,6,3,"16,138,19,181,93,12,25,124,15,1"
2723973169,88,6,3,"12,10,16,42,140,15,137,11,19,1"
2729823304,88,6,16,"127,144,90,85,96,63,261,128,84,65"
2728994365,88,6,16,"96,56,62,63,86,92,177,94,84,261"
2729827438,88,6,16,"118,120,263,58,56,86,64,55,93,98"
9255123783,89,6,16,"73,206,237,105,43,100,121,122,51,52"
8109012696,90,9,0,"88,244,317,186,189,290,108,190,250,171"
6160240757,91,8,20,"92,178,56,102,118,50,91,352,51,234"
6016608603,92,7,24,"99,94,305,231,84,119,90,300,324,82"
6017161168,92,7,24,"217,34,49,3,0,68,29,9,32,1"
6016612483,92,7,24,"191,37,7,161,29,28,80,34,36,33"
6017163670,92,7,24,"215,216,179,248,37,193,279,341,280,247"
6016611283,92,7,24,"228,125,193,195,93,167,320,191,194,247"
6017162540,92,7,24,"7,20,42,11,9,27,124,2,19,39"
6016610091,92,7,24,"230,111,54,223,251,56,133,233,256,264"
6157858591,92,8,24,"7,9,123,93,80,35,3,2,34,4"
6222198137,92,9,16,"95,99,127,84,96,101,85,82,231,94"
6224635859,92,9,24,"84,90,231,95,94,106,96,99,127,305"
6225182910,92,9,24,"135,261,96,106,109,121,94,84,97,245"
6225750730,92,9,0,"51,82,108,313,254,101,43,59,84,185"
6225751438,92,9,0,"313,310,108,82,84,51,121,254,286,97"
10041856005,93,9,12,"118,64,102,54,120,202,98,176,91,60"
10040289383,93,9,12,"65,63,85,54,186,127,189,88,290,86"
10040181905,93,9,12,"63,86,85,65,273,290,314,176,88,60"
10040135684,93,9,12,"86,88,94,62,273,314,63,85,98,106"
10040166945,93,9,12,"55,58,263,108,260,131,121,97,343,288"
10040118374,93,9,12,"84,88,107,108,224,94,59,106,57,51"
10040149785,93,9,12,"106,124,65,86,94,96,261,119,107,84"
10040141205,93,9,12,"106,107,65,98,89,73,128,102,84,260"
10040090324,93,9,12,"108,177,97,84,253,134,88,96,255,63"
10040138916,93,9,12,"88,317,206,46,171,114,237,53,189,342"
10040113135,93,9,12,"88,317,171,290,58,86,98,62,108,177"
10040064834,93,9,12,"84,93,118,88,344,325,98,120,61,86"
10040193783,93,9,12,"128,186,84,244,65,89,177,94,231,144"
10040048264,93,9,12,"65,128,108,177,186,99,127,63,85,106"
10040093136,93,9,12,"177,250,115,340,84,90,203,98,62,251"
10040166233,93,9,12,"86,108,273,98,88,90,314,84,106,317"
10040071116,93,9,12,"106,50,82,94,51,118,96,53,97,84"
5623420267,94,3,19,"86,85,63,261,65,127,88,262,273,314"
7879243648,95,7,8,"138,19,181,126,20,67,12,27,8,124"
7047720451,96,3,1,"124,1,3,7,4,278,102,222,93,22"
10660908445,97,10,6,"51,43,103,82,105,101,59,83,73,232"
10963345865,98,10,3,"93,20,39,15,19,16,181,138,238,27"
10963518044,98,10,3,"103,105,124,270,106,39,43,51,73,166"
10963518004,98,10,3,"167,103,130,105,104,43,83,196,146,25"
2283824286,99,9,1,"150,69,151,44,212,228,37,247,214,77"
3712002111,100,6,6,"232,83,43,103,167,224,105,101,73,122"
3725745773,100,6,6,"105,130,232,43,73,121,235,234,167,103"
3712817348,100,6,6,"130,146,83,122,121,100,101,235,43,105"
3723543086,100,6,6,"104,83,271,146,339,308,151,212,323,40"
3738110399,100,6,6,"83,104,146,196,10,54,122,12,63,73"
3728535893,100,6,6,"83,104,101,100,103,73,105,63,230,130"
3716712732,100,6,6,"73,254,253,105,160,130,101,100,107,121"
6135717460,101,6,1,"9,2,31,80,125,35,37,29,66,34"
6135172315,101,6,1,"69,150,77,193,22,151,48,323,44,145"
6135720276,101,6,1,"39,137,70,222,165,326,22,322,270,136"
6135174065,101,6,1,"69,150,77,44,76,23,48,14,153,323"
6135723952,101,6,1,"326,68,10,12,137,163,349,331,320,312"
6135725632,101,6,1,"193,191,192,320,282,240,283,10,228,37"
6135746504,101,6,1,"94,106,121,96,82,243,218,102,327,56"
6135753032,101,6,0,"189,244,57,84,59,342,276,107,89,305"
6135206343,101,6,0,"264,107,112,265,108,110,244,253,132,66"
6135757948,101,6,11,"174,107,97,39,5,101,206,303,96,232"
6135759198,101,6,11,"232,234,73,82,101,105,39,63,100,65"
6135217919,101,6,2,"3,6,19,21,16,18,12,249,7,15"
6135220113,101,6,2,"103,20,124,279,39,27,40,12,252,280"
6135768612,101,6,2,"106,7,118,120,102,91,20,178,124,179"
6135770176,101,6,14,"67,8,219,20,162,170,258,126,15,12"
8945376875,102,4,3,"118,120,292,102,117,106,91,86,178,93"
8946084902,102,4,0,"94,119,305,90,99,95,300,205,304,84"
8945463551,102,4,0,"108,273,314,86,88,90,98,94,84,62"
8945464305,102,4,0,"94,119,108,305,88,99,300,90,177,133"
8945623143,102,4,3,"121,180,92,178,96,99,61,293,65,261"
8946246146,102,4,3,"132,206,107,73,82,101,66,133,43,224"
8945625927,102,4,3,"206,88,43,55,52,46,108,121,54,51"
8945626927,102,4,3,"203,84,304,119,205,305,94,300,70,99"
8945628703,102,4,3,"108,89,128,65,84,99,85,253,187,144"
8946251292,102,4,3,"73,205,84,99,85,203,95,94,300,304"
8946252616,102,4,3,"107,101,92,82,206,73,96,105,102,121"
8946254012,102,4,3,"16,93,1,12,19,15,138,3,159,167"
8946145612,102,4,3,"167,138,15,67,19,159,192,25,103,182"
8946346020,102,4,15,"82,133,101,91,96,92,106,102,118,63"
8945725349,102,4,15,"109,127,87,185,243,63,176,65,188,113"
8946348512,102,4,15,"20,61,98,86,273,7,64,116,18,3"
8945728013,102,4,15,"27,6,21,67,20,5,3,94,26,18"
7801179594,103,7,16,"94,99,96,101,85,121,95,65,119,206"
7801222672,103,7,16,"146,130,46,83,104,121,35,336,30,66"
7961419526,103,8,20,"218,67,88,273,86,98,7,3,62,91"
8605299011,103,10,3,"16,12,124,216,19,138,297,11,42,191"
8264854879,103,10,3,"16,75,14,42,12,10,137,297,13,15"
8232877597,103,10,3,"17,16,12,297,349,10,191,46,137,42"
8359900060,103,0,4,"16,77,12,36,37,48,38,10,44,46"
8358821611,103,0,4,"211,348,40,173,143,44,320,12,9,241"
8711185177,103,4,22,"94,61,39,84,5,74,67,73,93,64"
9728781134,103,7,3,"12,16,10,11,284,63,331,193,17,93"
837291415,104,6,6,"104,83,146,103,105,54,73,130,257,158"
3009262033,105,10,12,"7,3,64,93,102,118,120,91,86,122"
3010096560,105,10,12,"7,107,8,27,3,89,67,202,206,94"
3009262579,105,10,12,"7,19,3,12,27,64,204,20,67,24"
3009262825,105,10,12,"7,3,19,64,60,6,202,176,18,8"
3010097294,105,10,12,"64,3,4,60,1,6,176,18,21,7"
3010098288,105,10,12,"97,96,92,7,129,234,73,19,218,3"
3010101614,105,10,12,"6,7,3,64,19,129,18,21,8,67"
3010101892,105,10,12,"84,300,94,89,299,95,205,301,304,203"
5742926071,106,4,12,"91,47,20,179,120,7,61,175,118,27"
5742925481,106,4,12,"91,20,27,120,74,118,47,126,58,67"
7301087094,107,4,1,"146,151,104,69,35,167,44,71,150,48"
7226664064,108,4,12,"101,250,108,177,82,51,100,305,133,99"
2455097655,109,2,12,"204,16,12,6,19,88,5,129,24,7"
6807888425,110,0,2,"39,67,6,19,7,3,129,232,64,18"
4296794510,111,11,2,"25,38,23,69,150,12,24,16,138,238"
8694578137,112,3,22,"51,43,96,82,105,73,232,103,234,101"
6052119108,113,7,2,"84,73,203,89,300,304,205,132,108,160"
6052178443,113,7,12,"3,15,19,7,25,124,6,138,159,38"
6055572110,113,7,15,"49,7,144,3,108,0,123,170,128,9"
6055023969,113,7,15,"16,23,19,75,126,20,221,47,8,124"
6055030907,113,7,15,"1,4,124,22,166,174,152,208,61,20"
6055038433,113,7,15,"5,3,174,124,21,6,9,78,91,269"
5742854920,114,4,4,"211,5,143,40,49,58,348,173,215,9"
5742581533,114,4,4,"130,46,66,228,144,201,297,2,167,146"
6218129656,115,3,1,"22,232,121,107,39,103,40,234,73,105"
6218129958,115,3,1,"118,91,102,178,106,98,96,120,92,97"
6217610663,115,3,1,"122,64,12,121,54,6,103,86,243,46"
6217610939,115,3,1,"118,120,91,102,64,92,218,178,98,124"
6218130810,115,3,1,"185,188,108,133,223,218,253,55,21,52"
6217611447,115,3,1,"92,102,91,20,178,94,118,117,7,120"
6218131376,115,3,1,"92,254,102,243,98,89,334,202,107,116"
6217612301,115,3,1,"124,102,91,0,278,1,64,72,78,269"
6217612761,115,3,1,"93,31,41,123,125,124,9,199,0,107"
6217612969,115,3,1,"123,93,92,200,124,197,41,174,16,0"
6218132816,115,3,1,"10,156,15,4,14,13,236,183,35,333"
6217613705,115,3,1,"0,1,93,124,7,4,42,2,20,31"
6217613915,115,3,1,"212,323,44,150,69,75,48,145,36,214"
6218133770,115,3,1,"193,9,31,2,93,125,246,297,17,29"
6217614527,115,3,1,"14,182,156,183,219,246,13,155,157,213"
6218134392,115,3,1,"22,235,121,166,7,122,144,17,287,54"
6217615209,115,3,1,"36,12,46,297,32,63,237,2,144,121"
6218135156,115,3,1,"177,262,62,273,121,54,287,171,46,237"
6218135496,115,3,1,"212,192,104,83,191,194,193,228,33,44"
6245891722,115,3,1,"31,34,9,124,217,0,93,49,3,123"
6218136000,115,3,1,"31,9,125,29,93,193,37,41,34,4"
6217617255,115,3,1,"29,32,31,125,30,193,28,267,9,194"
6218137092,115,3,1,"13,14,10,15,154,1,156,333,4,182"
6245891906,115,3,1,"10,4,118,1,15,120,6,143,9,14"
6218137592,115,3,1,"14,15,10,13,182,154,155,156,158,159"
6218138184,115,3,1,"28,30,146,29,104,193,167,194,31,37"
6217619381,115,3,1,"217,68,9,36,29,34,4,35,0,302"
6218139244,115,3,1,"212,33,35,194,2,45,83,191,37,9"
6218139810,115,3,1,"14,78,48,42,202,108,124,47,8,107"
6217620753,115,3,1,"93,31,0,258,44,123,9,106,41,125"
6218140520,115,3,1,"222,22,178,123,93,166,41,303,174,106"
6218140888,115,3,1,"104,208,167,83,200,269,266,28,199,103"
6218141374,115,3,1,"44,69,38,228,194,191,212,192,150,35"
6217622591,115,3,1,"124,9,31,5,34,93,3,2,49,61"
6245892144,115,3,1,"14,48,339,13,10,75,78,6,80,47"
6245892406,115,3,1,"93,61,0,9,3,31,7,124,22,10"
6245892640,115,3,1,"92,38,10,0,77,22,23,21,48,44"
6245372057,115,3,1,"219,236,22,35,0,10,170,36,2,66"
6245372269,115,3,1,"232,103,123,82,124,121,234,107,39,73"
6217623055,115,3,1,"37,179,248,34,193,215,279,191,217,341"
6245372409,115,3,1,"3,0,1,21,93,9,6,7,31,120"
6218142736,115,3,1,"83,105,103,73,39,232,104,234,82,101"
6218143088,115,3,1,"124,278,252,103,40,8,39,102,20,211"
6217624083,115,3,1,"275,61,5,258,92,162,152,218,9,174"
6217624523,115,3,1,"42,75,5,124,12,40,170,77,241,8"
6217624827,115,3,1,"124,208,66,21,269,77,75,278,47,153"
6217625261,115,3,1,"93,41,0,44,75,31,47,77,228,16"
6218144902,115,3,1,"38,44,48,69,25,23,76,150,77,323"
6217625993,115,3,1,"38,219,69,2,92,44,153,170,212,77"
6218145494,115,3,1,"197,123,200,92,41,199,174,93,208,5"
6217626833,115,3,1,"31,93,123,1,34,124,3,7,125,41"
6218146572,115,3,1,"93,123,1,151,41,200,106,73,104,158"
6217627815,115,3,1,"123,0,93,31,7,3,9,124,41,1"
6218147548,115,3,1,"36,69,150,34,219,77,170,44,1,12"
6218147966,115,3,1,"36,39,191,212,34,323,48,77,16,75"
6218148204,115,3,1,"197,41,214,228,191,145,69,323,44,150"
6218148794,115,3,1,"197,69,323,150,107,151,75,66,77,145"
6218149050,115,3,1,"197,214,323,104,167,199,103,107,105,145"
6218149528,115,3,1,"69,150,22,76,77,197,153,323,48,151"
6218149862,115,3,1,"69,150,22,77,38,153,76,197,151,44"
6217631087,115,3,1,"69,150,76,295,153,23,221,175,48,77"
6217631511,115,3,1,"38,93,47,44,69,37,34,31,77,0"
6218151152,115,3,1,"69,197,77,151,38,200,150,36,44,208"
6218151472,115,3,1,"38,69,77,151,48,23,150,152,14,25"
6217632533,115,3,1,"76,48,69,150,221,27,153,40,23,67"
6218152304,115,3,1,"69,67,104,20,150,139,323,221,48,153"
6218152702,115,3,1,"323,77,48,76,75,42,153,69,152,67"
6217633691,115,3,1,"40,75,107,67,153,42,241,78,21,339"
6217634009,115,3,1,"77,48,76,92,75,221,152,323,153,69"
6217634421,115,3,1,"122,54,235,67,7,20,287,204,117,6"
6217634725,115,3,1,"38,156,152,151,158,332,76,14,104,35"
6218154580,115,3,1,"69,150,153,76,77,152,67,4,23,1"
6218154972,115,3,1,"69,150,76,67,153,162,77,152,141,22"
6218155474,115,3,1,"23,221,150,153,67,69,152,27,162,295"
6218155826,115,3,1,"38,69,135,152,134,150,24,22,48,23"
6218156270,115,3,1,"69,38,150,153,23,76,77,221,22,152"
6218156688,115,3,1,"69,150,76,153,23,38,22,48,77,221"
6218157044,115,3,1,"67,76,150,27,152,153,221,162,69,141"
6218157322,115,3,1,"153,162,221,27,92,174,39,77,67,42"
6217638259,115,3,1,"103,85,60,18,224,39,73,65,205,206"
6218157868,115,3,1,"130,66,146,46,208,6,269,219,103,3"
6245893450,115,3,1,"89,203,304,107,232,205,84,121,39,234"
6217639033,115,3,1,"58,188,185,190,223,55,121,56,237,244"
6245372723,115,3,1,"58,253,55,82,52,286,107,111,344,299"
6217639331,115,3,1,"12,16,137,75,126,15,40,19,152,138"
6218158990,115,3,1,"16,126,19,138,152,12,5,11,181,47"
6217640011,115,3,1,"83,73,68,7,96,106,104,97,22,123"
6218159652,115,3,1,"16,12,138,19,93,181,24,238,174,5"
6245372859,115,3,1,"243,327,254,319,172,140,173,102,211,270"
6217640801,115,3,1,"248,10,280,341,168,279,143,63,179,222"
6218160426,115,3,1,"82,103,133,43,101,73,59,107,39,105"
6245893844,115,3,1,"39,222,243,239,123,189,342,232,59,10"
6217641223,115,3,1,"108,73,203,85,59,82,243,133,43,304"
6218161166,115,3,1,"11,81,36,192,80,75,28,298,0,2"
6245373115,115,3,1,"39,232,103,105,59,342,234,82,107,243"
6218161638,115,3,1,"66,170,219,326,60,12,137,85,39,63"
6218161824,115,3,1,"284,39,331,82,121,54,176,185,73,102"
6217642749,115,3,1,"106,102,240,238,118,120,86,10,265,93"
6218162660,115,3,1,"146,243,102,120,1,91,118,83,101,94"
6218163026,115,3,1,"102,94,22,1,101,83,24,12,82,218"
6217643917,115,3,1,"103,36,6,298,80,3,146,292,35,192"
6218163702,115,3,1,"228,241,191,16,193,320,46,215,298,37"
6218164162,115,3,1,"63,241,240,10,101,102,143,106,238,286"
6218164560,115,3,1,"12,16,19,138,15,126,20,181,10,40"
6217645587,115,3,1,"96,106,97,102,82,51,50,93,53,73"
6218165380,115,3,1,"73,203,107,232,304,121,106,82,105,205"
6218165680,115,3,1,"73,105,232,103,39,121,196,234,82,130"
6245894282,115,3,1,"273,88,314,62,86,90,111,85,261,171"
6218165954,115,3,1,"55,94,51,52,108,43,305,121,107,224"
6218166400,115,3,1,"54,12,6,130,46,3,5,9,67,122"
6245373701,115,3,1,"86,62,121,85,90,46,88,66,65,130"
6218166788,115,3,1,"128,65,127,187,106,85,73,186,96,63"
6217647463,115,3,1,"254,118,108,263,120,55,253,327,98,106"
6218167270,115,3,1,"108,134,55,305,94,88,99,98,250,177"
6218167634,115,3,1,"160,89,98,84,176,55,60,87,64,90"
6217648451,115,3,1,"7,6,130,3,160,73,21,54,101,46"
6218168466,115,3,1,"206,202,272,58,88,94,134,55,100,250"
6218169378,115,3,1,"94,102,22,98,84,178,108,134,63,313"
6218169818,115,3,1,"134,85,98,277,65,272,112,250,63,62"
6217650617,115,3,1,"65,98,86,160,63,85,134,84,90,277"
6218170628,115,3,1,"98,254,86,134,85,88,94,96,250,65"
6218171062,115,3,1,"98,134,63,94,65,88,261,90,86,178"
6218171320,115,3,1,"94,63,98,133,344,134,5,65,313,61"
6218171928,115,3,1,"134,98,253,277,65,135,290,63,250,176"
6218172208,115,3,1,"94,344,20,178,67,123,261,7,22,202"
6218172456,115,3,1,"253,128,186,254,127,109,65,189,96,244"
6217653431,115,3,1,"152,67,162,27,221,153,141,74,76,38"
6217653901,115,3,1,"67,76,152,69,150,221,196,4,141,27"
6245374043,115,3,1,"39,299,99,89,66,344,144,84,90,94"
6217654557,115,3,1,"42,108,103,98,62,124,177,8,40,121"
6245895210,115,3,1,"121,17,297,12,6,122,66,10,46,334"
6217654923,115,3,1,"28,29,35,33,30,31,194,2,71,34"
6218174510,115,3,1,"28,30,32,33,29,103,167,105,45,71"
6218174808,115,3,1,"83,167,104,28,45,33,30,192,161,35"
6218175184,115,3,1,"67,104,69,221,20,152,38,139,24,141"
6218175624,115,3,1,"152,38,104,4,151,158,69,1,221,323"
6218175930,115,3,1,"69,38,150,77,35,76,23,153,152,2"
6217656879,115,3,1,"69,150,197,77,76,153,23,38,1,124"
6217657501,115,3,1,"14,13,15,156,182,37,34,16,246,47"
6218177322,115,3,1,"104,199,167,196,28,145,316,266,323,83"
6218177766,115,3,1,"104,167,323,126,221,47,67,28,48,16"
6218177998,115,3,1,"104,83,167,28,45,35,33,161,169,71"
6218178480,115,3,1,"28,167,83,104,33,164,30,73,66,146"
6217659225,115,3,1,"83,127,104,167,103,73,85,63,160,192"
6218179188,115,3,1,"103,39,105,104,232,82,73,0,12,83"
6217660051,115,3,1,"104,103,105,83,73,82,199,39,323,107"
6217660409,115,3,1,"105,103,73,232,82,39,107,83,104,234"
6218180158,115,3,1,"83,130,104,127,167,73,121,46,82,122"
6218180330,115,3,1,"83,104,103,73,63,167,107,59,82,85"
6217661359,115,3,1,"146,198,104,167,83,122,130,28,256,207"
6217661851,115,3,1,"182,157,246,183,213,28,155,45,194,30"
6217662327,115,3,1,"183,182,28,246,157,35,213,30,236,193"
6217662833,115,3,1,"37,28,35,31,29,183,80,33,34,30"
6218182914,115,3,1,"236,183,157,182,35,213,246,156,155,37"
6217663879,115,3,1,"35,157,236,183,2,182,246,226,33,30"
6218183868,115,3,1,"157,35,246,236,182,183,213,156,155,13"
6217664649,115,3,1,"35,33,28,80,194,45,29,2,31,30"
6218184404,115,3,1,"157,192,45,225,13,182,158,213,183,155"
6218184862,115,3,1,"157,225,213,192,246,158,13,194,182,193"
6218185228,115,3,1,"35,183,236,157,80,2,14,33,13,217"
6245895650,115,3,1,"35,236,157,70,183,30,217,201,34,33"
6245374875,115,3,1,"236,35,157,183,225,226,246,182,201,13"
6217666021,115,3,1,"124,200,208,197,123,1,252,278,167,241"
6218185956,115,3,1,"124,44,200,0,36,49,34,220,156,47"
6217667071,115,3,1,"99,121,94,176,18,98,60,63,290,87"
6217667283,115,3,1,"22,222,152,38,166,1,174,24,163,197"
6218187184,115,3,1,"52,55,6,101,286,46,21,99,100,345"
6218187444,115,3,1,"69,150,77,23,14,38,76,44,36,153"
6218187706,115,3,1,"39,144,61,93,234,128,22,105,82,151"
6218187932,115,3,1,"69,150,77,76,14,23,153,48,38,323"
6217668771,115,3,1,"31,217,93,0,9,13,3,6,339,44"
6217669111,115,3,1,"124,278,7,219,15,252,103,8,3,269"
6218189068,115,3,1,"108,124,170,288,18,98,260,102,107,21"
6218189254,115,3,1,"93,1,4,22,41,166,322,140,222,3"
6217670125,115,3,1,"109,133,293,56,82,108,180,101,242,344"
6217670483,115,3,1,"1,16,92,5,49,12,170,4,174,241"
6217670803,115,3,1,"92,61,102,7,93,20,64,91,94,260"
6217671147,115,3,1,"2,35,92,3,10,6,1,9,5,15"
6218190772,115,3,1,"23,69,150,153,76,77,22,166,174,8"
6217671703,115,3,1,"78,5,92,219,323,21,6,49,175,16"
6218191614,115,3,1,"269,162,44,221,61,47,72,124,92,332"
6217672307,115,3,1,"129,56,218,77,242,243,64,55,61,91"
6218192152,115,3,1,"130,66,146,46,336,210,121,28,29,198"
6217672933,115,3,1,"130,28,146,46,54,6,121,29,17,9"
6217673191,115,3,1,"66,89,28,236,70,35,32,233,99,30"
6218193202,115,3,1,"130,46,121,54,146,210,6,122,263,9"
6218193660,115,3,1,"217,221,156,14,47,34,1,219,15,162"
6218193974,115,3,1,"104,1,39,146,167,103,93,4,151,199"
6217675109,115,3,1,"7,3,0,39,8,1,6,219,4,93"
6218194918,115,3,1,"7,8,47,3,64,124,206,288,219,1"
6218195804,115,3,1,"22,24,167,16,103,39,166,163,161,168"
6217676683,115,3,1,"167,12,164,170,28,208,24,16,240,25"
6217677051,115,3,1,"12,167,240,208,16,24,103,25,138,48"
6218196964,115,3,1,"167,16,22,208,104,24,0,12,221,323"
6217677645,115,3,1,"24,66,22,208,233,103,16,269,12,167"
6245895876,115,3,1,"146,22,35,271,66,184,130,121,30,70"
6218197526,115,3,1,"109,108,36,0,113,9,39,302,275,56"
6217678627,115,3,1,"109,108,36,0,9,218,39,129,113,7"
6218198386,115,3,1,"9,275,56,302,6,109,114,344,108,78"
6217679091,115,3,1,"103,39,105,83,224,59,43,232,73,211"
6217679245,115,3,1,"160,89,250,85,161,192,312,28,111,87"
6217679537,115,3,1,"6,9,108,302,272,305,7,116,99,78"
6217679903,115,3,1,"6,0,3,121,130,39,146,137,21,36"
6217680185,115,3,1,"6,121,146,130,39,21,66,3,31,232"
6217680471,115,3,1,"124,21,6,66,60,3,98,18,87,134"
6218200096,115,3,1,"85,160,187,63,65,99,89,250,83,277"
6217681153,115,3,1,"2,66,36,9,124,108,160,289,107,219"
6217681463,115,3,1,"124,66,34,4,9,36,217,144,31,103"
6218201060,115,3,1,"3,6,9,36,0,1,34,7,2,8"
6217682265,115,3,1,"6,3,9,7,0,31,1,66,124,21"
6217682775,115,3,1,"36,6,9,2,0,78,77,31,3,46"
6217683309,115,3,1,"36,6,108,3,0,39,70,21,9,77"
6217683791,115,3,1,"36,6,46,206,77,260,78,121,55,202"
6218203660,115,3,1,"2,36,9,66,6,78,124,77,219,302"
6218204014,115,3,1,"6,124,108,219,2,3,39,9,8,66"
6217684999,115,3,1,"6,9,5,3,121,31,124,108,180,2"
6217685251,115,3,1,"108,124,3,85,243,18,6,7,222,225"
6218205022,115,3,1,"46,31,93,130,45,29,0,167,104,3"
6217685835,115,3,1,"46,37,130,45,31,104,167,93,228,14"
6217686099,115,3,1,"130,46,146,6,12,121,349,122,31,17"
6218205678,115,3,1,"22,24,159,167,151,259,233,338,1,16"
6218205936,115,3,1,"28,130,104,146,29,167,45,32,46,33"
6245375135,115,3,1,"146,130,121,35,236,30,17,6,54,46"
6218206160,115,3,1,"83,104,167,105,103,286,73,101,130,67"
6217686963,115,3,1,"45,28,130,29,31,2,219,81,9,194"
6217687129,115,3,1,"22,283,196,199,165,211,168,193,40,282"
6217687405,115,3,1,"35,28,33,34,2,80,45,31,29,36"
6217687583,115,3,1,"83,130,104,121,146,46,70,99,203,73"
6218207160,115,3,1,"130,36,70,31,146,66,121,6,46,29"
6218207344,115,3,1,"3,31,6,70,7,60,29,18,86,85"
6217688083,115,3,1,"130,6,146,121,70,60,3,203,86,88"
6217688267,115,3,1,"85,146,60,63,39,45,65,86,35,62"
6217688427,115,3,1,"103,202,206,39,124,107,66,46,219,34"
6217688627,115,3,1,"32,29,35,31,28,34,30,70,33,45"
6245375297,115,3,1,"66,146,6,130,46,10,22,103,36,9"
6245375427,115,3,1,"146,130,46,121,6,54,210,308,286,21"
6217688869,115,3,1,"121,54,32,46,130,6,28,149,146,246"
6217689277,115,3,1,"130,46,54,121,32,6,29,31,28,146"
6218209146,115,3,1,"130,54,6,121,46,32,36,2,149,210"
6218209494,115,3,1,"54,121,130,46,6,149,32,28,29,210"
6217690281,115,3,1,"54,130,6,46,21,121,122,146,263,149"
6218210204,115,3,1,"130,54,46,6,122,121,21,146,286,210"
6217690931,115,3,1,"130,54,104,21,122,83,6,46,103,167"
6217691275,115,3,1,"130,6,54,46,122,21,7,204,146,2"
6217691615,115,3,1,"54,46,130,31,121,6,29,28,146,210"
5915559408,116,6,0,"242,92,96,91,273,106,102,51,88,118"
6161848911,117,8,10,"254,212,315,108,325,261,127,231,245,299"
6162385396,117,8,6,"199,24,16,167,104,12,219,138,323,191"
6162385776,117,8,6,"73,105,161,7,160,167,3,39,93,67"
6162386090,117,8,6,"83,104,236,66,101,99,100,144,63,73"
6162386372,117,8,6,"43,51,254,83,103,118,146,39,73,196"
9827589276,118,8,21,"39,73,105,103,279,96,203,248,280,164"
5720425349,119,4,1,"69,150,77,23,79,48,25,76,153,8"
5720425727,119,4,1,"69,150,77,23,1,153,8,76,218,22"
8359562521,120,10,7,"84,344,106,203,325,89,299,300,112,65"
8359563259,120,10,9,"69,150,35,76,2,153,77,14,23,25"
5170779875,121,10,3,"5,46,187,210,218,101,43,54,128,255"
2259346211,122,8,16,"19,12,16,93,138,7,3,6,25,5"
12332500815,123,4,12,"124,7,69,20,8,278,3,19,252,162"
12332500215,123,4,12,"7,3,19,20,6,64,93,18,0,94"
12332499725,123,4,12,"106,98,86,132,131,82,120,102,62,101"
12332653383,123,4,7,"6,3,19,18,7,62,20,21,63,64"
12332653193,123,4,7,"6,20,27,7,5,3,19,91,21,67"
12332495125,123,4,7,"61,3,92,7,6,18,91,21,5,64"
12332494955,123,4,7,"86,62,98,120,63,94,177,20,118,3"
12332494595,123,4,7,"20,7,19,116,61,91,102,56,209,27"
12332938404,123,4,7,"51,103,43,39,82,96,232,234,56,105"
11163865086,124,10,12,"39,216,102,322,103,68,98,116,117,215"
6453159427,125,8,6,"28,236,29,37,30,183,81,157,80,31"
6453164617,125,8,6,"100,101,83,130,223,46,43,73,121,66"
10816740954,126,9,7,"178,242,293,132,54,121,286,107,106,111"
10816618045,126,9,7,"223,188,135,171,276,52,197,189,100,121"
5476576856,127,11,5,"16,24,12,10,15,137,13,349,14,193"
5475979517,127,11,5,"122,237,121,329,55,88,12,286,54,262"
5475979893,127,11,5,"16,75,10,12,298,137,312,48,17,24"
6774933677,128,0,19,"273,61,73,5,92,314,261,43,206,105"
9960016724,129,8,12,"92,102,91,27,124,7,126,8,94,119"
5843859365,130,4,3,"16,138,19,12,155,15,93,159,238,25"
3208967481,131,7,17,"128,127,85,169,261,65,186,231,160,90"
3208967859,131,7,17,"128,127,169,254,293,210,63,242,65,261"
3209814200,131,7,17,"128,293,169,187,65,210,261,242,127,63"
3209814480,131,7,17,"210,169,128,351,313,231,108,187,89,160"
3209814874,131,7,17,"128,187,99,85,169,94,231,210,127,254"
3208969221,131,7,17,"254,128,210,293,85,169,187,94,261,231"
3208969483,131,7,17,"293,128,242,315,286,169,111,108,187,210"
387302512,131,1,17,"61,88,261,54,185,62,262,65,111,180"
3953801129,132,8,0,"91,118,178,102,120,64,7,86,116,3"
10225806325,133,9,12,"106,124,15,102,7,103,82,19,67,93"
10245978356,133,9,1,"196,145,316,184,147,167,271,54,151,214"
10245882774,133,9,1,"167,16,36,138,323,12,75,249,228,199"
2271797388,134,1,0,"138,19,12,79,25,122,21,27,6,23"
2727951528,134,7,21,"42,7,123,3,34,27,179,92,93,162"
2727954112,134,7,21,"123,34,1,16,92,129,8,248,218,33"
2727130685,134,7,21,"183,156,246,14,13,10,213,217,35,45"
127981225,135,3,16,"138,19,16,159,15,93,167,181,25,3"
127987020,135,3,3,"30,167,28,193,48,316,192,44,33,323"
174520556,135,5,17,"19,6,138,36,204,25,16,11,3,249"
275268593,135,9,17,"39,94,22,69,27,73,92,103,82,61"
275268646,135,9,17,"19,7,3,1,20,93,138,4,15,8"
275268706,135,9,17,"92,16,7,19,3,24,12,67,25,27"
275268742,135,9,17,"51,43,106,263,122,50,254,102,287,117"
8680466360,136,3,15,"128,169,261,187,172,210,343,99,351,255"
3903647084,137,5,7,"6,78,64,209,3,202,19,116,20,27"
3816235787,138,7,12,"99,231,46,169,203,144,305,89,285,90"
10279048406,139,9,6,"103,43,58,5,39,40,224,216,174,51"
8672054478,140,3,12,"153,162,27,126,174,181,47,221,20,16"
8672054304,140,3,12,"64,6,176,116,60,209,3,91,102,7"
8672054170,140,3,12,"91,92,94,64,3,7,102,4,18,218"
8672054010,140,3,12,"92,94,96,60,61,98,206,65,6,85"
4959860592,141,4,6,"40,211,174,77,12,16,75,348,1,23"
6220205121,142,9,6,"22,38,24,239,152,174,159,166,1,120"
7057242583,143,11,9,"29,6,31,28,9,30,130,73,37,32"
10753306305,144,9,16,"106,102,93,118,91,120,178,117,263,98"
10753405416,144,9,8,"15,7,3,19,93,91,124,10,1,13"
10753622963,144,9,8,"15,14,10,27,13,61,156,64,3,91"
10753323785,144,9,8,"15,14,76,8,78,27,206,23,219,13"
10753412816,144,9,8,"15,14,8,27,156,124,13,206,76,78"
10753629793,144,9,8,"15,27,8,78,206,76,219,14,288,124"
10753437334,144,9,8,"15,162,14,27,221,206,153,76,156,8"
10753424036,144,9,8,"78,5,107,260,55,47,8,75,174,162"
10753425736,144,9,8,"5,20,56,61,174,55,162,230,275,126"
10753340465,144,9,8,"94,272,92,133,99,218,88,61,261,305"
2238830710,145,11,12,"1,3,7,0,8,47,4,34,123,19"
2238831990,145,11,12,"93,0,3,31,1,6,5,125,41,4"
2238041723,145,11,12,"16,75,23,19,48,138,12,44,26,25"
2238834370,145,11,24,"255,306,353,50,245,296,54,114,210,131"
2238044161,145,11,24,"255,353,108,315,306,131,50,286,293,210"
2238837726,145,11,24,"315,286,237,108,353,111,293,285,89,54"
2238847378,145,11,24,"21,6,63,290,218,137,0,5,85,108"
2238850614,145,11,5,"170,219,164,151,153,167,228,152,66,283"
2238060629,145,11,5,"170,164,66,153,167,12,104,23,138,174"
2238061991,145,11,5,"170,164,167,219,153,174,16,12,39,103"
2238854324,145,11,5,"104,6,167,46,197,130,5,122,21,54"
3261925919,146,11,15,"249,66,233,99,151,256,184,22,198,208"
3161131379,146,11,15,"24,12,16,23,211,150,152,69,40,48"
227041054,147,7,0,"177,101,82,134,98,108,102,91,100,103"
7860713186,148,7,6,"196,66,68,326,199,104,167,83,197,316"
10359390804,149,9,12,"73,39,105,103,107,89,124,16,224,93"
13966175733,150,3,3,"132,131,24,12,15,40,16,159,10,211"
4021612879,151,9,23,"279,280,216,248,215,179,341,103,252,40"
8479913871,152,2,1,"130,30,73,36,29,35,28,31,6,121"
7002968723,153,6,1,"48,75,76,14,47,77,78,79,27,44"
7002969363,153,6,1,"34,47,49,217,124,0,241,9,8,68"
7002969891,153,6,1,"47,2,34,9,80,219,33,286,35,0"
7002970629,153,6,1,"70,121,73,203,304,232,218,82,36,107"
7002971025,153,6,1,"36,34,37,2,47,30,80,33,218,171"
5236982716,154,10,1,"102,10,12,13,219,14,15,170,152,1"
5236392997,154,10,1,"151,24,156,246,14,213,182,158,10,13"
5236985782,154,10,1,"15,10,13,155,14,159,182,333,156,238"
5239980470,154,10,1,"14,13,236,183,182,15,156,157,10,155"
5239981198,154,10,1,"14,10,13,193,15,225,183,155,213,154"
5239982122,154,10,1,"0,1,93,4,47,179,120,44,3,41"
11446649884,155,11,16,"128,73,85,63,187,65,186,127,108,101"
8455055667,156,5,3,"178,103,102,43,174,224,303,107,211,121"
8453726128,156,5,3,"128,127,186,187,65,169,96,97,108,63"
8453726360,156,5,3,"128,127,96,65,106,73,108,186,109,82"
8452634571,156,5,3,"187,128,186,65,169,85,99,63,127,231"
8452634717,156,5,3,"128,187,127,186,169,244,65,85,108,189"
8453726860,156,5,3,"128,65,187,127,186,169,63,96,85,101"
8453727020,156,5,3,"128,187,65,169,96,186,101,63,127,255"
8452635289,156,5,3,"128,127,73,82,107,189,185,101,108,187"
8453727240,156,5,3,"22,12,138,181,166,16,1,167,20,93"
8452635673,156,5,3,"225,22,182,213,13,155,14,10,15,159"
8452635767,156,5,3,"108,65,128,85,96,109,63,187,315,127"
8452635915,156,5,3,"5,174,149,54,162,58,143,16,27,103"
8452636173,156,5,3,"108,99,63,98,94,85,177,65,250,277"
8452636339,156,5,3,"63,65,293,108,121,99,128,261,85,273"
8453728436,156,5,3,"180,178,174,303,128,5,121,254,343,132"
8453728700,156,5,3,"106,102,94,128,98,63,99,65,178,119"
8453728946,156,5,3,"106,102,101,100,260,119,116,64,91,107"
8453729210,156,5,3,"101,100,102,108,82,223,98,260,107,22"
8452637733,156,5,3,"128,187,65,169,108,255,186,135,253,293"
8453729728,156,5,3,"116,64,18,20,98,60,92,21,102,27"
8453729936,156,5,3,"65,128,127,96,85,63,231,187,69,73"
7720246558,157,8,6,"83,103,39,67,105,73,124,206,43,104"
2424446470,158,3,15,"196,147,73,254,121,145,316,68,39,22"
6997064322,159,3,12,"43,103,109,16,51,224,59,53,105,39"
9676838688,160,9,2,"18,3,21,6,64,150,8,60,12,137"
234682761,161,8,2,"319,94,99,251,18,66,164,150,115,24"
4198158514,162,6,22,"219,98,23,24,92,102,1,8,164,69"
4203025021,162,6,11,"92,96,94,119,91,64,86,98,102,106"
4203025445,162,6,11,"19,12,16,138,25,23,181,20,238,79"
4203025979,162,6,11,"12,150,24,94,20,16,69,27,23,19"
4203783266,162,6,11,"273,86,62,314,63,98,6,60,61,85"
4203783984,162,6,11,"6,64,3,102,7,62,94,60,129,98"
4203027967,162,6,11,"86,64,273,62,6,314,98,85,94,60"
4203028589,162,6,11,"20,126,27,5,15,162,12,16,47,181"
4203785888,162,6,11,"12,20,39,19,63,103,69,24,162,62"
4203786984,162,6,11,"3,7,19,6,20,18,61,8,15,12"
4203030953,162,6,11,"117,287,102,329,288,122,118,263,55,121"
4203031539,162,6,11,"19,93,15,3,7,138,16,120,238,1"
4205835051,162,6,22,"118,120,20,6,7,19,3,102,91,292"
8722836258,162,2,22,"219,23,260,288,8,38,24,46,153,329"
8721716179,162,2,0,"47,162,221,44,77,79,153,37,48,26"
8721740047,162,2,0,"92,94,91,102,7,272,129,93,273,64"
8721740193,162,2,0,"94,119,99,108,101,98,100,185,188,305"
8721740379,162,2,0,"92,94,119,61,86,98,85,272,90,62"
8722863792,162,2,12,"94,96,92,97,106,206,119,67,202,85"
8722864010,162,2,12,"39,6,60,64,73,94,18,67,3,96"
8567266101,162,2,12,"99,43,82,51,205,203,96,73,101,84"
8721767373,162,2,12,"94,92,67,202,206,96,260,121,107,55"
8721767567,162,2,12,"96,129,92,56,97,61,206,218,93,128"
8722887840,162,2,12,"108,84,99,94,38,112,306,305,119,300"
8722887696,162,2,12,"61,96,128,94,97,109,114,255,108,113"
8721767963,162,2,12,"119,94,84,88,324,300,98,301,317,318"
8722888222,162,2,12,"84,108,94,111,128,351,310,344,255,305"
8722888470,162,2,12,"90,85,84,261,231,127,86,94,63,95"
8721768549,162,2,12,"127,85,128,65,90,231,84,261,63,99"
8722888814,162,2,12,"85,127,99,94,65,90,160,128,231,84"
8722888942,162,2,12,"99,85,94,84,231,90,127,73,160,300"
8721768973,162,2,12,"61,118,94,106,5,96,178,92,120,55"
8730228237,162,2,11,"91,102,96,64,178,98,88,94,119,116"
8731348670,162,2,11,"3,7,12,124,19,219,8,39,67,221"
8730228903,162,2,11,"61,20,27,15,12,67,19,3,221,92"
8733662261,162,2,12,"124,19,7,3,67,8,92,15,138,20"
8733663289,162,2,12,"3,6,7,18,64,19,60,21,67,202"
8575496833,162,2,1,"69,48,38,76,25,77,153,24,16,150"
8737259223,162,2,1,"0,1,36,77,8,219,47,44,34,15"
8738377672,162,2,1,"48,47,75,76,78,27,79,221,77,14"
8737259575,162,2,1,"75,339,77,48,78,14,79,23,294,76"
8737259717,162,2,1,"123,93,124,31,41,241,0,179,341,1"
2790958479,163,7,15,"128,169,187,186,65,63,244,189,190,85"
2791537579,163,7,15,"73,65,85,63,60,107,128,203,39,84"
2792725173,164,6,1,"35,193,36,2,212,30,194,213,33,214"
6005150656,165,7,12,"129,39,82,94,254,92,73,67,61,43"
4423370209,166,2,16,"24,38,129,239,10,16,159,170,12,333"
10117501804,167,8,3,"122,235,121,117,270,164,54,254,12,170"
10117509114,167,8,3,"103,124,208,216,279,248,280,341,10,12"
10117609496,167,8,3,"208,200,266,227,103,192,147,267,268,269"
9194233283,168,5,15,"99,96,261,94,128,65,90,84,127,88"
9265700406,168,5,15,"99,96,261,94,128,65,90,84,127,88"
9197026404,168,5,15,"7,20,3,61,123,27,19,174,93,22"
9262925853,168,5,15,"7,20,3,61,123,27,19,174,93,22"
2069765403,169,10,12,"94,119,88,86,98,106,96,90,99,314"
2070559568,169,10,12,"96,272,94,134,73,133,100,101,218,85"
2978325050,170,9,1,"105,73,43,103,167,130,206,107,224,69"
2980043732,170,9,21,"31,3,29,208,93,9,6,124,86,1"
2982819840,170,9,21,"92,94,67,74,218,72,206,321,175,44"
2982892914,170,9,21,"130,46,31,107,118,55,6,73,3,206"
2985542022,170,9,3,"192,282,103,193,248,279,280,32,191,283"
8059607976,171,9,20,"118,120,173,10,334,91,64,4,15,1"
8059696474,171,9,20,"120,118,292,10,12,154,16,5,91,294"
8059609588,171,9,20,"120,129,118,292,61,5,91,93,6,16"
8059694246,171,9,20,"118,120,106,86,63,64,116,292,209,211"
8059691214,171,9,20,"120,118,292,16,5,354,326,218,6,91"
9561579102,172,7,6,"5,123,16,174,61,20,93,47,126,8"
9558776327,172,7,6,"39,162,8,77,153,67,27,76,221,174"
9561578986,172,7,6,"102,241,118,211,93,54,174,117,178,222"
9561578762,172,7,6,"39,73,105,232,103,82,234,107,83,224"
9558787659,172,7,6,"152,140,10,1,154,141,15,16,20,333"
9558787425,172,7,6,"152,140,10,1,239,141,333,154,22,24"
9561578264,172,7,6,"1,152,140,10,22,166,154,256,16,239"
9561578022,172,7,6,"170,146,257,201,157,83,285,104,66,229"
9558786825,172,7,6,"201,170,257,83,157,104,146,236,24,158"
9561577544,172,7,6,"184,83,104,170,146,257,201,66,233,256"
9558786481,172,7,6,"83,104,201,170,257,258,158,157,146,66"
9561577172,172,7,6,"83,43,73,104,103,146,39,51,189,91"
9558786015,172,7,6,"83,104,73,103,167,121,63,196,236,39"
9561576752,172,7,6,"83,104,73,100,101,167,236,103,105,169"
9561576544,172,7,6,"83,104,103,39,73,105,184,216,167,100"
9561576354,172,7,6,"73,83,103,104,39,121,167,82,105,196"
9558785205,172,7,6,"46,130,228,83,104,121,37,66,2,35"
9558784787,172,7,6,"104,83,73,63,167,103,146,127,105,30"
9558784543,172,7,6,"83,73,130,61,46,66,105,104,93,121"
9558784295,172,7,6,"104,83,66,103,130,146,105,228,121,73"
9561574978,172,7,6,"104,83,167,236,157,146,103,158,228,73"
9558783749,172,7,6,"14,10,13,48,15,83,182,104,146,167"
9558783535,172,7,6,"104,83,167,66,24,73,205,130,158,93"
9561574114,172,7,6,"83,104,146,39,103,73,105,157,43,121"
9561573894,172,7,6,"83,104,236,63,100,101,73,118,93,230"
9558782889,172,7,6,"83,104,93,31,41,118,32,125,193,120"
9561573466,172,7,6,"38,48,193,14,167,23,10,16,323,25"
9558782473,172,7,6,"73,83,105,205,121,84,39,112,104,56"
9561573046,172,7,6,"104,83,236,73,157,100,105,196,286,183"
9558782059,172,7,6,"83,104,121,73,63,196,30,28,130,54"
9558781859,172,7,6,"130,83,146,121,30,31,6,9,46,29"
9561572470,172,7,6,"36,66,68,73,121,130,228,105,326,83"
9558781541,172,7,6,"73,105,234,130,83,121,232,103,43,51"
9561572206,172,7,6,"83,73,104,117,105,93,102,286,122,234"
9558781177,172,7,6,"22,167,196,104,68,193,73,105,166,30"
5542970157,173,0,17,"112,111,186,291,110,132,131,92,293,56"
5543550928,173,0,17,"254,315,286,327,293,245,210,263,135,310"
5542962937,173,0,17,"254,315,286,327,293,245,210,263,135,310"
4936181316,173,4,1,"152,333,24,217,212,213,170,16,1,156"
9802995653,174,8,1,"38,77,23,69,1,25,152,47,249,8"
9802909595,174,8,1,"69,150,77,23,153,76,44,66,151,221"
9802907835,174,8,1,"192,212,191,199,30,323,28,45,194,193"
9802941226,174,8,1,"13,125,193,93,213,14,192,4,10,228"
9802903355,174,8,1,"191,193,16,192,228,37,12,320,11,36"
4531538594,175,3,12,"3,6,64,18,7,86,20,19,116,4"
4530907073,175,3,12,"20,7,19,67,3,8,124,138,27,204"
3030350415,176,10,20,"106,127,109,261,94,86,90,85,128,63"
3283890405,176,1,20,"89,84,301,94,99,119,324,300,244,231"
3640613679,176,5,20,"90,127,94,99,231,85,300,95,305,119"
3704661858,176,6,20,"99,95,66,90,46,101,203,127,84,231"
3716718178,176,6,16,"96,65,244,63,128,186,190,127,97,85"
3719767270,176,6,16,"99,231,90,94,305,95,300,119,85,84"
3855953886,176,7,0,"95,231,85,127,99,128,90,108,63,65"
3855176241,176,7,0,"98,86,85,62,88,87,60,63,65,176"
3855396683,176,7,0,"35,193,63,80,236,106,37,65,86,7"
3861955615,176,7,16,"54,46,121,130,286,101,304,203,190,237"
3928497809,176,8,20,"128,49,127,293,242,96,92,73,85,144"
4043382020,176,9,4,"92,129,96,61,97,3,121,91,128,65"
4203312096,176,11,16,"12,16,27,23,94,24,170,5,153,174"
4202554343,176,11,16,"12,16,27,170,23,138,164,61,24,94"
4203313816,176,11,16,"16,5,19,67,126,162,27,138,181,20"
4202555459,176,11,16,"19,20,61,5,16,27,162,8,67,126"
4202556005,176,11,16,"39,12,122,6,204,16,21,138,134,20"
4202556387,176,11,16,"174,93,238,20,162,12,167,5,154,16"
4203316024,176,11,16,"10,15,334,12,5,20,39,64,173,211"
4202557815,176,11,16,"334,15,308,11,64,202,19,6,12,78"
4202558151,176,11,16,"36,66,207,256,184,44,328,233,269,208"
4203317822,176,11,16,"171,46,210,223,130,262,100,88,121,101"
4203318190,176,11,16,"100,101,84,51,54,43,353,245,188,223"
4203318614,176,11,16,"99,231,144,2,85,186,189,244,7,94"
4203319176,176,11,16,"261,106,94,109,90,344,262,86,65,99"
4202628582,176,11,16,"106,90,94,203,99,231,305,129,84,86"
4202560559,176,11,16,"111,286,101,132,100,121,230,112,131,82"
4202561311,176,11,16,"49,144,92,170,12,121,68,137,78,302"
4203330616,176,11,22,"3,93,118,120,7,6,1,64,19,178"
4202572281,176,11,22,"124,3,8,92,27,7,20,1,221,67"
4203331862,176,11,22,"3,7,93,19,1,31,0,4,238,6"
4202574325,176,11,22,"67,124,20,39,103,8,27,279,93,238"
4202574661,176,11,0,"122,130,167,43,105,103,54,149,232,101"
4203333884,176,11,0,"109,106,102,121,53,113,56,82,91,178"
4202575741,176,11,0,"103,39,286,105,107,122,73,102,254,232"
4202576973,176,11,0,"67,19,3,7,8,124,20,92,47,15"
4202577499,176,11,0,"7,102,93,91,92,100,3,20,101,67"
4203336740,176,11,0,"123,7,3,27,93,221,23,8,19,92"
4203341806,176,11,0,"286,287,315,132,254,263,131,245,135,122"
4221417909,176,11,3,"315,286,305,99,285,210,300,108,94,169"
4391688422,176,1,16,"84,203,121,112,90,291,99,304,205,115"
4428960458,176,2,15,"271,308,339,294,238,323,210,66,21,12"
4492765193,176,3,15,"130,146,46,28,54,29,167,31,121,122"
5179083262,177,9,12,"43,202,224,51,206,107,342,103,59,232"
5179085228,177,9,12,"67,19,7,20,27,102,138,8,181,106"
5179087322,177,9,12,"86,98,94,92,106,88,119,102,63,62"
5179089158,177,9,12,"6,3,7,19,18,67,92,64,202,12"
5387131663,177,9,2,"61,94,129,206,62,92,64,88,96,85"
5387133275,177,9,2,"6,3,7,86,18,64,15,62,20,60"
5387738344,177,9,2,"65,96,63,62,86,261,222,121,262,178"
5387136159,177,9,2,"127,96,128,65,73,85,97,94,86,63"
5387137451,177,9,2,"15,6,24,3,218,120,10,150,21,206"
5387742070,177,9,2,"92,94,129,88,206,61,96,85,64,272"
5387743348,177,9,2,"84,111,108,237,89,112,110,300,107,315"
5387141389,177,9,2,"89,84,111,107,88,301,300,317,57,108"
5387142785,177,9,2,"84,342,57,189,59,224,232,107,43,89"
5387747104,177,9,2,"58,189,171,186,46,100,223,276,101,52"
5387144869,177,9,2,"65,63,85,127,160,73,84,128,277,106"
5387146187,177,9,2,"99,90,84,94,127,305,85,160,300,231"
5387750368,177,9,2,"99,90,94,84,300,305,119,231,324,95"
5387148167,177,9,2,"128,186,112,65,189,96,97,244,110,144"
5387149305,177,9,2,"53,234,114,291,101,96,92,235,218,51"
5387150811,177,9,2,"6,3,18,21,7,19,60,15,64,129"
5387152205,177,9,2,"98,64,3,124,60,18,102,176,39,62"
5387756946,177,9,2,"6,67,7,21,26,19,3,12,69,202"
5387155175,177,9,2,"64,86,3,98,7,15,176,62,102,116"
5387759196,177,9,2,"129,92,218,91,18,96,20,93,249,102"
5387760262,177,9,2,"63,65,96,97,128,85,86,314,186,273"
5387761386,177,9,2,"96,63,65,97,85,186,100,128,127,94"
5387159403,177,9,2,"65,128,63,85,96,127,100,94,250,186"
5387160287,177,9,2,"38,69,262,293,111,135,54,100,231,169"
5387764824,177,9,2,"210,206,128,46,202,65,187,263,85,288"
5387162649,177,9,2,"293,111,108,128,135,253,261,273,131,142"
5387164061,177,9,2,"65,85,127,128,63,186,187,96,202,46"
5387768690,177,9,2,"128,65,63,66,127,124,187,105,170,101"
5387166515,177,9,2,"61,96,73,63,127,128,82,286,97,108"
5387770936,177,9,2,"261,262,88,65,96,135,133,128,63,56"
5387772164,177,9,2,"10,240,193,140,93,241,12,192,248,17"
5387170205,177,9,2,"6,54,121,46,21,204,7,122,230,9"
5387774502,177,9,2,"273,314,211,66,56,46,12,63,86,262"
5387172275,177,9,2,"315,286,285,54,108,293,112,344,110,131"
5387776516,177,9,2,"98,86,85,63,64,65,116,60,176,263"
5387778480,177,9,2,"98,85,86,65,63,116,134,99,119,231"
5387176265,177,9,2,"92,108,255,133,313,185,188,264,114,128"
5387196193,177,9,3,"178,5,58,92,55,121,94,118,91,180"
5387801618,177,9,3,"118,64,263,178,102,122,6,121,91,120"
5387802648,177,9,3,"249,286,132,287,54,106,315,131,111,108"
5387199785,177,9,3,"169,128,235,187,210,306,293,286,263,315"
5387201035,177,9,3,"55,52,54,5,6,230,263,121,21,206"
5387202265,177,9,3,"178,118,121,106,120,263,6,130,102,55"
5387808152,177,9,3,"94,55,43,107,51,218,206,260,52,321"
5387809282,177,9,3,"203,304,121,119,205,94,305,60,84,300"
5387206417,177,9,3,"203,304,205,95,46,60,94,99,237,84"
5387207727,177,9,3,"58,54,46,171,185,262,55,52,223,188"
5387813462,177,9,3,"84,203,304,260,119,46,61,43,95,94"
5387815076,177,9,3,"84,237,15,46,106,61,102,260,95,265"
5387212055,177,9,3,"273,314,86,98,63,88,177,62,90,261"
5387817858,177,9,3,"99,231,66,144,95,46,90,94,84,89"
5387214801,177,9,3,"99,231,94,144,85,95,84,90,305,89"
10743010783,178,9,1,"31,9,0,93,34,125,3,29,33,7"
3129336076,179,9,6,"83,192,30,196,130,147,167,146,228,73"
3129338810,179,9,6,"66,130,46,36,121,201,30,81,299,35"
3129340440,179,9,6,"10,13,14,157,298,15,156,225,335,93"
10078702165,180,9,16,"95,90,99,127,85,94,66,144,170,49"
9221089636,181,5,1,"8,78,1,47,123,75,0,153,34,107"
8663360669,182,9,1,"69,150,77,76,23,153,221,44,48,79"
8663360205,182,9,1,"83,170,66,9,219,144,2,302,31,217"
5101924664,183,9,1,"2,197,200,151,337,256,208,233,41,123"
5101924760,183,9,1,"248,123,93,174,247,16,179,1,191,279"
5101924898,183,9,1,"69,150,44,38,23,194,228,77,35,193"
5101330689,183,9,1,"118,178,174,92,120,218,5,93,20,64"
5101925262,183,9,1,"69,150,38,23,77,76,14,48,44,25"
5101331017,183,9,1,"69,150,76,14,279,22,322,40,280,23"
5101331135,183,9,1,"69,77,151,150,23,44,193,48,46,152"
5101331249,183,9,1,"76,150,69,14,27,346,152,153,322,77"
5101331365,183,9,1,"48,27,76,44,14,23,67,26,153,79"
5101331571,183,9,1,"22,36,10,2,196,24,12,144,201,170"
5101331739,183,9,1,"63,80,35,81,36,212,11,12,192,236"
5101331861,183,9,1,"16,12,138,193,19,191,181,216,93,215"
5101926364,183,9,1,"124,73,39,103,206,89,107,105,224,205"
5101332287,183,9,1,"86,129,91,98,92,102,64,118,56,120"
5101926750,183,9,1,"69,150,44,38,48,25,77,36,46,79"
5101332807,183,9,1,"2,46,130,104,197,167,122,210,83,286"
4821922383,184,3,7,"102,82,119,91,101,133,43,178,203,96"
8062213126,185,9,5,"219,39,93,105,22,166,164,103,8,238"
