268535960,0,9,0,"98,124,63,160,251,118,94,117,137,58"
284505324,0,9,1,"2,53,5,147,48,6,157,255,47,50"
285538933,0,10,0,"51,103,65,28,135,41,295,138,216,54"
289494173,0,10,2,"40,1,0,4,98,241,203,137,233,125"
289494204,0,10,3,"112,106,262,165,107,123,122,113,57,120"
289494280,0,10,3,"123,57,108,256,165,107,242,113,121,120"
294574920,0,10,4,"119,209,59,124,133,161,63,121,163,216"
294574988,0,10,5,"120,56,126,144,161,68,142,157,121,143"
7357471068,1,5,2,"29,44,32,176,177,110,42,24,20,350"
4999703206,2,8,5,"56,31,217,76,121,142,49,144,242,79"
4999712928,2,8,8,"38,78,202,236,42,58,204,118,174,117"
4999714564,2,8,5,"119,63,79,117,47,80,147,151,154,48"
4999113371,2,8,5,"48,124,47,226,141,160,137,119,98,53"
7965790134,2,8,9,"108,72,201,40,111,164,109,57,107,113"
7965794142,2,8,9,"15,107,98,164,78,106,40,122,218,252"
7965795006,2,8,9,"112,59,165,106,172,32,8,107,214,262"
7965796156,2,8,9,"59,172,165,112,106,8,214,164,107,143"
7965797746,2,8,9,"59,164,111,106,8,60,68,32,165,107"
11278364473,3,9,5,"68,117,59,60,119,255,32,79,279,72"
11278366393,3,9,2,"68,79,117,143,145,34,80,60,59,72"
8646428666,4,3,2,"208,193,16,39,44,14,284,100,356,38"
5845445471,5,5,10,"245,40,96,216,218,295,41,207,169,243"
5845452249,5,5,10,"170,105,107,106,40,57,242,108,120,200"
5846010060,5,5,10,"204,202,200,174,113,172,203,40,111,15"
5845461079,5,5,10,"200,168,96,147,79,202,117,243,174,113"
5846059372,5,5,10,"111,201,107,108,106,109,113,57,165,72"
4044336184,6,9,11,"55,76,74,65,322,308,158,68,202,59"
4044336630,6,9,11,"55,308,76,59,322,75,330,176,74,239"
4044337296,6,9,11,"20,55,29,68,8,59,143,24,142,214"
12107989923,7,0,6,"225,212,27,189,175,127,191,185,92,95"
12108083564,7,0,6,"95,127,16,92,24,154,188,231,97,26"
12130197305,7,0,1,"106,57,108,107,72,109,29,164,111,201"
12130863566,7,0,6,"225,188,154,25,212,27,191,175,131,22"
12130478053,7,0,6,"25,225,154,27,191,22,212,175,223,131"
12130202625,7,0,6,"95,191,127,27,212,225,188,189,92,232"
12130612084,7,0,6,"225,50,191,188,27,212,45,175,92,26"
12130205165,7,0,6,"50,225,188,191,27,92,159,127,212,175"
12130615774,7,0,6,"225,27,191,92,95,188,212,175,127,154"
12130616994,7,0,6,"225,27,191,95,92,175,212,23,154,20"
12130206325,7,0,6,"225,191,27,175,212,23,92,181,95,136"
12130210015,7,0,6,"225,27,191,212,95,175,92,188,23,181"
12130875156,7,0,6,"225,27,191,92,175,212,50,95,23,188"
12130876186,7,0,6,"225,191,188,95,27,175,212,189,261,310"
12114590706,7,0,3,"0,2,4,1,5,6,3,55,7,9"
12113936705,7,0,3,"157,80,79,144,143,134,56,142,53,120"
5435836,8,1,13,"32,265,259,68,73,34,112,264,270,72"
161860463,8,5,13,"71,68,259,72,264,34,67,112,73,265"
220034092,8,7,13,"10,81,347,19,88,297,86,18,161,278"
251211474,8,8,14,"100,41,98,58,101,45,26,117,16,40"
251212111,8,8,1,"65,64,29,76,34,51,37,59,55,68"
251213075,8,8,10,"282,196,3,2,197,163,306,9,184,75"
251214010,8,8,10,"108,111,201,57,109,113,106,164,107,165"
251215434,8,8,10,"200,98,113,40,38,120,41,96,58,174"
251216117,8,8,10,"40,170,96,43,46,200,155,324,188,191"
4719568095,9,5,17,"166,287,2,238,282,74,3,265,217,75"
2310299337,10,2,9,"40,142,224,161,138,31,63,119,256,123"
3897396414,11,2,12,"134,63,162,85,83,88,86,277,120,161"
3897396506,11,2,12,"72,162,83,67,85,88,111,86,60,91"
8786917920,12,8,0,"72,111,164,120,121,109,60,242,59,126"
8786920852,12,8,0,"164,72,111,68,67,109,8,59,60,201"
8780348221,12,8,0,"63,120,56,122,112,106,121,123,57,78"
8780361101,12,8,12,"105,203,200,174,202,40,122,164,78,153"
8780363953,12,8,12,"117,168,145,78,150,200,147,46,148,98"
8786942920,12,8,12,"117,209,234,163,118,78,119,58,94,216"
8780371543,12,8,12,"98,200,114,147,168,40,150,58,38,41"
6936381925,13,1,2,"147,53,124,49,244,119,79,51,80,250"
4831976759,14,6,1,"58,98,308,269,226,255,15,224,137,232"
3409379769,15,3,18,"38,40,41,98,117,58,173,133,105,116"
2069533881,16,10,16,"137,214,157,143,210,192,120,98,56,165"
2069535371,16,10,16,"55,21,16,63,213,29,83,111,219,37"
2069538001,16,10,10,"14,17,83,181,7,3,212,200,179,135"
2069539647,16,10,10,"98,96,40,106,111,38,109,107,120,279"
2070337272,16,10,10,"98,226,38,111,20,96,40,278,176,41"
2069545573,16,10,10,"32,107,108,57,96,8,106,157,59,31"
2069550159,16,10,10,"111,96,107,200,57,106,8,109,24,123"
2069547711,16,10,10,"111,96,21,157,8,109,287,120,123,107"
2070347086,16,10,10,"96,111,8,200,83,40,21,17,14,24"
2069555683,16,10,10,"24,17,14,200,83,7,96,111,203,40"
3364135988,16,2,2,"235,272,178,203,292,94,176,271,110,273"
3363319369,16,2,2,"21,298,92,105,104,17,38,176,130,40"
3363322685,16,2,2,"38,40,141,115,26,45,182,41,103,21"
3364145494,16,2,2,"100,141,115,262,58,37,31,213,29,101"
3709348279,16,6,9,"16,21,92,307,17,162,267,10,184,114"
3710162368,16,6,9,"21,92,25,16,22,154,26,20,96,23"
3710163590,16,6,9,"21,20,154,92,26,222,22,16,45,115"
3710164890,16,6,9,"16,21,92,22,38,20,23,155,25,26"
3710172190,16,6,9,"21,16,92,17,96,159,38,135,22,188"
3709362909,16,6,9,"21,16,92,45,26,154,20,41,22,180"
3710176236,16,6,9,"21,45,16,26,92,95,41,154,188,43"
3710177838,16,6,9,"16,21,92,25,22,154,45,41,38,188"
3710181096,16,6,9,"154,21,115,16,26,20,114,45,92,24"
3710183966,16,6,9,"21,154,20,92,16,26,24,45,115,23"
3710185756,16,6,9,"21,154,16,20,24,92,45,22,26,23"
3709376609,16,6,9,"16,21,20,92,24,23,26,7,9,45"
3710189690,16,6,9,"16,21,26,92,20,45,23,154,24,155"
3709380169,16,6,9,"21,16,20,115,92,26,45,24,154,22"
3710193490,16,6,9,"16,21,92,26,20,24,23,154,45,115"
3709384255,16,6,9,"92,21,16,127,26,23,20,27,22,154"
3710206082,16,6,9,"21,16,20,22,24,26,25,23,154,45"
3710207552,16,6,9,"26,154,16,21,45,20,92,222,23,22"
3710211570,16,6,9,"20,21,22,92,23,16,25,26,159,24"
3710213490,16,6,9,"20,21,154,92,22,115,25,16,96,26"
3710221858,16,6,9,"16,21,26,92,20,45,154,135,24,155"
3710223896,16,6,9,"92,21,16,17,96,63,20,22,23,154"
3710225270,16,6,9,"92,17,63,16,135,159,96,21,112,50"
3709416101,16,6,9,"21,16,92,26,45,20,155,23,96,188"
3710228286,16,6,9,"16,21,160,93,92,124,188,26,98,22"
3710229718,16,6,9,"92,21,115,130,154,16,17,124,160,118"
3710231816,16,6,9,"21,16,92,38,96,20,22,115,26,45"
3709422375,16,6,9,"26,21,16,45,154,20,92,22,23,24"
3710234506,16,6,9,"21,16,92,155,45,26,115,41,96,154"
3710235974,16,6,9,"21,16,92,41,26,155,22,43,96,154"
3710237148,16,6,9,"21,16,92,26,155,96,115,135,22,46"
3709427969,16,6,9,"16,26,43,188,155,21,46,154,206,92"
3710242788,16,6,9,"16,21,92,26,45,154,115,155,23,22"
3710244228,16,6,9,"16,21,155,26,188,43,45,92,46,206"
3709434799,16,6,9,"96,115,92,16,21,22,38,160,25,114"
3710246692,16,6,9,"112,165,106,21,57,32,115,16,92,59"
3709439043,16,6,9,"16,176,21,104,38,59,32,155,17,41"
3709443395,16,6,9,"21,16,180,118,17,100,92,38,176,160"
3732360055,17,6,1,"106,108,57,109,201,113,107,111,144,164"
3733160122,17,6,1,"40,123,77,106,203,78,200,107,242,128"
3732362053,17,6,2,"58,250,147,148,8,124,96,243,15,36"
8255182722,18,11,4,"20,21,16,22,170,23,24,25,92,26"
10164522,19,3,6,"161,123,120,121,126,242,109,106,10,363"
11488226,19,3,15,"239,121,256,254,257,123,31,183,335,201"
12616347,19,4,6,"164,111,72,201,107,108,78,40,242,15"
12616314,19,4,6,"111,201,161,57,109,108,55,113,120,164"
138650213,19,4,9,"21,24,16,104,20,26,22,38,23,45"
138650404,19,4,9,"16,24,21,55,138,26,41,20,134,45"
138650633,19,4,9,"24,21,16,26,20,23,45,22,154,92"
138650927,19,4,9,"21,16,26,24,20,45,92,23,154,41"
138651173,19,4,9,"21,16,24,23,22,26,20,45,92,27"
138651473,19,4,9,"21,16,24,26,20,45,92,23,154,22"
138651720,19,4,9,"16,21,92,26,20,24,22,45,23,154"
138651972,19,4,9,"38,21,176,42,104,20,292,22,115,114"
138652174,19,4,9,"16,21,24,26,45,14,92,17,20,193"
138652456,19,4,9,"21,16,24,20,26,23,49,45,55,135"
138652744,19,4,9,"21,20,16,22,23,26,24,92,154,25"
138652958,19,4,9,"21,16,24,20,26,50,135,45,154,53"
138653308,19,4,9,"21,26,24,20,16,154,92,45,22,23"
138653538,19,4,9,"16,21,26,24,20,92,45,154,41,23"
138653764,19,4,9,"21,16,24,20,26,45,23,92,154,41"
138653909,19,4,9,"21,16,20,24,22,23,26,115,45,92"
138654282,19,4,9,"21,24,16,20,26,45,154,23,79,55"
138654698,19,4,9,"16,21,24,26,20,23,45,92,22,154"
138654952,19,4,9,"16,21,20,26,115,154,23,92,24,51"
2635087340,20,5,4,"50,2,48,5,47,135,0,284,188,1"
2634264019,20,6,4,"79,80,76,143,56,68,145,183,65,144"
2639331623,20,6,6,"260,10,162,267,277,81,341,88,86,161"
2624345138,21,5,2,"41,26,213,119,45,154,105,21,16,24"
2624346976,21,5,2,"145,150,168,80,9,2,284,0,79,153"
4024064823,22,9,0,"56,98,120,8,121,126,192,1,255,157"
7568767758,23,8,0,"318,154,187,142,16,135,199,51,159,20"
2774687789,24,7,12,"111,164,109,113,72,165,106,201,107,59"
6596831687,25,8,9,"145,79,150,78,167,168,144,76,147,142"
6827241454,26,2,13,"42,272,38,20,40,170,176,200,142,177"
8035664690,27,8,7,"164,106,107,112,111,57,109,239,165,59"
8035661035,27,8,7,"68,76,79,72,108,143,164,34,59,69"
4950053408,28,7,4,"65,80,134,79,63,143,55,56,120,76"
4950054426,28,7,1,"108,57,106,32,109,111,242,107,76,110"
7140218279,29,3,2,"105,98,203,314,100,41,272,292,94,235"
7140218285,29,3,3,"142,49,79,144,76,121,119,31,217,107"
11654053676,29,1,9,"78,117,79,55,145,147,47,49,148,48"
5084341536,30,2,14,"224,56,230,119,233,63,232,2,137,3"
2906846381,31,6,9,"111,109,106,164,107,113,72,120,123,194"
40538696,32,10,3,"106,112,123,217,57,120,107,108,249,113"
6109976619,33,6,10,"108,120,79,56,144,121,161,57,109,122"
6109977517,33,6,10,"121,15,123,144,56,40,242,107,120,117"
6109978103,33,6,10,"80,10,162,84,40,16,260,82,85,87"
6110522862,33,6,10,"200,114,28,96,58,174,147,243,98,321"
6110523276,33,6,10,"58,98,200,40,147,244,96,124,243,118"
6110523664,33,6,10,"200,40,113,203,174,96,98,78,243,111"
6110524134,33,6,10,"200,96,40,114,243,244,113,174,157,203"
6110524550,33,6,10,"98,200,58,147,96,53,118,40,168,243"
6109980601,33,6,10,"200,96,113,114,174,40,157,243,92,115"
6110525318,33,6,10,"200,98,114,96,113,157,40,143,120,244"
6109981437,33,6,10,"200,96,243,174,40,244,114,170,92,232"
6114468154,33,6,10,"200,174,38,40,113,98,251,172,96,202"
6114468698,33,6,10,"50,200,114,28,158,159,96,115,243,54"
3931314808,34,8,10,"111,164,172,165,108,107,57,113,328,109"
3930533749,34,8,10,"164,111,172,109,72,242,107,78,108,15"
3931317878,34,8,10,"200,113,202,204,174,172,114,111,115,96"
3931319258,34,8,10,"40,38,48,58,98,174,118,243,147,203"
3930537511,34,8,10,"21,16,24,26,154,45,20,41,200,92"
3931321234,34,8,10,"58,200,96,98,40,147,117,244,118,38"
342366723,35,11,2,"95,16,92,127,221,43,193,153,188,46"
2408773053,36,5,1,"106,111,113,109,165,120,59,107,29,164"
5544166922,37,2,15,"327,162,267,277,341,86,289,307,10,334"
7609576994,38,6,13,"68,34,60,69,67,270,74,73,259,71"
3474966357,39,3,12,"265,305,302,264,333,69,75,162,73,304"
3474968423,39,3,17,"67,72,264,69,281,162,73,265,70,333"
3493845192,39,3,12,"10,163,71,260,266,82,84,128,238,12"
3487096636,39,3,12,"16,41,93,95,21,39,43,98,155,46"
3486287101,39,3,12,"219,213,115,190,141,100,140,135,105,154"
5016707249,40,7,1,"112,106,165,59,262,113,107,57,111,201"
5016708421,40,7,1,"111,108,57,113,242,109,165,164,15,144"
4339039274,41,8,6,"45,95,26,191,137,188,22,154,139,261"
4338991788,41,8,6,"95,142,41,153,16,105,187,92,20,50"
4338315113,41,8,6,"16,26,45,29,20,41,92,154,95,24"
4338262279,41,8,6,"3,9,7,2,153,311,168,145,241,5"
4339010320,41,8,6,"95,3,1,24,9,4,190,293,7,156"
4339054796,41,8,6,"151,241,97,50,96,63,138,92,152,355"
4338303477,41,8,6,"50,154,20,222,25,21,92,24,16,26"
4338997378,41,8,6,"241,151,6,97,95,96,1,223,226,135"
4338307797,41,8,6,"25,95,135,131,154,151,50,137,22,223"
4339023552,41,8,6,"63,95,216,233,41,1,98,241,230,4"
4338242919,41,8,6,"45,41,26,154,137,16,95,190,188,233"
4338290431,41,8,6,"94,41,233,295,230,283,223,16,179,234"
4148620328,41,0,6,"0,6,95,4,5,231,3,1,79,2"
4147859225,41,0,6,"41,166,58,287,62,103,60,137,2,59"
4147864285,41,0,6,"207,41,208,188,284,245,151,43,50,206"
4147858419,41,0,6,"16,100,219,154,294,101,58,41,28,231"
4346772592,41,8,6,"153,95,223,119,206,188,127,46,261,284"
4346760148,41,8,6,"117,135,200,159,6,63,79,138,96,255"
4346774714,41,8,6,"146,24,11,188,154,26,347,41,7,45"
4346020511,41,8,6,"203,235,17,95,153,212,180,179,181,41"
4346777456,41,8,6,"119,31,56,15,144,59,120,121,79,126"
4346769610,41,8,6,"98,41,40,188,245,3,155,117,169,60"
4346766804,41,8,6,"154,95,223,98,115,235,230,181,3,96"
4346037105,41,8,6,"17,14,16,7,115,179,135,21,181,3"
4147813009,41,0,6,"98,41,179,180,181,17,40,212,203,77"
4148572142,41,0,6,"41,43,115,46,16,98,103,50,217,223"
4148569438,41,0,6,"95,154,41,211,223,93,45,151,153,46"
4148569218,41,0,6,"16,41,43,94,135,97,50,154,159,46"
4148570754,41,0,6,"43,16,46,154,39,98,41,205,50,26"
4148570910,41,0,6,"95,221,93,201,199,28,288,319,132,212"
4147811359,41,0,6,"97,93,94,24,41,5,7,154,3,226"
4201415688,41,0,6,"22,16,154,115,25,92,135,41,17,96"
4147219577,41,1,6,"41,135,16,154,5,151,93,24,20,226"
4147977772,41,1,6,"95,117,24,45,154,5,293,97,168,241"
4147976810,41,1,6,"41,98,40,38,117,151,2,46,154,43"
4147219033,41,1,6,"41,6,95,98,220,0,1,93,151,2"
4147219529,41,1,6,"95,226,46,45,93,16,43,26,154,92"
4147219699,41,1,6,"213,220,103,290,152,206,151,41,0,219"
4147977706,41,1,6,"154,41,26,20,45,16,21,100,92,226"
4147978096,41,1,6,"16,212,226,41,45,21,24,181,95,46"
4147976906,41,1,6,"24,117,21,20,16,45,154,155,26,151"
4147219325,41,1,6,"136,135,45,95,189,137,218,41,139,151"
4147219115,41,1,6,"41,117,16,53,2,147,152,98,226,20"
4147977584,41,1,6,"213,137,95,136,45,41,220,212,140,226"
4147976862,41,1,6,"219,41,213,294,220,103,190,140,216,98"
4147977168,41,1,6,"135,28,48,199,159,6,41,5,50,3"
4147977090,41,1,6,"151,0,63,6,2,135,141,233,138,153"
4147218917,41,1,6,"95,212,136,263,181,137,41,189,190,140"
4147977478,41,1,6,"16,41,21,24,45,20,93,26,100,226"
4147219747,41,1,6,"95,41,16,93,97,151,226,154,5,188"
4147976996,41,1,6,"41,213,154,45,219,16,100,294,190,140"
4147977822,41,1,6,"16,46,212,26,45,43,41,181,226,21"
4147977234,41,1,6,"151,0,154,200,24,2,8,152,5,20"
4147977530,41,1,6,"155,46,152,2,284,6,151,0,43,206"
4147218473,41,1,6,"24,16,26,135,45,21,20,46,22,155"
4147218713,41,1,6,"0,2,5,6,3,4,7,1,9,156"
4147219631,41,1,6,"16,45,21,41,137,154,135,100,189,190"
4147977326,41,1,6,"212,181,98,6,41,224,40,2,5,230"
4147978136,41,1,6,"157,138,120,57,192,330,1,123,56,122"
4147219893,41,1,6,"45,226,220,140,213,137,190,103,154,41"
4148003964,41,9,6,"137,224,125,98,45,251,160,6,95,136"
4148004038,41,9,6,"137,251,98,24,160,125,48,53,223,133"
4148004122,41,9,6,"137,241,63,142,187,7,20,98,100,151"
4147245905,41,10,6,"137,160,224,98,135,151,159,2,230,162"
4148569564,41,0,6,"16,154,50,41,21,92,20,25,45,221"
4148571042,41,0,6,"95,223,98,43,46,96,155,208,153,41"
4147813161,41,0,6,"98,40,41,160,141,223,124,77,226,43"
4147811839,41,0,6,"223,22,98,212,27,191,25,95,160,43"
4148568926,41,0,6,"16,43,41,46,155,98,21,100,40,154"
4147812371,41,0,6,"212,22,223,25,175,43,96,95,154,46"
4147812473,41,0,6,"22,25,27,223,154,175,191,77,130,96"
4148569674,41,0,6,"98,160,95,40,1,224,124,141,45,153"
4148569322,41,0,6,"223,135,22,25,134,153,154,218,43,1"
4147813449,41,0,6,"98,41,40,95,117,1,141,203,212,119"
4150720830,41,8,4,"16,188,45,20,26,21,22,154,92,29"
4150722048,41,8,4,"16,92,26,22,21,43,24,23,155,46"
4149964029,41,8,4,"22,25,16,92,102,28,20,154,222,26"
4150721436,41,8,4,"22,25,20,23,92,50,21,135,16,26"
4149964617,41,8,4,"16,26,21,22,20,154,155,92,43,46"
4150722694,41,8,4,"20,22,92,26,21,154,23,16,24,25"
4300288160,41,9,9,"75,78,117,145,168,147,79,76,150,205"
4172113688,41,9,9,"16,21,92,154,22,135,41,25,26,155"
4172114086,41,9,9,"16,100,95,20,170,21,92,96,24,23"
4171357841,41,9,9,"20,318,187,142,16,154,26,22,23,41"
4172114714,41,9,9,"24,32,151,16,63,21,29,31,20,37"
4172115074,41,9,9,"24,92,95,16,22,21,26,127,154,27"
4171358863,41,9,9,"20,24,26,16,95,154,45,21,92,22"
4172115654,41,9,9,"39,293,3,16,93,226,45,41,95,154"
4172115964,41,9,9,"26,20,22,21,92,154,25,24,23,252"
4171359829,41,9,9,"16,21,24,20,23,26,22,45,92,176"
4171360119,41,9,9,"16,26,21,24,154,41,45,20,155,92"
4172116978,41,9,9,"16,21,26,20,154,45,41,92,22,211"
4172117270,41,9,9,"16,21,26,41,154,45,92,20,22,24"
4171361065,41,9,9,"21,20,16,26,39,44,92,23,24,45"
4172117964,41,9,9,"22,25,27,23,20,154,21,26,92,225"
4171361845,41,9,9,"16,21,26,24,92,20,154,45,23,155"
4172118574,41,9,9,"16,21,20,92,26,155,23,127,46,22"
4172118972,41,9,9,"16,39,21,41,44,154,43,155,26,95"
4172119304,41,9,9,"16,92,127,21,26,23,22,20,155,43"
4171363249,41,9,9,"16,21,41,95,155,93,50,112,43,46"
4171363543,41,9,9,"94,97,16,93,226,135,43,41,168,5"
4172120234,41,9,9,"16,26,154,21,105,92,41,211,20,24"
4171364209,41,9,9,"16,26,41,21,155,43,46,154,45,20"
4171364499,41,9,9,"16,26,127,20,21,92,155,46,23,43"
4171364797,41,9,9,"26,21,20,16,92,24,45,23,154,22"
4172121490,41,9,9,"16,21,95,24,20,26,45,155,154,92"
4171365485,41,9,9,"21,26,16,20,92,24,154,153,45,23"
4171365849,41,9,9,"21,16,20,45,26,24,92,155,154,115"
4172122544,41,9,9,"16,21,20,55,135,24,32,138,22,63"
4172123258,41,9,9,"168,97,145,167,5,135,78,150,147,92"
4171367611,41,9,9,"97,168,41,135,5,92,78,167,145,150"
4171368241,41,9,9,"96,78,92,16,63,41,168,40,117,145"
4171368981,41,9,9,"16,40,38,41,105,14,117,78,98,21"
4172126016,41,9,9,"16,21,105,14,17,40,38,24,11,7"
4172126840,41,9,9,"17,105,16,7,21,32,14,146,267,298"
4172127574,41,9,9,"105,16,146,302,40,193,21,305,307,38"
4171371741,41,9,9,"105,16,40,38,32,104,21,41,213,63"
4171372439,41,9,9,"16,21,92,7,17,93,94,50,116,14"
4172129572,41,9,9,"16,21,24,26,23,41,22,45,155,38"
4172130176,41,9,9,"16,22,21,23,96,26,20,24,38,25"
4172130978,41,9,9,"16,21,20,26,24,45,23,92,105,22"
4172131748,41,9,9,"16,21,26,20,24,45,22,25,92,154"
4171375873,41,9,9,"20,24,21,26,16,23,92,22,45,82"
4172133132,41,9,9,"16,116,43,21,40,41,155,46,105,213"
4171377173,41,9,9,"16,21,24,26,20,45,23,154,92,41"
4171377731,41,9,9,"16,21,92,24,20,23,127,50,155,26"
4171378309,41,9,9,"16,21,138,135,22,23,20,53,159,25"
4172135734,41,9,9,"16,21,41,127,105,14,155,92,135,188"
4171379665,41,9,9,"41,226,62,93,94,16,105,98,90,211"
4171380531,41,9,9,"16,21,24,20,26,45,22,51,41,31"
4171381215,41,9,9,"16,21,24,41,38,40,155,96,26,92"
4172138862,41,9,9,"16,21,23,92,22,26,24,27,20,96"
4172139608,41,9,9,"16,21,189,28,22,45,25,41,26,234"
4172231300,41,1,9,"22,16,21,92,26,20,23,25,154,115"
4171475891,41,1,9,"21,92,16,26,22,20,154,23,24,45"
4172232462,41,1,9,"20,21,92,16,22,23,26,154,45,115"
4171476725,41,1,9,"21,20,92,16,26,22,41,50,23,45"
4172233138,41,1,9,"142,20,16,92,21,154,187,26,318,45"
4172233496,41,1,9,"21,16,92,26,211,20,45,154,22,23"
4171477699,41,1,9,"16,20,21,26,154,39,24,92,45,95"
4171478089,41,1,9,"21,16,20,24,23,22,27,28,25,26"
4172234520,41,1,9,"21,20,16,22,23,24,26,25,45,176"
4172234874,41,1,9,"16,21,24,20,26,41,45,155,14,255"
4172235360,41,1,9,"16,105,38,40,21,63,305,10,302,39"
4171479595,41,1,9,"21,20,24,16,26,23,45,154,92,27"
4171479943,41,1,9,"21,16,24,20,26,45,41,154,23,92"
4171480293,41,1,9,"21,16,20,26,45,24,41,154,44,92"
4172236676,41,1,9,"16,21,14,155,41,45,135,24,38,20"
4172237018,41,1,9,"21,24,16,20,26,45,23,222,92,41"
4171481307,41,1,9,"21,16,24,20,26,45,23,92,155,41"
4172237708,41,1,9,"16,21,24,20,28,26,92,23,45,50"
4171481969,41,1,9,"16,21,20,22,24,25,23,41,26,45"
4171482313,41,1,9,"21,16,24,20,26,111,45,23,95,155"
4171482623,41,1,9,"16,21,24,20,155,45,46,26,23,92"
4171482989,41,1,9,"16,17,159,7,135,193,14,3,9,95"
4171483325,41,1,9,"16,21,26,24,45,20,154,135,41,95"
4171483683,41,1,9,"16,21,17,22,212,181,25,135,95,179"
4172240034,41,1,9,"16,24,21,92,26,23,22,20,155,96"
4171484449,41,1,9,"16,21,24,26,41,155,92,43,23,45"
4299558229,41,3,9,"112,16,22,21,25,38,176,105,92,31"
4299558173,41,3,9,"16,21,24,92,26,22,45,23,38,155"
4300304938,41,3,9,"20,21,22,16,25,23,26,154,176,24"
4300304890,41,3,9,"16,21,26,20,154,92,155,45,22,43"
4299557991,41,3,9,"16,21,155,41,14,17,22,43,7,135"
4300304728,41,3,9,"16,21,155,153,26,104,41,20,188,43"
4299557873,41,3,9,"16,21,92,153,155,26,22,20,193,127"
4299557821,41,3,9,"16,21,26,155,45,43,41,46,92,20"
4300304532,41,3,9,"21,16,20,92,26,193,24,45,155,7"
4300304460,41,3,9,"16,21,155,43,92,46,23,26,188,22"
4299557627,41,3,9,"21,20,22,25,16,26,154,23,45,92"
4300304334,41,3,9,"16,21,24,26,20,92,45,41,154,38"
4299557513,41,3,9,"16,92,21,26,155,43,46,188,45,24"
4299557427,41,3,9,"16,21,20,154,305,45,39,26,306,307"
4300304138,41,3,9,"21,20,16,26,24,45,154,23,22,25"
4299557269,41,3,9,"16,21,26,20,45,24,154,23,92,14"
4300303984,41,3,9,"16,21,45,154,17,135,26,159,41,24"
4299557143,41,3,9,"21,16,24,26,45,20,22,38,23,41"
4299557071,41,3,9,"21,24,16,20,26,23,45,170,22,92"
4300303776,41,3,9,"21,16,45,154,26,20,24,41,38,39"
4300303634,41,3,9,"24,16,21,20,92,26,23,45,138,135"
4299556865,41,3,9,"16,21,26,135,45,155,41,159,92,20"
4299556789,41,3,9,"16,21,45,26,155,154,14,135,20,190"
4299556723,41,3,9,"16,21,26,45,20,24,41,155,154,23"
4299556645,41,3,9,"16,21,26,45,20,154,23,92,155,24"
4300303208,41,3,9,"16,21,24,20,45,26,111,105,92,154"
4299556483,41,3,9,"16,155,21,46,43,9,92,26,188,41"
4300303034,41,3,9,"16,21,92,17,26,155,127,14,23,22"
4300302978,41,3,9,"26,21,154,16,38,45,20,115,92,219"
4299556321,41,3,9,"21,16,26,20,24,45,92,154,23,115"
4299556265,41,3,9,"16,21,26,92,22,155,20,24,45,23"
4299556191,41,3,9,"16,104,21,26,24,20,22,170,45,41"
4300302770,41,3,9,"16,21,20,92,26,24,45,23,22,155"
4299556093,41,3,9,"16,21,92,26,22,155,14,45,25,20"
4300302616,41,3,9,"16,21,26,45,154,20,92,24,155,41"
4300302532,41,3,9,"16,21,26,20,92,23,45,22,24,41"
4300302474,41,3,9,"16,21,26,20,24,45,92,154,41,23"
4299555785,41,3,9,"21,16,26,92,20,154,45,222,23,22"
4299555721,41,3,9,"21,16,20,26,45,154,24,41,92,23"
4300302294,41,3,9,"21,16,26,20,45,154,92,24,22,23"
4300302230,41,3,9,"21,16,26,20,45,24,154,23,92,41"
4300302150,41,3,9,"21,16,26,20,45,92,154,22,25,24"
4299555441,41,3,9,"16,21,14,39,193,155,44,38,188,9"
4299555379,41,3,9,"16,21,26,45,154,41,92,24,20,135"
4300301948,41,3,9,"21,16,26,45,20,41,188,305,24,92"
4299555183,41,3,9,"21,16,20,26,45,24,154,23,92,41"
4299555095,41,3,9,"45,16,21,26,154,41,188,135,24,20"
4299555015,41,3,9,"16,21,26,45,92,24,188,20,155,23"
4299554963,41,3,9,"21,16,92,26,17,22,20,135,159,96"
4300301562,41,3,9,"16,21,26,45,92,24,155,20,154,41"
4299554825,41,3,9,"21,16,20,26,45,154,22,24,92,115"
4300301436,41,3,9,"21,16,20,26,23,24,114,92,22,45"
4299554721,41,3,9,"21,26,92,20,45,16,154,24,23,27"
4299554685,41,3,9,"16,21,20,45,26,154,24,92,41,23"
4300301242,41,3,9,"16,21,24,45,26,20,155,154,41,92"
4299554525,41,3,9,"21,16,20,24,26,92,23,22,45,154"
4299554465,41,3,9,"21,16,92,26,20,24,23,96,155,45"
4300301010,41,3,9,"16,21,26,45,154,20,41,92,24,155"
4299554331,41,3,9,"16,21,26,154,45,20,24,41,92,155"
4299554269,41,3,9,"16,21,26,20,45,24,154,23,92,50"
4299554201,41,3,9,"16,21,26,20,24,45,154,155,80,41"
4300300696,41,3,9,"16,21,155,43,26,92,41,135,46,127"
4299554087,41,3,9,"21,16,20,26,92,45,154,115,22,114"
4299554019,41,3,9,"16,21,26,45,24,20,154,92,23,41"
4300300514,41,3,9,"16,21,24,26,20,45,92,23,154,22"
4299553899,41,3,9,"16,21,24,92,155,26,20,45,41,23"
4299553815,41,3,9,"21,16,20,24,26,92,45,23,22,28"
4299553757,41,3,9,"16,21,26,20,45,154,155,92,24,41"
4300300244,41,3,9,"26,45,16,21,154,24,20,41,155,188"
4300300190,41,3,9,"26,154,219,16,45,188,20,21,22,294"
4299553521,41,3,9,"16,154,45,95,21,26,190,219,305,206"
4300300056,41,3,9,"16,26,154,21,45,155,188,41,219,135"
4300299988,41,3,9,"16,21,20,26,105,24,45,135,287,92"
4300299888,41,3,9,"16,21,135,26,159,92,155,45,154,14"
4300299820,41,3,9,"29,45,21,26,154,41,38,16,40,219"
3975418439,41,8,4,"218,295,38,41,51,28,204,40,118,245"
3975418493,41,8,4,"16,21,26,45,154,24,20,55,79,115"
3975418555,41,8,4,"16,21,26,45,24,154,20,41,23,92"
3976180058,41,8,4,"21,16,26,166,45,287,20,155,154,23"
3975418663,41,8,4,"16,21,45,38,26,24,188,20,155,165"
3975418727,41,8,4,"16,21,26,45,20,305,154,41,24,38"
3976180248,41,8,4,"29,24,45,26,21,75,31,20,79,170"
3976180300,41,8,4,"16,155,46,188,205,105,287,305,157,43"
3976180340,41,8,4,"105,16,26,21,166,287,20,92,45,188"
3976180408,41,8,4,"16,21,26,45,155,39,305,13,205,3"
3975419013,41,8,4,"16,21,24,26,20,45,115,154,29,41"
3975419085,41,8,4,"138,151,134,16,217,287,166,2,98,188"
3976180574,41,8,4,"42,38,146,105,182,305,282,336,193,21"
3976180598,41,8,4,"26,16,115,114,21,92,154,43,155,46"
3976180682,41,8,4,"16,26,21,45,38,41,154,155,39,20"
3976180726,41,8,4,"16,21,45,26,115,24,20,305,41,155"
3975419367,41,8,4,"16,26,38,41,155,45,105,21,20,92"
3975419431,41,8,4,"188,26,153,208,154,155,311,284,16,45"
3975419473,41,8,4,"16,21,45,26,38,154,155,115,41,135"
3975419527,41,8,4,"16,21,26,45,155,154,41,24,135,20"
3976181022,41,8,4,"29,26,32,115,154,92,21,20,24,45"
3975419639,41,8,4,"295,218,118,93,219,100,234,94,98,294"
3975419689,41,8,4,"287,166,26,21,24,16,79,176,193,20"
3975419753,41,8,4,"16,26,21,24,45,188,155,80,41,92"
3975419799,41,8,4,"127,188,16,92,153,46,155,26,95,24"
3975419867,41,8,4,"16,21,26,45,24,20,41,154,92,155"
3975419907,41,8,4,"16,26,41,21,40,38,303,45,46,103"
3975419939,41,8,4,"21,16,26,20,45,154,305,92,23,193"
3976181400,41,8,4,"29,105,32,42,110,34,112,57,174,153"
3975420057,41,8,4,"16,26,305,188,21,306,282,155,92,13"
3975420095,41,8,4,"101,98,100,135,16,95,159,46,160,28"
3976181558,41,8,4,"16,135,159,21,45,41,24,26,115,39"
3975420197,41,8,4,"105,38,40,42,41,46,153,205,43,155"
3975420265,41,8,4,"21,26,45,16,20,41,42,38,24,154"
3976181678,41,8,4,"16,21,135,159,14,45,24,188,26,7"
3976181728,41,8,4,"26,16,21,20,92,45,193,24,155,154"
3975420403,41,8,4,"188,26,16,45,154,20,115,293,92,153"
3976181852,41,8,4,"80,127,26,188,112,46,154,138,92,155"
3976181910,41,8,4,"26,21,166,20,45,92,16,24,287,154"
3976181980,41,8,4,"26,287,45,21,24,166,20,16,38,154"
3976182030,41,8,4,"16,305,21,26,38,280,306,42,45,13"
3975420637,41,8,4,"111,21,165,113,106,16,109,24,112,57"
3976182162,41,8,4,"21,16,45,26,20,166,287,24,154,38"
3976182224,41,8,4,"57,117,105,79,29,112,163,38,165,16"
3976182276,41,8,4,"26,20,154,45,41,23,92,80,16,21"
3975420875,41,8,4,"165,112,57,111,113,106,184,21,16,305"
4172402960,41,0,6,"93,77,95,92,100,24,128,16,3,154"
4300407314,41,1,9,"16,135,41,21,45,159,7,3,92,95"
4300407372,41,1,9,"152,167,46,149,150,145,5,53,168,176"
4299660875,41,1,9,"16,21,41,26,155,45,43,20,46,24"
4300407606,41,1,9,"16,46,155,43,41,117,21,188,26,154"
4299660949,41,1,9,"59,92,24,20,127,138,154,16,21,26"
4300407672,41,1,9,"22,25,16,20,23,21,39,27,24,176"
4300407738,41,1,9,"24,20,21,8,59,32,16,34,176,63"
4299661243,41,1,9,"16,21,24,155,188,43,92,46,127,45"
4300407850,41,1,9,"16,21,155,46,24,43,188,23,26,22"
4299661399,41,1,9,"16,116,21,41,155,43,188,93,45,46"
4299661477,41,1,9,"16,21,24,26,155,20,105,45,38,176"
4299661535,41,1,9,"138,41,53,16,5,167,49,2,28,46"
4300408086,41,1,9,"50,152,151,53,176,59,5,20,46,22"
4299661711,41,1,9,"22,25,23,27,21,20,138,16,191,175"
4299661797,41,1,9,"22,25,20,16,21,23,27,138,135,154"
4299661871,41,1,9,"16,21,92,26,95,17,188,212,115,22"
4300408332,41,1,9,"16,104,21,39,193,92,176,44,20,303"
4299661995,41,1,9,"24,16,22,21,20,23,27,25,57,31"
4299662071,41,1,9,"16,21,20,26,22,104,24,154,45,23"
4300408526,41,1,9,"21,16,20,24,26,23,45,22,92,154"
4300408570,41,1,9,"25,22,27,191,136,225,175,154,131,189"
4299662283,41,1,9,"16,21,20,24,26,39,45,22,154,25"
4300408714,41,1,9,"21,20,16,24,23,22,26,25,45,92"
4300408810,41,1,9,"16,21,135,25,22,39,20,159,45,24"
4299662485,41,1,9,"16,135,21,50,41,24,155,25,199,159"
4300408972,41,1,9,"16,21,20,41,24,39,26,44,154,45"
4300409040,41,1,9,"26,154,16,92,21,211,22,45,23,20"
4299662701,41,1,9,"92,21,26,20,29,24,45,154,16,32"
4299662771,41,1,9,"26,21,20,24,45,92,154,23,22,27"
4300409236,41,1,9,"20,16,21,24,23,22,26,50,45,92"
4299662923,41,1,9,"16,20,39,21,29,280,32,24,22,44"
4300409382,41,1,9,"16,20,21,50,92,24,154,26,22,23"
4299663043,41,1,9,"20,24,21,23,16,22,26,27,142,105"
4300409526,41,1,9,"20,21,16,24,22,23,26,25,27,154"
4299663149,41,1,9,"20,16,21,24,23,22,25,27,179,212"
4300409678,41,1,9,"24,21,20,59,26,16,154,45,32,8"
4299663301,41,1,9,"16,21,20,24,22,25,23,27,92,111"
4300409828,41,1,9,"59,111,24,32,95,29,155,26,172,106"
4299663427,41,1,9,"24,188,16,154,45,26,95,21,151,41"
4299663503,41,1,9,"26,20,24,21,154,16,45,92,115,23"
4299663547,41,1,9,"26,24,21,20,154,45,16,222,92,112"
4299663621,41,1,9,"32,188,24,95,20,59,29,34,6,17"
4300410198,41,1,9,"24,29,26,20,32,21,76,37,55,92"
4299663781,41,1,9,"26,21,20,154,45,16,92,24,222,211"
4299663993,41,1,9,"26,21,20,24,45,29,92,154,16,115"
4299664103,41,1,9,"16,21,26,20,24,154,92,135,95,45"
4300410728,41,1,9,"211,20,26,222,92,21,16,154,24,45"
4299664285,41,1,9,"26,20,22,21,16,45,23,154,92,27"
4300410884,41,1,9,"24,16,21,20,41,22,26,59,45,32"
4299664543,41,1,9,"26,21,20,16,92,154,22,23,45,211"
4300411078,41,1,9,"16,21,24,20,39,41,135,26,151,3"
4300411236,41,1,9,"16,21,20,44,93,39,7,92,26,24"
4300411328,41,1,9,"26,45,24,21,154,20,16,50,222,92"
4300411430,41,1,9,"26,21,45,20,92,24,23,154,38,16"
4300411532,41,1,9,"21,20,26,154,16,45,114,92,24,115"
4299665227,41,1,9,"21,26,16,154,45,20,92,41,155,95"
4299665333,41,1,9,"29,357,182,26,146,65,154,45,287,30"
4300411850,41,1,9,"16,92,21,135,50,154,159,26,43,45"
4300411944,41,1,9,"26,21,24,45,16,20,154,41,92,22"
4300412018,41,1,9,"26,21,20,16,154,22,45,23,92,95"
4300412076,41,1,9,"26,154,21,20,24,45,16,8,23,188"
4286730503,41,1,9,"26,154,21,20,24,45,16,8,23,188"
4287470548,41,1,9,"303,16,39,176,301,21,287,305,193,20"
4300332942,41,5,9,"26,16,45,24,21,20,50,92,154,55"
4300333000,41,5,9,"26,45,154,24,16,21,20,41,222,92"
4300333060,41,5,9,"16,21,20,50,23,22,115,25,24,92"
4300333112,41,5,9,"138,20,26,24,63,16,188,50,31,45"
4299586329,41,5,9,"26,24,45,21,20,16,23,154,22,92"
4300333264,41,5,9,"16,38,21,155,22,46,43,268,41,157"
4300333336,41,5,9,"26,16,21,45,24,20,41,154,287,92"
4300333402,41,5,9,"21,16,26,20,45,154,24,92,23,22"
4299586629,41,5,9,"16,26,211,21,92,41,45,222,20,43"
4299586719,41,5,9,"16,104,38,21,26,41,45,105,24,155"
4299586815,41,5,9,"16,26,21,24,45,154,92,188,23,22"
5652912001,42,3,2,"63,117,24,78,147,137,189,119,3,95"
6312911446,42,10,7,"46,155,190,188,16,205,95,206,115,32"
6640984983,42,0,9,"3,135,213,137,230,103,159,141,48,0"
6998469282,42,4,0,"26,45,154,16,21,20,24,22,188,136"
7144698347,42,4,0,"25,22,39,21,20,135,154,115,23,138"
7374491212,42,5,3,"16,39,38,26,21,282,154,41,115,22"
7189383465,42,5,1,"76,106,75,143,79,59,165,144,74,55"
7561580592,42,6,3,"28,98,6,235,128,93,296,134,77,95"
7561585156,42,6,3,"211,135,152,16,46,50,151,208,153,155"
8211555397,43,10,3,"121,138,123,355,56,254,217,120,157,364"
3015466458,44,9,12,"184,40,107,302,81,38,10,304,196,289"
3015480788,44,9,12,"309,298,331,328,236,171,172,291,173,297"
3016346503,44,9,12,"322,331,55,317,298,253,348,303,304,289"
2984149267,44,9,12,"111,113,165,57,106,108,109,201,164,107"
3099020690,44,10,1,"2,7,3,68,9,5,0,8,60,6"
3086537845,44,10,6,"58,38,99,80,41,197,163,291,40,29"
3107351972,44,10,15,"119,209,63,107,122,120,121,15,123,216"
3086927864,44,10,6,"58,38,40,80,99,98,42,41,44,8"
3068138734,44,10,3,"50,16,21,92,114,20,115,159,45,80"
3078263204,44,10,3,"16,21,20,24,45,80,44,83,111,85"
3084598659,44,10,1,"3,7,2,145,79,57,150,168,9,76"
3054048124,44,10,6,"314,44,312,105,42,298,29,58,291,75"
3083071182,44,10,3,"44,80,38,304,302,40,157,253,117,39"
3068573826,44,10,3,"80,121,157,126,210,123,120,214,98,45"
3067340791,44,10,3,"80,65,157,29,55,79,144,16,143,56"
3089673146,44,10,3,"90,98,250,278,40,148,200,15,147,96"
3088091776,44,10,3,"147,98,150,148,117,168,145,78,250,8"
3121205136,44,10,3,"20,83,85,86,23,87,91,26,21,24"
3108167180,44,10,3,"37,48,29,54,58,20,55,80,116,45"
3086992572,44,10,1,"79,48,47,117,76,68,2,80,147,55"
3069140302,44,10,3,"29,55,157,79,80,57,123,120,165,143"
4380005012,44,0,17,"39,184,16,38,44,282,305,13,306,197"
4077551591,44,3,19,"111,277,288,201,196,72,109,172,107,164"
4040953068,44,9,12,"253,304,302,38,40,307,80,301,305,117"
4198880482,44,10,12,"98,40,41,38,200,15,58,250,124,147"
4174412053,44,10,3,"117,147,56,79,148,143,250,168,98,145"
4181132849,44,10,2,"16,21,26,20,92,154,45,50,115,24"
4177638418,44,10,3,"15,170,244,92,144,148,96,46,40,124"
4172664852,44,10,3,"1,100,4,0,98,137,230,2,233,157"
4177797612,44,10,3,"117,79,142,78,8,15,144,119,253,157"
4174929358,44,10,3,"98,148,250,168,5,232,147,124,142,226"
4168927839,44,10,3,"20,197,98,8,3,282,114,40,142,280"
4209489592,44,10,12,"8,60,98,38,117,40,41,68,58,291"
8927708284,45,5,4,"7,9,188,46,155,2,3,127,135,43"
8927051585,45,5,6,"170,111,10,109,161,196,57,108,113,306"
8926892429,45,5,6,"111,165,113,57,108,109,164,106,107,112"
3293722572,46,1,3,"51,63,79,49,55,64,80,138,216,65"
5850080605,47,5,9,"98,102,40,41,58,116,50,226,119,255"
8625573860,48,3,12,"38,58,279,40,262,200,112,203,165,174"
4325594069,49,0,13,"74,68,34,270,71,76,69,259,204,67"
70925353,50,10,2,"135,159,137,16,138,217,134,157,45,80"
70925364,50,10,2,"25,22,21,16,23,137,48,98,138,20"
79935176,50,11,2,"135,138,159,28,329,296,25,158,22,47"
79935387,50,11,2,"25,136,28,154,131,135,139,45,137,158"
79935686,50,11,5,"25,22,154,136,45,131,115,27,26,139"
85336015,50,0,9,"25,22,27,16,23,175,21,212,20,53"
85336014,50,0,9,"25,131,217,50,138,134,154,55,16,135"
92284340,50,0,10,"48,47,50,55,51,58,54,49,53,253"
4386693373,51,1,1,"53,250,98,148,244,147,58,49,124,96"
7021613625,51,2,6,"8,59,20,24,91,60,120,210,144,68"
5328382984,52,6,14,"120,56,79,144,143,117,157,80,49,147"
4530996420,53,3,3,"44,39,197,273,280,98,104,266,275,42"
1434205940,54,8,12,"92,40,211,130,96,213,124,221,200,160"
1434206832,54,8,12,"153,213,219,226,191,7,221,211,190,200"
1433330825,54,8,12,"50,92,43,190,153,206,46,95,40,105"
1436843896,54,8,12,"114,115,36,50,295,216,190,153,223,234"
2593178877,55,2,12,"96,40,38,68,117,8,124,119,72,98"
3928038875,56,8,2,"142,79,144,143,68,57,108,80,145,76"
6946041827,57,2,1,"41,98,40,38,96,226,133,203,160,124"
4033464498,58,8,14,"79,80,65,117,120,142,183,163,144,49"
4032714771,58,8,14,"80,79,142,134,120,143,49,56,117,144"
4032781065,58,8,14,"50,188,127,207,6,92,153,152,46,185"
4033789680,58,8,14,"41,51,26,98,220,117,45,154,119,188"
8169666944,59,9,10,"72,111,67,55,164,109,76,68,202,60"
8169638803,59,9,10,"98,119,117,15,41,141,40,133,163,72"
8169666226,59,9,10,"40,202,184,107,38,203,41,119,91,72"
8169637929,59,9,10,"10,72,98,81,8,107,60,260,15,163"
3072438888,60,10,13,"47,48,60,74,68,76,67,55,287,72"
48174590,61,8,12,"84,82,88,86,83,277,85,87,10,162"
2679999497,62,6,2,"79,143,8,145,108,80,144,57,68,56"
2684090184,62,6,3,"79,145,80,78,117,168,144,76,29,205"
1020228897,63,7,2,"60,68,76,55,56,72,67,308,59,90"
1020233069,63,7,2,"60,72,68,279,67,91,90,8,308,12"
2091016205,63,11,7,"50,116,135,40,2,6,159,48,92,166"
4548305242,64,3,2,"117,41,78,95,169,137,15,163,245,295"
2697066344,65,6,5,"164,119,59,8,78,76,56,31,143,106"
4061460203,66,9,6,"161,145,127,79,80,144,149,95,193,338"
4061460903,66,9,6,"80,161,145,79,24,49,147,16,150,217"
4589235281,66,4,5,"95,203,41,163,105,40,179,92,198,118"
4589854478,66,4,5,"163,179,98,105,95,78,177,41,203,119"
4589854624,66,4,5,"41,3,105,95,179,319,163,203,216,40"
4589235897,66,4,5,"41,163,105,216,98,179,95,203,235,119"
4589855074,66,4,5,"203,41,105,95,216,170,235,131,343,77"
4589855294,66,4,5,"78,98,94,117,93,40,41,95,100,203"
4589236423,66,4,5,"41,98,95,119,40,216,203,78,235,163"
4589236637,66,4,5,"105,163,179,95,78,98,352,119,142,40"
4589236783,66,4,5,"95,235,41,179,216,105,78,163,119,117"
4589855938,66,4,5,"98,93,94,41,95,3,319,203,235,40"
4589237107,66,4,5,"41,98,94,40,93,203,100,95,77,235"
4589237257,66,4,5,"43,92,16,46,127,26,41,155,188,154"
4589856454,66,4,5,"92,16,43,46,127,26,41,154,155,188"
4589856616,66,4,5,"235,221,41,93,189,95,16,92,181,50"
4589237763,66,4,5,"95,41,154,135,63,216,25,124,159,131"
4589237993,66,4,5,"223,135,3,95,283,97,5,50,154,151"
4589857106,66,4,5,"235,203,216,95,41,285,17,261,139,295"
1814450723,67,0,14,"285,227,343,235,351,92,225,95,234,127"
1838529859,67,0,14,"14,16,135,159,21,17,7,252,190,3"
7261170126,68,4,6,"22,25,59,23,27,191,119,32,175,133"
7264015902,68,4,3,"251,125,118,80,147,137,98,119,139,96"
3304025217,69,8,6,"176,172,184,201,111,236,20,171,21,267"
2735421898,70,3,9,"98,226,8,119,133,40,252,31,41,137"
2734589465,70,3,9,"8,98,163,79,144,51,59,120,41,65"
7706432220,71,6,3,"200,96,78,174,40,113,147,122,243,15"
7706431030,71,6,1,"106,108,109,111,113,107,57,165,201,164"
7706429942,71,6,1,"57,108,106,242,107,122,164,113,201,109"
7706428816,71,6,1,"112,106,57,29,165,76,108,113,122,107"
7706427672,71,6,1,"108,57,106,109,111,113,107,201,165,164"
7706426530,71,6,1,"119,51,41,8,245,216,65,40,163,29"
3938461140,72,8,2,"25,22,131,27,23,20,21,135,39,175"
8282371572,73,11,1,"106,57,108,96,165,76,200,113,107,109"
8281308941,73,11,3,"79,68,117,76,183,55,78,62,72,240"
3271222615,74,1,1,"106,107,165,109,59,111,57,113,112,68"
8931333033,75,2,9,"72,60,202,67,8,279,252,98,40,164"
8931333639,75,2,9,"60,8,72,90,91,164,59,111,76,107"
8931947170,75,2,9,"119,121,31,242,142,56,144,15,59,63"
8931336675,75,2,9,"63,120,80,56,121,157,123,138,79,49"
8931953002,75,2,0,"157,120,143,58,56,117,8,98,200,214"
8931953546,75,2,0,"119,31,59,78,98,121,122,141,63,100"
8931957768,75,2,12,"10,111,107,162,260,277,88,86,83,184"
8931958280,75,2,12,"82,84,83,86,88,85,89,87,10,260"
8931959218,75,2,12,"108,57,106,164,111,113,109,201,107,72"
8931347877,75,2,12,"165,113,57,111,112,106,107,108,172,164"
8931961210,75,2,12,"57,106,108,113,107,165,111,164,242,109"
8931962158,75,2,12,"78,119,117,8,164,62,202,328,15,172"
8931963214,75,2,12,"15,142,164,109,144,242,111,107,108,121"
8931352029,75,2,12,"200,113,40,144,174,108,96,142,202,203"
8931965492,75,2,12,"98,1,232,2,0,6,4,250,5,58"
8931966578,75,2,12,"293,156,9,215,5,168,3,167,0,150"
8931967736,75,2,12,"127,200,215,293,46,168,150,167,5,95"
8931968388,75,2,12,"22,25,38,160,114,226,41,98,124,16"
6184867986,76,8,5,"111,32,68,59,79,72,117,29,60,34"
112002921,77,0,0,"227,56,235,98,119,278,351,179,80,344"
6414097957,78,10,12,"302,304,305,321,40,10,162,347,98,265"
2891050624,79,8,17,"63,56,157,231,90,224,137,134,95,120"
2891117116,79,8,17,"53,49,142,55,187,47,48,318,80,56"
2891272401,79,8,6,"98,255,232,200,3,224,8,6,53,58"
2894569073,79,8,7,"157,56,232,144,80,6,142,210,1,126"
2895531864,79,8,7,"255,58,8,250,98,148,147,117,53,143"
2966423875,79,9,0,"164,78,62,230,68,126,294,117,330,41"
2978967975,79,9,11,"321,6,98,58,232,147,59,40,96,302"
2986526953,79,9,15,"305,41,98,13,38,75,302,40,304,12"
3001800623,79,10,7,"117,133,98,119,15,41,255,40,100,125"
3024106637,79,10,4,"224,137,56,1,230,126,58,120,210,53"
3045899274,79,10,4,"109,120,144,106,15,111,112,194,161,157"
3056068016,79,10,4,"56,58,53,255,160,137,63,54,98,119"
3062437360,79,10,4,"98,119,133,125,160,226,41,58,124,141"
3203381954,79,0,14,"106,59,32,112,65,55,262,63,165,49"
3314317487,79,1,4,"255,157,56,210,120,143,214,58,126,8"
3873514375,79,7,4,"119,133,226,48,160,22,124,47,58,334"
4145505608,79,10,4,"59,214,143,53,210,31,119,8,136,277"
4147263947,79,10,4,"79,143,55,138,56,80,59,68,214,120"
4187548210,79,11,15,"111,201,161,10,109,72,194,165,88,260"
4281770154,79,0,14,"56,53,210,120,126,121,161,224,250,58"
4279246359,79,0,14,"119,126,56,63,121,210,59,98,120,8"
4342683607,79,0,14,"119,63,56,126,121,210,8,157,59,31"
4297776142,79,0,11,"0,1,4,2,137,6,279,60,58,241"
4291747694,79,0,1,"59,106,112,165,76,107,143,262,32,214"
4310240374,79,0,14,"255,58,117,98,8,78,119,143,40,157"
4332786422,79,1,14,"98,119,133,58,22,40,226,41,255,117"
4339259352,79,1,14,"98,251,53,58,252,48,47,16,50,21"
4332124201,79,1,14,"224,232,56,6,53,98,120,210,250,126"
4338641127,79,1,14,"255,98,58,2,53,137,214,50,210,224"
4343515964,79,1,0,"120,56,123,161,63,121,157,122,109,144"
4335564280,79,1,0,"48,47,53,49,52,98,217,80,232,224"
4332793951,79,1,0,"255,120,123,122,15,192,157,126,330,117"
4349091509,79,1,6,"106,165,111,109,113,107,108,164,59,57"
4348610402,79,1,0,"120,123,109,157,122,255,192,121,194,68"
4348329021,79,1,14,"56,143,210,157,214,79,80,68,126,117"
4346656730,79,1,14,"56,262,255,157,232,224,126,6,210,8"
4401393528,79,2,6,"59,111,172,214,143,109,164,19,161,165"
4419146713,79,2,0,"80,79,143,59,154,255,117,214,34,68"
4419180993,79,2,0,"160,119,124,125,116,58,98,133,118,226"
4419957808,79,2,0,"98,48,124,160,58,226,119,47,61,118"
4460938866,79,2,15,"218,50,295,216,162,327,267,51,8,64"
4464167119,79,2,7,"15,144,109,192,157,120,121,119,242,68"
4464242757,79,2,7,"157,120,56,143,255,210,192,214,80,126"
4464265703,79,2,7,"100,299,126,210,58,53,214,116,120,56"
4487895972,79,3,2,"53,232,278,142,49,2,31,56,120,63"
4569439974,79,3,4,"200,120,123,157,255,122,96,113,174,109"
4567782271,79,3,6,"255,68,157,143,79,144,56,117,8,59"
4567917027,79,3,6,"98,40,58,124,160,117,100,119,118,78"
4568406823,79,3,6,"119,133,98,124,48,41,160,40,226,62"
4569136488,79,3,6,"98,41,160,124,40,38,141,226,133,58"
4569205338,79,3,6,"78,40,38,133,98,41,117,119,203,124"
4568650339,79,3,6,"124,117,160,119,51,98,118,141,78,58"
4575938627,79,3,6,"117,157,255,111,120,68,79,98,15,172"
4647307560,79,4,15,"48,47,246,58,255,222,20,315,137,154"
4611513504,79,4,4,"59,126,210,214,161,143,121,242,201,56"
4629564306,79,4,4,"15,255,117,134,58,138,56,161,19,201"
4629825970,79,4,4,"40,174,98,125,133,107,203,256,111,15"
4667364566,79,5,15,"98,8,53,120,56,58,121,124,126,100"
4846695597,79,6,0,"209,330,216,119,125,120,192,56,157,163"
4855702718,79,6,14,"63,154,96,222,53,329,138,45,100,141"
4855802026,79,6,0,"98,255,59,8,157,58,111,120,112,109"
8444510549,80,0,1,"47,48,119,52,75,49,51,31,76,59"
2913779998,81,8,2,"141,38,40,203,200,8,66,105,99,103"
2913780120,81,8,2,"98,251,58,53,160,8,124,41,59,255"
134312161,82,3,1,"106,108,109,113,111,57,107,144,15,165"
3220246784,83,0,1,"105,184,213,40,8,127,38,282,92,302"
4791981139,84,5,1,"134,56,217,6,138,241,232,53,49,355"
4792617130,84,5,1,"8,79,143,142,68,214,80,144,62,56"
448837841,85,3,13,"68,74,34,76,69,59,143,279,214,270"
448837839,85,3,13,"270,68,279,34,259,74,72,60,69,59"
539479789,85,5,4,"80,79,143,145,117,157,120,144,24,56"
539372626,85,5,4,"79,24,111,145,113,120,143,117,109,144"
539468495,85,5,4,"80,79,145,117,168,147,134,143,24,49"
3675641831,86,5,1,"79,80,53,49,148,145,144,56,142,147"
3685914566,86,6,1,"154,115,114,102,28,45,95,24,41,93"
3686005054,86,6,12,"107,96,40,119,243,63,106,92,15,121"
3685916508,86,6,12,"168,167,9,150,174,200,28,156,7,78"
3685918104,86,6,12,"114,219,220,115,213,130,103,28,203,200"
5439578190,87,1,21,"57,108,112,106,103,165,192,29,203,113"
5676679969,87,1,21,"38,98,40,118,58,41,203,42,117,78"
5439584522,87,1,21,"201,108,57,112,164,106,172,165,107,171"
5915732527,87,6,21,"353,339,350,10,302,335,98,107,354,120"
6267337177,87,9,0,"224,137,130,223,128,114,203,213,235,77"
6838376638,87,2,23,"14,189,160,233,245,17,94,226,223,135"
6985330789,87,2,23,"78,117,145,62,76,79,119,147,149,31"
6839210870,87,2,23,"145,3,149,2,138,62,217,8,24,1"
6839211924,87,2,23,"89,90,297,83,82,24,142,151,64,85"
6881026520,87,2,0,"77,95,219,128,221,129,213,130,243,92"
7027125869,87,2,0,"200,221,212,175,213,154,92,190,127,189"
6975521264,87,3,3,"118,41,203,102,98,216,51,58,124,40"
7129880363,87,3,1,"98,58,40,38,117,133,41,8,100,15"
7121600275,87,3,2,"8,60,1,4,0,2,3,90,72,202"
7121599181,87,3,2,"8,60,1,0,4,56,3,2,90,91"
7121597819,87,3,2,"91,90,8,60,72,279,202,76,64,56"
6975517412,87,3,2,"72,8,40,60,91,111,164,328,98,240"
7121596509,87,3,2,"72,111,164,59,67,8,90,68,109,62"
6975514388,87,3,2,"8,60,76,34,279,68,55,91,85,239"
7121594163,87,3,2,"141,213,103,140,115,220,153,229,290,8"
6975512498,87,3,2,"189,329,99,269,28,33,199,54,295,261"
6975511568,87,3,2,"41,98,58,8,40,102,51,38,216,203"
6975515996,87,3,2,"141,38,99,40,203,103,115,58,220,218"
3068270346,88,10,3,"96,120,157,109,106,144,107,123,15,92"
3067435085,88,10,3,"20,157,16,170,92,21,26,23,176,142"
8689176281,89,3,1,"120,15,200,79,144,113,123,255,109,157"
8690305350,89,3,10,"134,138,217,119,59,49,31,8,63,278"
3270306266,90,1,1,"17,179,95,203,235,153,180,151,92,135"
3269497716,91,1,5,"223,95,28,97,189,24,27,261,235,231"
3269498736,91,1,5,"127,185,92,188,195,46,43,26,153,95"
3268675949,91,1,5,"95,219,154,235,98,78,45,223,93,25"
674110546,92,5,1,"29,32,8,59,37,172,238,325,287,76"
2436731169,93,3,10,"38,42,105,174,236,202,78,204,40,115"
7717667396,94,5,2,"134,142,138,19,144,352,164,78,145,120"
2097330647,95,6,1,"29,32,110,59,262,8,37,288,111,238"
2097328369,95,6,1,"24,8,63,56,32,62,151,120,145,108"
2097333571,95,6,1,"108,8,172,62,164,57,202,91,72,107"
179613909,95,6,1,"111,109,106,242,113,120,123,161,165,164"
11716966416,96,11,2,"137,141,231,0,168,98,143,214,117,157"
3978199760,97,8,9,"119,121,122,157,254,59,31,56,120,258"
2477346870,98,4,13,"135,17,138,28,64,295,98,235,212,233"
2476533685,98,4,13,"32,255,8,59,287,238,262,165,29,214"
2477347126,98,4,13,"24,238,170,174,287,31,55,76,74,19"
2476533881,98,4,13,"24,170,174,55,238,31,74,287,76,204"
2587045113,99,5,10,"57,108,106,109,107,201,242,113,165,161"
2587884034,99,5,10,"98,40,96,38,200,118,58,78,203,147"
2619325078,99,5,10,"40,38,96,160,116,200,98,203,124,41"
2587887972,99,5,10,"119,40,98,120,117,38,56,8,58,111"
2587891480,99,5,10,"203,94,17,180,233,179,98,77,251,193"
5982106361,100,6,1,"106,59,112,107,57,165,108,113,32,109"
6064880824,100,7,1,"223,241,217,138,137,22,224,6,25,27"
835283,101,9,9,"190,212,218,295,294,310,95,219,140,181"
835289,101,9,2,"180,179,94,17,128,160,235,295,203,213"
835317,101,9,14,"119,134,216,138,209,98,217,124,63,51"
9275869856,102,6,3,"25,222,131,211,17,235,227,98,22,180"
8069850889,103,9,5,"137,136,139,131,263,53,189,1,217,213"
8818330474,104,4,4,"117,38,78,16,40,41,98,22,21,79"
505798209,105,4,18,"217,53,148,244,151,152,157,49,56,200"
4836716475,106,8,4,"79,80,47,49,68,29,60,76,55,48"
4836717669,106,8,4,"55,253,163,79,317,183,80,65,322,49"
4410723659,106,2,2,"117,79,143,142,78,80,145,134,144,119"
4473566718,106,2,12,"95,153,200,311,244,96,40,151,9,105"
4631466031,106,4,15,"134,63,157,217,96,241,125,138,124,296"
4631466719,106,4,12,"160,124,25,125,226,217,169,114,135,96"
4632064170,106,4,6,"20,26,24,23,16,63,92,200,96,95"
4681104261,106,4,6,"10,307,277,341,162,327,267,302,16,13"
4681105029,106,4,6,"179,82,223,5,53,20,142,158,318,24"
4707215366,106,5,6,"263,31,191,92,23,27,225,211,82,151"
4706574429,106,5,6,"31,92,23,191,82,211,83,27,142,225"
4706575641,106,5,6,"16,21,154,92,50,20,22,24,105,104"
4706576449,106,5,4,"212,175,216,225,77,181,226,137,224,213"
4707218282,106,5,6,"200,191,212,24,175,96,174,23,27,122"
4727703002,106,5,4,"68,79,143,65,161,202,80,120,55,56"
4727703408,106,5,4,"120,59,119,56,31,143,126,106,123,65"
4727059923,106,5,4,"79,80,143,117,68,78,65,142,183,145"
4727060375,106,5,4,"143,55,79,56,80,253,117,202,120,121"
4727704944,106,5,4,"68,161,79,117,163,72,142,183,76,15"
4727705350,106,5,4,"80,56,143,144,210,79,126,121,120,161"
4727707678,106,5,6,"253,55,163,79,183,76,67,72,60,161"
4727063923,106,5,6,"55,253,65,80,163,183,317,79,81,67"
4727708490,106,5,6,"142,163,81,19,197,198,144,15,161,217"
4727708904,106,5,6,"253,55,163,317,196,81,304,183,48,76"
4727709282,106,5,6,"99,255,12,19,10,91,80,60,52,8"
4727709692,106,5,6,"15,72,68,117,198,60,163,119,161,12"
4727065935,106,5,6,"147,125,117,346,40,98,118,15,121,174"
4727710438,106,5,6,"79,143,80,183,117,68,65,55,145,144"
4727710834,106,5,6,"79,164,68,78,117,202,72,108,144,76"
4727067087,106,5,6,"99,243,200,54,269,244,96,114,80,147"
4727711672,106,5,6,"151,200,25,233,135,96,137,41,295,124"
4727712102,106,5,6,"161,10,15,88,120,123,109,142,111,126"
4727712518,106,5,6,"243,92,200,114,244,96,124,40,98,41"
4727068605,106,5,6,"230,119,95,41,216,124,223,244,137,151"
4727068965,106,5,6,"96,40,38,124,160,114,48,251,174,200"
4727069347,106,5,6,"38,40,96,25,124,22,137,226,48,160"
4727713980,106,5,6,"226,124,137,217,48,160,125,169,47,25"
4727714474,106,5,6,"98,40,96,222,41,211,61,116,58,234"
4727714930,106,5,6,"79,183,65,76,55,80,68,64,49,24"
4727071009,106,5,6,"105,174,202,243,78,203,38,40,147,200"
4727715736,106,5,6,"111,172,72,109,113,120,201,165,164,161"
4727716148,106,5,6,"164,202,111,201,109,72,120,113,79,144"
4727716574,106,5,6,"253,163,55,317,81,76,75,183,304,161"
4727073053,106,5,4,"253,163,55,183,117,317,79,76,78,322"
18546561,107,5,12,"289,301,302,281,13,10,264,266,307,196"
2233178300,108,4,6,"76,79,112,75,138,80,59,34,68,29"
2233178512,108,11,0,"38,40,130,98,116,16,114,160,115,96"
1183510381,109,7,1,"107,106,72,60,108,184,32,29,57,120"
73882430,110,9,0,"68,56,120,126,121,161,210,119,192,123"
104194065,110,11,6,"302,321,305,304,253,81,265,306,301,184"
1406005821,110,4,6,"62,119,257,59,31,183,268,239,121,252"
1406009357,110,4,6,"151,53,152,5,50,148,153,147,49,244"
1406897256,110,4,6,"95,159,244,124,25,232,41,22,26,169"
1406899974,110,4,6,"2,3,5,9,0,6,168,7,147,150"
1406901678,110,4,6,"141,98,100,77,114,213,130,128,41,119"
1406022965,110,4,6,"96,200,98,41,92,8,154,51,53,134"
295228338,110,7,6,"162,267,303,302,307,305,277,341,345,340"
295228343,110,7,6,"267,162,303,277,349,345,307,341,240,247"
295228337,110,7,6,"55,44,39,267,322,349,358,253,345,307"
100567613,110,1,9,"16,135,14,17,159,7,11,115,21,41"
100567681,110,1,9,"222,211,154,45,20,24,26,16,21,138"
100567788,110,1,9,"22,25,24,21,20,16,102,158,23,159"
100567752,110,1,9,"22,25,20,135,23,21,16,50,27,131"
100567727,110,1,9,"16,21,20,154,142,136,92,24,23,26"
100567643,110,1,9,"29,50,51,65,80,37,45,22,58,154"
134747960,110,3,4,"48,47,53,54,49,2,50,51,5,118"
136587611,110,3,9,"64,55,47,49,29,35,37,50,31,65"
161073137,110,5,14,"119,31,59,164,107,242,121,201,298,214"
214429861,110,7,12,"58,40,29,42,38,41,98,103,8,46"
214429863,110,7,12,"222,115,114,41,24,16,211,216,190,21"
214405186,110,7,12,"153,95,213,40,105,200,190,311,130,206"
4538096551,111,3,9,"8,59,119,31,106,143,201,122,79,56"
13677806293,112,3,3,"68,60,72,117,279,67,202,78,79,74"
13678113734,112,3,3,"68,79,117,143,144,145,78,72,15,202"
13678114964,112,3,2,"117,56,79,78,157,63,145,24,143,147"
13678115944,112,3,2,"117,78,145,119,79,31,147,56,168,151"
13677769645,112,3,2,"117,68,79,78,62,119,145,15,60,98"
13677771305,112,3,9,"80,56,79,65,120,49,143,51,29,119"
13677771725,112,3,9,"79,80,56,120,143,183,134,126,192,55"
13678118604,112,3,9,"117,79,78,143,119,134,68,56,145,80"
13678130544,112,3,12,"303,252,60,89,344,72,327,75,162,67"
13678131224,112,3,12,"162,10,83,41,3,17,14,260,146,7"
13677831903,112,3,15,"10,111,113,98,107,162,200,40,172,18"
13677833143,112,3,15,"111,72,164,107,76,78,202,109,40,75"
13677794265,112,3,15,"164,111,72,109,113,108,202,79,107,57"
13677795345,112,3,15,"111,72,164,109,113,15,165,202,67,78"
13677835643,112,3,15,"111,201,113,108,109,72,106,165,57,164"
13677836603,112,3,15,"57,108,107,111,165,72,106,164,109,172"
13677837603,112,3,15,"108,201,57,164,105,122,171,40,309,111"
13677799425,112,3,15,"72,111,68,165,112,60,67,113,202,32"
13677839663,112,3,15,"111,164,113,165,78,109,106,72,107,15"
13678148054,112,3,15,"72,117,60,67,79,163,78,68,202,76"
13677841943,112,3,15,"162,10,88,86,277,83,18,260,85,252"
13678150604,112,3,15,"268,184,59,55,107,8,176,177,106,138"
5086461230,113,9,2,"138,45,154,95,63,155,25,22,21,188"
5089264508,113,9,14,"300,98,116,72,170,100,40,119,234,226"
5104666804,113,9,3,"7,14,9,3,16,17,233,135,2,193"
5166124715,113,10,9,"135,159,166,287,208,42,25,22,38,9"
5171232555,113,10,9,"135,2,9,14,3,233,138,159,95,5"
11993199,114,4,2,"79,147,80,117,78,144,145,53,243,138"
18336572,114,5,4,"49,119,51,138,64,65,220,63,56,80"
21657441,114,5,3,"111,24,109,20,200,23,92,26,287,21"
27148771,114,6,10,"59,8,55,239,12,162,120,126,210,164"
91859531,114,0,17,"135,159,137,48,25,47,160,17,131,16"
329495674,114,11,1,"42,40,110,197,170,105,92,38,282,57"
317842672,114,11,1,"166,287,238,24,57,108,170,90,70,20"
317843058,114,11,1,"142,68,49,79,170,53,80,144,92,166"
476645587,114,3,3,"118,102,58,213,41,77,94,98,99,100"
476646149,114,3,3,"77,28,213,105,219,231,203,128,190,98"
476647601,114,3,3,"118,160,124,100,251,94,101,203,169,116"
476635132,114,3,3,"141,100,20,99,58,115,300,36,101,228"
476635458,114,3,3,"79,143,117,80,144,147,214,78,56,15"
2536391858,114,4,10,"112,154,115,20,29,57,108,21,165,16"
2536393236,114,4,10,"98,41,40,38,102,58,133,264,118,42"
2535579759,114,4,10,"164,106,240,109,59,239,111,8,108,107"
2654875013,114,6,21,"235,16,28,105,179,21,93,292,92,180"
2655701444,114,6,21,"146,24,151,17,179,180,152,338,106,46"
2658498888,114,6,10,"201,165,59,184,106,111,214,57,200,246"
2658498320,114,6,10,"138,278,31,75,107,59,119,106,76,96"
7732521226,115,7,2,"20,16,26,21,24,23,92,287,115,154"
8109201578,116,9,14,"105,197,170,153,282,11,127,184,238,288"
178936027,117,0,2,"112,106,107,138,78,40,278,163,216,31"
4144996261,118,10,6,"160,124,116,118,25,137,131,48,98,285"
7650110998,119,4,2,"284,153,188,208,311,151,195,197,206,9"
4282832943,120,0,6,"128,130,129,77,132,160,118,25,124,203"
2095022555,121,11,15,"114,115,100,95,130,112,231,128,93,180"
2095886540,121,11,15,"142,79,154,68,80,2,5,0,53,157"
2095044667,121,11,15,"68,142,53,79,115,5,50,148,114,154"
230510961,122,7,0,"255,120,192,99,98,75,117,330,40,122"
230510963,122,7,0,"157,120,122,255,121,330,337,192,56,202"
230510965,122,7,0,"121,56,164,8,78,122,242,120,119,143"
832555324,123,6,4,"79,80,117,145,75,76,56,0,134,147"
4909214426,124,1,16,"68,143,59,214,60,210,62,12,164,119"
4909214602,124,1,16,"59,126,68,143,210,214,164,72,120,8"
4908619505,124,1,1,"111,106,76,165,59,55,113,107,109,164"
249357568,125,3,18,"8,56,60,24,63,64,59,65,66,49"
4564266022,126,4,2,"60,8,76,68,55,72,59,202,62,67"
5397950657,127,11,1,"112,57,106,108,120,165,107,109,242,113"
5397949657,127,11,1,"57,108,104,110,106,170,242,21,238,24"
5397948625,127,11,1,"262,111,59,165,172,32,176,109,29,57"
5397947503,127,11,1,"32,29,59,176,8,157,20,104,172,24"
5397946841,127,11,2,"112,106,165,111,123,113,109,57,242,120"
5394480178,127,0,1,"64,80,65,55,79,49,51,63,154,135"
5394480676,127,0,1,"64,24,65,135,51,55,159,80,79,228"
5394481128,127,0,1,"65,138,64,51,59,228,119,29,55,342"
5393884869,127,0,1,"79,135,65,80,63,159,117,3,0,49"
5393885321,127,0,1,"159,135,7,6,65,64,51,50,41,17"
5394482456,127,0,1,"7,135,3,65,159,0,64,2,79,4"
8297727183,128,11,2,"135,51,41,159,50,16,167,95,138,220"
8297764953,128,11,14,"16,43,46,155,41,22,188,92,21,23"
375952734,129,0,3,"20,58,50,16,22,48,26,53,21,23"
315098331,130,11,2,"95,92,46,115,50,231,138,223,5,128"
7989288833,131,8,12,"16,24,21,97,94,135,154,81,93,26"
7989289757,131,8,12,"26,24,154,16,20,21,45,39,23,22"
7989290545,131,8,12,"16,24,21,17,82,64,20,84,159,45"
7989296594,131,8,12,"81,205,10,347,24,86,260,26,154,88"
7989297316,131,8,12,"207,205,63,16,105,220,325,24,28,46"
7989298284,131,8,12,"19,81,138,76,92,161,96,134,306,287"
8409934028,132,2,2,"134,138,217,49,119,78,226,98,53,51"
532127943,133,4,5,"41,295,216,139,235,117,261,189,230,95"
5930324467,134,6,12,"105,40,200,153,96,117,203,197,11,311"
5930882484,134,6,12,"200,250,147,98,148,40,58,96,243,117"
5930328247,134,6,12,"128,25,129,130,77,235,132,22,225,343"
5930886320,134,6,12,"77,128,130,129,40,203,41,132,125,96"
5930332115,134,6,12,"128,130,77,129,132,235,25,203,286,114"
5930334055,134,6,12,"128,77,130,129,235,98,17,132,203,180"
5930335937,134,6,12,"3,7,17,9,156,179,44,105,180,2"
3916063743,135,7,24,"83,85,82,86,87,89,88,84,91,90"
2732842403,136,7,14,"78,117,164,111,119,122,143,62,59,15"
4001110693,137,1,6,"59,38,8,106,96,157,32,40,107,57"
4001875714,137,3,4,"59,32,176,106,8,331,172,165,302,262"
4001111787,137,3,4,"164,106,172,59,107,239,176,201,108,240"
5524592430,137,1,6,"92,211,20,22,23,154,41,51,326,26"
5524548646,137,2,6,"154,41,16,92,24,59,21,200,50,51"
4977609852,137,4,15,"213,95,127,219,190,188,6,310,92,5"
4976999417,137,4,15,"1,95,6,4,138,5,190,63,232,2"
4977611848,137,4,15,"221,216,95,200,92,127,41,243,24,235"
4977001621,137,4,15,"95,105,193,127,197,219,179,282,235,16"
4977614064,137,4,15,"127,188,92,185,225,190,95,324,59,27"
4977614582,137,4,15,"95,137,245,189,235,169,261,207,139,131"
4977003657,137,4,15,"131,154,25,136,50,41,212,135,159,223"
2269585668,138,1,12,"200,38,96,41,111,113,98,120,22,109"
2268795341,138,1,12,"20,142,187,53,318,58,114,28,48,50"
2670867776,139,3,10,"111,201,113,109,108,106,107,242,172,164"
2670868358,139,3,10,"106,108,57,111,109,201,113,107,165,176"
2670045045,139,3,10,"26,38,3,115,20,154,99,40,208,39"
9248707488,140,6,2,"79,80,76,144,75,145,142,64,143,183"
4371748703,141,5,5,"134,117,79,217,147,78,49,80,144,138"
167641647,142,5,9,"145,149,62,217,167,78,79,182,150,240"
367885166,142,0,0,"21,20,24,23,26,16,22,27,45,92"
2928125371,142,9,0,"24,20,21,23,22,16,26,32,59,27"
2928988126,142,9,0,"24,21,20,23,26,16,27,92,22,45"
3101360016,142,11,12,"38,39,40,41,42,16,43,44,45,46"
3167113454,142,0,1,"189,95,14,127,17,151,7,188,180,179"
3619138082,142,5,2,"200,151,96,243,244,147,53,152,80,124"
8977502900,143,5,2,"128,25,3,129,135,7,17,77,132,22"
6656356241,144,7,18,"138,55,80,143,79,157,56,151,53,68"
7734483858,145,11,1,"49,53,142,187,47,48,20,318,36,138"
4752005573,146,6,2,"189,139,261,53,95,50,154,286,219,136"
10808225325,147,10,10,"55,253,317,163,67,266,65,64,265,69"
10808354484,147,10,10,"253,163,317,55,304,75,67,321,305,117"
10808347784,147,10,10,"302,347,107,81,10,335,184,304,40,305"
10808204155,147,10,10,"75,67,60,196,55,72,253,163,317,76"
2442936545,148,3,12,"95,200,5,9,293,213,244,311,153,100"
7593230534,149,6,13,"170,60,76,29,55,47,67,48,238,72"
8077179369,149,7,12,"38,105,95,40,203,41,174,78,164,98"
284548734,150,9,25,"137,224,141,1,98,230,4,95,0,103"
7214736166,151,3,16,"189,212,235,261,136,175,225,191,28,181"
7214740606,151,3,16,"188,24,26,6,167,154,290,191,92,20"
7214731620,151,3,16,"22,25,175,27,225,191,23,223,212,115"
7214745384,151,3,16,"127,185,191,27,167,225,186,175,212,92"
7214750038,151,3,16,"212,175,181,27,191,132,232,225,189,223"
7214754646,151,3,16,"212,189,175,53,191,225,27,261,136,263"
7214759496,151,3,16,"212,175,189,223,191,261,181,27,95,225"
7214764944,151,3,16,"95,189,127,50,167,152,232,185,261,231"
7214770602,151,3,16,"41,95,235,189,167,53,27,191,28,175"
7214775972,151,3,16,"189,212,175,27,191,261,225,263,95,53"
7214781202,151,3,16,"212,189,127,95,175,181,200,191,221,77"
7214785916,151,3,16,"212,235,175,230,189,191,94,136,24,261"
7214790552,151,3,16,"212,175,189,181,225,191,27,95,53,263"
7214795014,151,3,16,"189,261,137,212,230,136,310,235,41,190"
7214800130,151,3,16,"212,190,310,189,175,216,213,261,225,181"
4929221777,152,7,1,"79,144,76,68,161,142,15,183,164,120"
4929236881,152,7,1,"26,21,22,45,58,65,154,80,20,51"
4929237283,152,7,5,"48,147,47,117,5,80,31,145,49,53"
4929237877,152,7,12,"111,109,10,88,201,113,161,83,85,86"
9288668770,153,5,2,"153,206,311,195,151,284,208,188,115,197"
8813877306,154,4,1,"68,79,117,145,78,143,80,144,147,72"
5209356512,155,10,3,"106,112,217,123,122,113,242,120,107,256"
3083052788,156,11,1,"60,8,48,47,98,278,90,64,252,19"
2383783674,157,3,1,"200,92,193,96,191,27,243,127,263,221"
577874126,158,0,16,"24,20,21,32,16,26,92,104,29,22"
577838205,158,0,16,"26,24,20,21,16,45,154,104,32,92"
577874518,158,0,16,"16,21,26,24,20,92,22,23,45,154"
577838795,158,0,16,"21,16,20,26,24,22,92,45,23,154"
577874858,158,0,16,"21,16,20,26,24,45,92,22,154,23"
577839379,158,0,16,"16,24,21,20,92,23,26,22,96,45"
577875200,158,0,16,"24,16,20,26,21,23,92,127,22,111"
577840103,158,0,16,"26,21,20,16,24,154,45,92,22,23"
577875620,158,0,16,"21,16,24,20,22,26,23,45,92,41"
577840545,158,0,16,"16,21,20,26,24,22,45,92,154,23"
577875900,158,0,16,"16,21,20,26,24,154,45,22,92,23"
577841087,158,0,16,"16,21,26,24,20,45,23,92,22,154"
577876220,158,0,16,"16,21,26,24,45,22,92,20,23,95"
577841595,158,0,16,"20,24,21,16,26,45,222,22,154,32"
577876518,158,0,16,"21,26,20,16,45,154,92,22,41,24"
577842043,158,0,16,"16,21,26,20,24,45,22,154,41,92"
4260574593,159,0,9,"32,138,59,262,239,55,31,268,217,8"
5673318004,160,3,0,"98,119,40,58,120,124,122,121,8,203"
11496577296,161,11,10,"111,10,260,82,84,109,277,240,83,164"
2546700233,162,3,10,"108,57,111,107,113,106,109,164,172,165"
2547524146,162,3,10,"291,163,38,197,117,58,80,105,40,328"
2547524526,162,3,10,"15,120,98,192,224,126,6,128,250,142"
2546701537,162,3,10,"98,40,41,203,212,224,226,77,94,100"
2547525284,162,3,10,"40,184,203,98,38,41,212,224,141,133"
2546702365,162,3,10,"96,200,114,170,243,40,115,174,244,147"
2547526020,162,3,10,"212,184,40,38,224,107,108,1,41,203"
2203193411,163,5,4,"41,5,2,51,290,150,3,0,53,147"
2203985866,163,5,4,"56,80,79,65,59,126,120,183,161,144"
1183616721,163,7,2,"15,144,120,157,79,250,147,161,142,56"
1231299759,163,7,2,"15,244,157,120,123,144,243,95,68,161"
1231303299,163,7,2,"15,95,144,79,338,120,127,24,200,170"
1232171102,163,7,2,"15,120,144,79,161,123,157,127,80,24"
1232174500,163,7,2,"151,24,96,95,63,16,241,155,157,217"
1422935965,163,8,5,"119,63,216,49,8,209,51,31,36,59"
1294095131,164,6,3,"106,112,217,107,123,108,120,256,122,242"
2809052104,165,7,6,"14,17,181,7,16,212,3,180,179,21"
2809052422,165,7,6,"17,181,212,159,180,221,235,14,179,135"
2809052494,165,7,6,"14,7,3,17,16,9,181,41,156,159"
2808202603,165,7,6,"14,17,221,50,16,7,41,181,3,21"
2809052660,165,7,6,"16,7,17,3,92,95,135,181,41,188"
2809052714,165,7,6,"14,17,7,16,21,24,3,181,9,221"
2808202871,165,7,6,"17,181,14,7,212,135,159,3,16,50"
2808202957,165,7,6,"14,17,7,3,181,212,50,159,9,221"
2808203007,165,7,6,"17,16,7,181,190,212,14,3,95,213"
6933593921,166,1,5,"160,100,93,38,95,98,16,40,21,124"
6787479862,166,1,5,"53,51,49,5,2,6,147,138,48,63"
7125737187,166,3,7,"46,43,155,50,16,41,95,188,169,154"
6982063182,166,3,7,"115,114,98,128,154,25,130,28,21,223"
7514132588,166,5,7,"16,154,180,98,92,95,203,21,41,24"
7514128532,166,5,7,"92,95,21,127,153,20,50,16,193,41"
7514123796,166,5,7,"16,95,28,26,21,93,154,27,45,20"
7514118358,166,5,7,"43,46,155,50,41,16,98,188,135,117"
7514112956,166,5,7,"16,26,21,20,154,24,43,45,41,46"
7514107492,166,5,7,"16,95,92,21,20,153,154,26,93,24"
7514102282,166,5,7,"92,188,43,211,26,46,195,206,127,222"
6455706383,167,11,4,"117,160,40,78,41,151,124,46,38,98"
394725423,168,1,10,"138,134,296,199,48,58,135,329,28,47"
394725422,168,1,10,"138,262,59,32,134,107,165,287,217,8"
395698704,168,1,10,"105,38,40,197,314,282,42,328,291,41"
9199328783,169,6,10,"117,134,96,254,255,119,56,79,98,108"
9202086642,169,6,10,"200,96,38,98,40,172,58,113,251,22"
9199279681,169,6,10,"58,117,41,40,98,38,102,8,147,200"
9202043560,169,6,10,"200,202,184,172,113,174,204,114,40,96"
10899480675,170,10,13,"282,10,302,196,305,306,304,13,301,303"
6751312631,171,0,5,"48,25,22,45,224,137,160,119,47,58"
13627253504,172,9,4,"46,43,207,155,188,41,38,206,284,6"
4315660311,173,0,24,"63,59,47,55,142,119,31,56,8,65"
5221443871,174,10,6,"267,8,76,79,19,65,68,105,277,142"
5222048382,174,10,6,"21,59,20,176,22,214,165,104,143,68"
5221455023,174,10,6,"34,176,32,59,184,68,106,8,107,112"
5258364497,174,11,6,"15,120,170,123,288,144,109,161,192,255"
5258977856,174,11,6,"44,105,176,273,302,314,38,39,272,177"
5258982312,174,11,6,"78,164,40,117,172,309,291,111,202,201"
5258989220,174,11,6,"253,177,142,163,304,98,55,117,40,119"
5258389077,174,11,6,"98,316,202,279,203,38,40,204,117,41"
5258394959,174,11,6,"108,57,113,164,172,143,111,165,214,109"
5259009392,174,11,6,"108,57,201,107,172,171,106,164,309,298"
5259024174,174,11,6,"100,226,98,163,40,119,121,58,117,15"
5258425197,174,11,6,"197,163,119,117,78,184,40,252,105,142"
5259040520,174,11,6,"177,119,79,352,117,78,197,142,163,75"
5259049442,174,11,6,"178,177,298,322,142,197,55,71,253,163"
5258450659,174,11,6,"278,252,344,90,163,197,341,327,119,105"
5259065062,174,11,6,"105,142,197,177,119,163,278,252,90,178"
5259072204,174,11,6,"105,177,142,100,163,178,40,98,278,226"
5259079874,174,11,6,"98,184,293,231,95,40,58,99,252,41"
5371704180,174,0,6,"135,189,188,136,212,45,154,159,95,50"
5371103025,174,0,6,"26,154,95,45,43,41,22,92,16,46"
5371713558,174,0,6,"16,46,43,95,155,154,127,135,188,3"
5371717862,174,0,6,"154,26,127,92,188,16,45,41,159,43"
5371722806,174,0,6,"50,188,26,154,51,135,16,152,41,232"
5371727586,174,0,6,"188,207,245,127,95,320,45,195,190,293"
5371732588,174,0,6,"127,188,92,22,25,154,26,95,169,46"
5371130345,174,0,6,"22,25,136,131,139,23,189,154,20,261"
5371134469,174,0,6,"154,22,25,135,159,53,92,26,27,41"
5373671500,174,0,6,"76,68,79,138,80,55,75,144,143,112"
5373077975,174,0,6,"55,79,138,80,322,37,64,65,76,47"
5373083015,174,0,6,"79,68,80,65,55,143,76,142,183,49"
5373089067,174,0,6,"68,59,55,239,123,76,214,120,142,262"
5373094047,174,0,15,"79,55,65,143,80,68,183,76,163,214"
5373099699,174,0,15,"59,214,106,165,143,107,262,31,210,112"
5373703584,174,0,15,"68,170,79,34,55,165,214,143,29,76"
5377314077,174,0,7,"41,3,137,98,230,8,190,216,119,24"
5377319297,174,0,7,"95,98,235,41,179,190,111,188,159,227"
5377324953,174,0,7,"154,22,25,41,98,26,95,191,119,223"
5377929684,174,0,7,"92,16,127,7,95,3,21,41,17,24"
5377935764,174,0,7,"93,24,94,16,21,97,17,92,235,226"
5377941076,174,0,7,"216,78,41,92,17,77,200,124,221,51"
5377346005,174,0,7,"135,16,159,137,143,115,21,7,24,117"
5377350569,174,0,7,"16,24,20,21,92,154,95,50,29,111"
5377955790,174,0,7,"115,31,92,29,53,138,154,144,79,244"
5377961112,174,0,7,"95,41,16,97,156,168,231,167,43,150"
5377367819,174,0,7,"135,115,154,16,159,25,189,3,95,137"
5377372299,174,0,7,"16,21,20,157,24,115,143,45,22,214"
5377976832,174,0,7,"16,21,24,138,20,2,45,53,26,155"
5377382079,174,0,7,"20,24,23,16,21,92,22,142,26,144"
5377985926,174,0,7,"16,24,92,22,26,168,127,167,21,145"
5377390659,174,0,7,"92,127,46,43,16,200,79,155,185,168"
5377992864,174,0,7,"22,25,16,20,154,21,24,95,27,23"
5377996274,174,0,7,"16,20,23,21,46,22,92,24,39,27"
5378000176,174,0,7,"16,92,26,21,93,20,154,41,45,95"
5377405429,174,0,7,"16,46,41,43,212,98,155,26,205,22"
5378008968,174,0,7,"98,41,16,40,38,46,43,22,96,124"
5378013450,174,0,7,"16,26,41,92,46,154,43,45,127,23"
5377418309,174,0,7,"16,26,41,154,92,21,45,20,22,43"
5378021214,174,0,7,"16,46,43,155,92,41,127,26,21,24"
5377426503,174,0,7,"94,97,283,16,93,24,168,63,96,167"
5378029482,174,0,7,"16,43,46,155,92,154,26,21,188,22"
5377434627,174,0,7,"41,16,135,43,50,98,46,159,155,169"
5377438893,174,0,7,"16,92,26,24,127,21,45,22,23,154"
5378041504,174,0,7,"16,46,43,155,92,127,20,22,24,50"
5378045180,174,0,7,"16,124,160,41,92,135,118,115,43,77"
5378049102,174,0,7,"118,93,95,180,179,41,203,94,17,295"
5378052562,174,0,7,"16,43,46,41,155,98,22,92,38,21"
5377456699,174,0,7,"41,16,167,168,46,22,98,169,155,43"
5378059770,174,0,7,"16,46,38,41,98,168,43,22,167,20"
5377463659,174,0,7,"26,22,41,20,21,24,222,92,16,154"
5377467361,174,0,7,"167,46,16,150,168,41,43,127,193,155"
5377470889,174,0,7,"16,46,43,135,41,155,93,169,188,92"
5377474561,174,0,7,"16,41,43,21,155,20,46,169,94,24"
5377478073,174,0,7,"16,41,43,46,155,135,21,38,94,169"
5377482685,174,0,7,"16,3,155,9,7,156,41,135,95,188"
5378086834,174,0,7,"16,7,3,9,97,21,155,156,46,92"
5378090148,174,0,7,"46,16,135,43,155,41,38,217,159,40"
5377496457,174,0,7,"16,154,115,50,92,21,41,135,114,155"
5399158512,174,0,6,"213,95,263,190,1,137,219,100,310,4"
5398562441,174,0,6,"54,119,53,31,29,58,48,37,36,51"
5399171388,174,0,6,"45,154,6,14,135,159,2,3,17,26"
5399178552,174,0,6,"54,99,243,96,53,269,118,244,58,119"
5438198307,174,1,4,"241,148,147,96,250,269,200,243,125,217"
5438812026,174,1,4,"95,137,160,124,251,125,96,217,241,94"
5438213277,174,1,4,"137,138,0,6,135,2,230,63,233,224"
5438295061,174,1,6,"117,79,78,15,10,163,161,143,145,68"
5438301025,174,1,6,"68,53,59,60,142,49,8,72,67,106"
5436970750,174,1,4,"135,159,16,55,50,53,45,7,138,151"
5436368491,174,1,4,"25,22,128,135,115,154,77,130,160,16"
5436381591,174,1,4,"2,3,5,0,7,16,150,168,9,155"
5436387335,174,1,4,"168,188,46,16,193,155,43,2,41,9"
5436393409,174,1,4,"16,168,150,193,46,167,5,9,2,7"
5437009972,174,1,4,"32,155,68,95,92,259,96,1,111,72"
5437016310,174,1,4,"20,142,157,79,24,143,144,154,187,55"
5436410809,174,1,4,"92,10,81,306,282,260,144,142,20,161"
5437028944,174,1,4,"193,16,7,168,9,3,150,14,92,306"
5437034254,174,1,4,"5,2,16,50,193,303,20,168,92,80"
5437039534,174,1,4,"138,155,63,46,2,188,0,220,5,135"
5436433465,174,1,4,"16,168,193,46,150,7,167,3,2,9"
5437049588,174,1,4,"92,46,127,154,205,43,184,22,26,168"
5436443749,174,1,4,"16,80,24,154,29,79,20,50,92,155"
5436449707,174,1,4,"63,79,138,55,119,1,31,2,0,16"
5436455881,174,1,4,"46,155,43,188,168,127,16,195,117,152"
5437072962,174,1,4,"5,2,16,193,167,168,150,3,50,20"
5436468151,174,1,4,"155,1,46,188,2,4,9,0,43,3"
5436473025,174,1,4,"50,16,46,92,43,127,152,155,41,20"
5437090362,174,1,4,"63,2,7,3,150,188,155,1,9,135"
5436485943,174,1,4,"193,306,16,127,282,5,20,92,303,46"
5436492191,174,1,4,"2,9,3,150,168,7,0,156,155,5"
5451419304,174,1,6,"55,79,76,80,49,53,143,29,253,47"
5450809715,174,1,6,"55,79,138,80,57,165,143,76,134,111"
5451420688,174,1,6,"79,29,55,80,183,76,253,8,24,117"
5451422904,174,1,6,"79,142,68,80,144,147,49,145,76,53"
5450813777,174,1,6,"79,24,145,80,117,68,76,60,150,75"
5451425966,174,1,6,"79,49,55,76,80,183,29,47,134,8"
5450816987,174,1,6,"55,49,183,79,47,80,76,64,8,68"
5450818307,174,1,15,"79,76,80,49,145,29,55,143,75,134"
5451430156,174,1,15,"79,65,138,63,59,163,80,183,55,49"
5450820465,174,1,15,"3,7,2,168,9,0,150,95,145,5"
5451432582,174,1,15,"65,163,79,63,119,12,59,198,55,15"
5451434944,174,1,15,"198,205,10,347,146,338,163,12,196,60"
5451435426,174,1,15,"83,64,82,85,162,88,86,65,84,89"
5451436292,174,1,15,"184,60,82,91,72,162,12,84,10,86"
5451437628,174,1,15,"10,83,72,24,82,85,111,86,162,88"
5451438674,174,1,15,"79,144,80,24,142,49,145,15,243,143"
5451439654,174,1,15,"111,164,109,113,24,107,106,76,29,72"
5450838049,174,1,6,"79,80,231,145,5,120,2,117,0,6"
5450839017,174,1,6,"3,231,156,0,7,9,4,1,168,95"
5451452614,174,1,6,"120,79,68,126,24,80,161,78,183,15"
5450842903,174,1,6,"111,164,143,120,79,165,78,59,109,72"
5450843471,174,1,6,"57,120,12,161,123,143,193,201,288,121"
5450844919,174,1,6,"120,24,79,161,144,56,126,80,15,68"
5450845611,174,1,6,"79,120,24,200,15,80,117,78,144,145"
5451457624,174,1,6,"120,12,79,193,200,24,145,339,95,117"
5451458658,174,1,6,"79,120,163,193,15,12,13,117,80,3"
5451461656,174,1,6,"79,80,120,55,163,183,161,117,56,126"
5450851865,174,1,6,"117,79,120,80,78,143,98,15,56,145"
5451463868,174,1,6,"78,15,117,12,120,10,200,13,98,161"
5451464740,174,1,6,"117,78,79,15,200,98,147,95,241,145"
5450854665,174,1,6,"12,120,161,126,193,142,68,143,13,123"
5450855179,174,1,6,"95,117,3,193,24,145,79,41,168,9"
5451467050,174,1,6,"80,79,2,145,168,55,5,152,117,6"
5450856687,174,1,6,"9,168,3,2,7,150,5,24,145,167"
5451468194,174,1,6,"111,79,109,68,76,72,120,164,113,15"
5451468624,174,1,6,"55,24,20,8,85,91,83,86,53,64"
5451469724,174,1,6,"59,22,20,8,23,164,111,91,165,120"
5450859775,174,1,6,"201,111,176,113,108,165,109,172,78,57"
5450861675,174,1,6,"15,120,109,144,111,79,113,147,121,161"
5450862423,174,1,6,"63,5,95,150,2,231,3,241,119,216"
5451473536,174,1,6,"200,46,168,38,113,43,174,114,150,40"
5451474276,174,1,6,"168,46,40,200,202,145,38,114,43,41"
5451475972,174,1,6,"46,24,38,21,16,43,42,41,200,155"
5450867203,174,1,6,"161,144,79,120,80,145,15,10,56,143"
5450868031,174,1,6,"168,38,145,40,41,98,42,95,150,167"
5451479756,174,1,6,"145,117,241,168,79,9,3,147,95,150"
5450870165,174,1,6,"120,79,80,8,142,161,143,117,10,200"
5451481760,174,1,6,"92,200,127,26,142,145,16,43,24,23"
5451482766,174,1,6,"92,95,200,244,115,124,243,53,54,114"
5450872971,174,1,6,"145,111,167,168,79,78,117,62,142,150"
5451485764,174,1,6,"98,14,41,16,40,38,3,212,8,119"
5451486736,174,1,6,"41,129,95,132,167,3,223,168,145,150"
5450876977,174,1,6,"168,9,150,145,156,167,215,97,283,41"
5451489570,174,1,6,"283,294,219,132,3,179,94,180,234,9"
5450880191,174,1,6,"9,3,0,168,2,156,150,7,145,1"
5451493026,174,1,6,"3,145,7,9,14,168,193,79,117,150"
5450882777,174,1,6,"79,117,230,6,7,145,3,168,41,0"
5451494808,174,1,6,"95,7,97,3,167,153,93,156,127,9"
5451496758,174,1,6,"120,14,193,17,255,157,95,12,144,15"
5451497698,174,1,6,"2,9,3,145,150,7,168,135,167,6"
5450887571,174,1,6,"9,168,3,156,167,7,150,145,215,127"
5450888603,174,1,6,"134,284,241,151,138,311,153,9,206,356"
5450889413,174,1,6,"46,43,127,95,188,167,16,155,152,168"
5450890013,174,1,6,"200,127,95,41,14,17,16,7,193,3"
5450891117,174,1,6,"40,38,41,3,230,42,98,215,9,156"
5450892229,174,1,6,"3,9,150,168,145,7,156,167,5,283"
3016001351,175,9,2,"176,164,177,8,336,240,313,348,359,352"
6863229815,176,1,9,"79,143,56,157,126,76,68,161,59,144"
6863246149,176,1,9,"20,187,142,53,318,148,147,243,250,114"
6863247169,176,1,2,"58,98,54,8,137,147,148,117,269,99"
6863248667,176,1,2,"68,59,240,164,143,62,214,76,239,308"
5763959901,177,3,10,"86,160,124,289,162,88,341,302,133,87"
8913541482,178,4,6,"19,47,52,81,287,347,134,48,238,60"
8912921033,178,4,6,"78,183,79,117,76,164,163,111,59,55"
9823299306,179,8,13,"105,201,258,110,31,242,327,107,334,267"
7828127796,180,7,1,"63,138,119,31,142,80,144,161,79,56"
9429778273,181,6,9,"15,278,60,250,8,142,90,91,53,147"
8371769533,182,0,2,"80,0,147,9,2,117,157,283,168,39"
8436705513,182,0,3,"32,238,262,8,287,151,29,76,60,110"
8437786280,182,0,1,"110,32,262,111,59,8,108,57,106,239"
8436704391,182,0,1,"262,32,110,59,111,8,24,108,29,106"
8436702107,182,0,13,"138,134,262,22,135,217,115,165,55,16"
8436701669,182,0,13,"112,138,262,165,135,134,59,57,115,159"
8436701223,182,0,13,"21,287,238,16,58,24,20,19,170,74"
8436700259,182,0,13,"55,104,76,75,176,114,37,31,59,359"
8437782212,182,0,13,"75,50,55,76,270,47,48,53,60,74"
8158100996,183,10,4,"303,162,2,16,321,9,277,83,7,3"
8158099452,183,10,4,"3,2,4,1,7,9,5,303,0,14"
7315723886,184,2,3,"117,255,58,98,38,78,79,143,174,120"
6898891104,185,2,21,"40,98,41,38,133,100,124,160,203,116"
780764538,186,6,13,"59,8,32,277,82,340,31,84,60,327"
5845748289,187,9,1,"106,108,113,57,165,109,107,111,59,214"
5845748593,187,9,1,"106,113,59,164,109,72,111,165,68,60"
5846302814,187,9,1,"68,120,192,79,144,157,56,143,80,142"
5845760451,187,9,1,"72,79,117,68,78,15,8,164,202,145"
5845760587,187,9,1,"106,165,57,113,144,164,107,122,143,108"
5846314592,187,9,1,"117,78,202,15,204,147,174,38,40,58"
5846314796,187,9,1,"79,117,202,68,55,143,78,80,76,255"
5845761291,187,9,1,"48,120,24,31,51,138,56,53,174,121"
5846315132,187,9,1,"106,59,113,32,8,165,98,214,111,109"
5846320540,187,9,1,"57,108,142,8,109,113,111,106,91,144"
5845767123,187,9,1,"108,57,164,172,113,106,109,107,111,202"
5845767359,187,9,1,"108,57,172,8,91,120,164,143,202,144"
5845767535,187,9,1,"202,174,204,78,164,40,113,236,106,42"
9484998278,188,3,2,"135,218,295,141,140,159,233,40,280,115"
6961598734,189,3,20,"10,162,260,317,277,40,81,18,347,163"
9114404381,190,10,10,"183,240,62,106,164,60,76,68,111,113"
3821389313,191,4,12,"157,56,192,120,126,80,6,123,79,63"
2424264874,192,3,0,"111,164,172,109,277,72,240,214,59,113"
4140256726,193,7,14,"40,98,58,41,119,51,203,124,38,269"
263091186,194,8,13,"32,76,34,60,68,72,67,59,74,110"
5955549089,195,5,0,"98,58,203,147,174,102,40,118,38,200"
8229262709,195,8,10,"58,40,96,102,41,200,117,141,107,134"
8235240424,195,8,10,"55,50,19,48,153,54,0,293,269,47"
2726189605,196,6,1,"111,164,15,109,91,107,113,201,108,172"
378350967,197,0,12,"200,96,63,120,144,147,157,174,217,79"
2911279163,198,7,17,"162,289,303,340,301,302,277,327,341,264"
2912127980,198,7,12,"142,143,148,250,114,147,200,15,117,244"
2912128496,198,7,12,"147,250,148,150,98,168,6,200,58,232"
3617811026,198,4,12,"3,2,9,233,135,5,7,0,4,95"
3616993081,198,4,12,"151,0,3,5,9,152,2,153,6,150"
3616994675,198,4,12,"3,9,7,150,147,168,5,2,135,156"
3616996321,198,4,12,"105,353,9,3,7,150,146,184,339,193"
3616997963,198,4,12,"2,6,9,3,5,7,4,0,1,284"
3617819282,198,4,12,"3,2,9,6,5,4,1,7,0,284"
3617001065,198,4,12,"9,3,2,5,311,153,284,4,156,7"
3617822866,198,4,12,"11,40,41,8,38,116,328,300,105,98"
3617824806,198,4,12,"128,77,160,130,129,124,17,132,94,115"
3617826232,198,4,12,"40,200,96,103,108,107,57,213,38,8"
3617008023,198,4,12,"135,151,115,114,159,5,154,200,152,50"
3617009847,198,4,12,"2,0,9,4,6,5,1,284,3,168"
3617831784,198,4,12,"135,41,159,16,223,154,7,160,43,155"
3617833470,198,4,12,"40,41,134,141,124,160,38,117,96,135"
3617835230,198,4,12,"98,217,135,138,40,61,134,114,115,48"
3617017017,198,4,12,"135,53,48,16,138,49,50,217,154,151"
3617018623,198,4,12,"98,50,41,217,154,46,16,43,53,135"
3617020189,198,4,12,"50,46,135,43,16,159,151,41,154,98"
3617021819,198,4,12,"16,135,21,20,24,25,41,154,159,22"
3617843612,198,4,12,"50,16,28,21,154,135,20,92,41,45"
3617025275,198,4,12,"16,95,128,154,115,92,124,21,23,77"
3617847166,198,4,12,"16,135,49,41,159,21,53,22,115,138"
3617849044,198,4,12,"200,112,114,113,165,168,115,96,106,57"
5360049408,199,11,3,"53,138,58,241,6,137,251,98,232,157"
3133352155,200,11,4,"80,6,0,79,117,1,4,2,5,137"
8347596009,201,6,3,"79,143,113,144,117,111,80,165,78,214"
6686991287,202,1,25,"199,28,296,53,16,48,135,58,24,20"
6686988109,202,1,25,"48,16,53,58,137,45,50,21,26,51"
6686994163,202,1,25,"56,48,157,47,120,143,80,79,138,58"
6687035381,202,1,25,"53,8,24,68,31,56,157,121,120,142"
6687019203,202,1,3,"48,199,47,138,53,49,19,51,134,157"
6687005549,202,1,3,"53,58,124,98,147,38,118,68,96,117"
6687009589,202,1,3,"68,53,259,60,72,124,67,49,147,48"
6687015399,202,1,3,"117,120,157,96,38,98,68,58,40,109"
6687022535,202,1,2,"38,40,58,117,78,42,98,174,96,203"
6687001785,202,2,13,"60,68,72,67,74,76,279,259,270,34"
6687032123,202,2,13,"38,98,40,302,117,41,133,42,10,78"
6687012263,202,2,13,"31,239,119,59,121,242,259,22,37,258"
5874142438,203,5,4,"153,3,95,1,9,151,4,105,206,233"
6829834097,204,1,21,"22,25,251,296,133,23,160,225,199,239"
6974770352,204,3,5,"6,232,4,1,223,224,241,95,0,5"
3620762856,205,7,12,"92,53,142,244,154,124,114,187,20,50"
3620763768,205,1,2,"180,17,181,179,98,295,7,3,219,212"
3620766526,205,3,2,"19,95,100,105,190,197,17,177,101,98"
3619947859,205,3,2,"78,79,145,117,144,15,147,106,143,134"
3659149337,205,5,2,"6,233,2,7,1,9,4,230,3,0"
3695004586,205,6,2,"6,41,135,159,40,7,212,230,232,129"
3726841337,205,6,1,"49,99,53,54,269,58,50,115,243,47"
3783144738,205,7,12,"98,53,232,230,72,92,170,96,243,40"
3783146594,205,7,21,"308,105,201,242,76,183,88,176,24,55"
3796387476,205,7,2,"48,217,47,98,124,226,160,137,119,125"
3796387920,205,7,2,"134,217,138,124,209,48,125,47,268,160"
3823809521,205,7,2,"123,254,256,361,120,257,217,121,239,122"
3823810019,205,7,12,"41,98,40,216,230,220,38,78,119,48"
3824611348,205,7,12,"115,16,170,135,11,3,14,17,7,95"
3824611790,205,7,12,"20,154,24,21,26,16,92,22,29,46"
7497050964,206,5,14,"47,48,49,50,51,52,53,54,2,55"
8594198824,207,5,1,"119,98,40,58,50,41,92,51,96,22"
8669957685,207,5,20,"20,21,92,26,22,115,23,29,154,222"
2888195950,208,8,13,"78,217,59,47,106,60,120,48,117,119"
4162740721,208,11,3,"53,50,124,92,243,244,49,147,114,98"
4618719858,209,4,14,"58,53,54,137,102,24,115,25,22,31"
2621546370,210,7,9,"60,279,68,76,72,202,67,74,117,79"
2620795321,210,7,0,"58,54,53,250,98,120,269,210,148,118"
3881197271,211,7,14,"98,40,38,41,160,116,117,302,58,119"
2823060288,212,7,12,"161,183,106,201,59,76,144,107,164,81"
2822225431,212,7,12,"164,57,111,108,201,109,107,122,113,72"
3832754675,213,7,3,"92,96,180,200,17,179,243,203,41,251"
3833549062,213,7,3,"151,5,50,48,53,263,189,188,223,135"
3833556438,213,7,3,"124,123,244,95,41,120,121,5,96,157"
3803686664,213,7,2,"138,53,95,151,119,24,190,55,263,27"
3805600470,213,7,5,"53,49,147,5,148,145,150,79,168,152"
385917059,214,1,12,"200,92,7,93,96,94,203,95,22,40"
403961988,214,1,14,"98,251,58,133,117,40,137,124,255,125"
420453646,214,2,5,"123,120,157,15,68,161,122,126,8,121"
2556386869,214,5,7,"56,53,124,137,49,120,121,157,98,134"
2906889040,214,8,5,"100,101,203,213,98,295,93,94,114,115"
2936753201,214,9,3,"157,120,56,121,123,122,5,126,2,8"
2936755587,214,9,2,"49,51,144,142,217,147,157,80,63,120"
5034113821,214,8,13,"138,79,80,144,134,26,154,142,135,43"
7047265677,214,3,5,"22,25,40,51,48,98,212,58,38,41"
7047266687,214,3,5,"20,21,23,22,24,26,16,25,27,92"
6901173626,214,3,5,"20,21,23,22,24,16,26,25,27,114"
7047269409,214,3,5,"20,24,23,21,22,16,26,27,92,25"
7047271319,214,3,5,"20,21,23,22,16,24,25,26,27,92"
6901178724,214,3,5,"20,21,23,24,22,27,16,25,26,142"
6901180796,214,3,5,"20,23,22,21,25,27,24,26,16,175"
6901184936,214,3,5,"20,21,22,23,24,25,27,26,16,154"
6901187102,214,3,5,"20,23,21,24,22,26,16,142,27,157"
6901188062,214,3,5,"20,23,22,21,24,16,27,25,26,142"
6901189020,214,3,5,"20,157,21,23,143,22,120,176,24,16"
6901190974,214,3,5,"20,22,23,21,25,24,26,27,16,154"
6901192158,214,3,5,"20,24,21,23,22,16,26,27,25,92"
2115018524,215,11,17,"103,48,119,137,226,115,224,138,140,6"
6838464945,216,4,9,"278,36,187,318,98,142,90,269,53,326"
131330436,217,3,1,"50,222,20,211,92,187,142,45,154,53"
131330437,217,3,1,"16,162,14,21,154,92,50,135,17,188"
131330438,217,3,1,"16,92,21,188,43,45,17,135,155,159"
131330435,217,3,1,"16,92,21,41,17,135,14,155,159,43"
8036434509,217,8,21,"162,267,88,277,327,83,86,10,341,260"
8036436456,217,8,21,"88,86,260,267,10,162,83,277,341,85"
4178386335,218,11,6,"16,45,26,21,24,154,41,7,135,137"
4203654681,218,11,15,"98,117,41,38,78,40,141,133,134,119"
4209369926,218,11,0,"50,21,16,25,154,20,22,28,92,27"
4251602505,218,0,15,"57,106,108,201,113,165,109,123,111,112"
2207298533,219,0,1,"20,91,162,83,85,318,278,187,58,89"
4697465064,220,4,1,"137,217,241,48,45,160,138,218,124,119"
5805459756,221,5,9,"295,218,179,139,138,180,235,234,189,224"
7419976402,222,8,14,"188,151,155,46,16,43,26,244,152,95"
7229163756,223,8,14,"152,95,244,200,46,155,206,43,195,151"
7229159292,223,8,14,"150,147,148,168,5,53,49,2,152,167"
7229154448,223,8,14,"232,117,46,6,157,244,43,191,79,80"
7229149724,223,8,14,"77,128,115,95,130,93,17,98,114,203"
7229135554,223,8,14,"138,135,217,137,134,24,25,32,159,268"
7229145966,223,8,14,"203,95,179,153,98,124,17,96,3,293"
7229140962,223,8,14,"63,216,119,138,92,31,41,151,95,278"
7229130372,223,8,14,"41,99,24,188,95,293,269,5,53,92"
7229124454,223,8,14,"200,251,22,96,58,40,25,98,243,203"
7229121102,223,8,14,"48,47,138,55,199,54,53,24,147,80"
7229116078,223,8,14,"96,243,131,92,124,286,244,285,323,118"
7229111476,223,8,14,"77,225,159,92,128,261,189,263,139,243"
3934426285,223,8,0,"250,148,15,147,150,244,232,56,144,124"
7702769150,224,7,13,"105,174,31,20,24,204,182,48,22,42"
5411131605,225,0,13,"92,21,20,26,23,32,24,96,200,27"
2050135859,225,10,2,"117,68,147,145,79,148,150,15,5,78"
2776281902,225,6,1,"48,47,53,52,54,51,49,118,98,147"
3999065753,225,9,9,"52,47,59,327,48,277,162,119,252,201"
5502799372,225,2,23,"83,85,86,87,82,88,20,84,91,90"
454553612,226,8,18,"59,32,111,106,107,109,165,8,29,162"
454553602,226,8,18,"59,32,8,76,214,111,60,165,107,34"
454553594,226,8,18,"53,339,12,353,250,59,252,299,162,251"
454553714,226,8,18,"55,317,60,67,162,12,76,277,75,52"
2665427624,226,6,3,"79,117,157,143,120,56,80,63,144,192"
2665429162,226,6,3,"16,226,63,24,21,137,120,98,23,20"
2665430258,226,6,3,"63,16,23,24,226,22,21,98,20,92"
2664606987,226,6,3,"16,92,50,21,127,155,188,43,23,95"
2665431466,226,6,3,"141,100,98,160,226,101,124,114,93,94"
2664608035,226,6,3,"95,151,263,188,50,5,244,53,169,152"
2664608709,226,6,3,"16,188,50,41,155,135,127,95,43,151"
2664609433,226,6,3,"16,92,95,50,41,25,263,127,154,188"
2664610235,226,6,3,"50,41,16,169,95,263,188,155,92,43"
2664610887,226,6,3,"16,135,43,50,155,151,188,46,41,152"
2664611441,226,6,3,"79,120,157,134,80,117,15,56,355,96"
2664612109,226,6,3,"120,157,117,63,151,15,56,78,121,107"
2814756035,226,7,9,"79,76,68,8,143,49,56,144,78,145"
2814757341,226,7,9,"79,143,80,202,117,113,78,55,201,145"
2815609900,226,7,9,"145,79,117,78,143,120,149,80,144,200"
2815611142,226,7,9,"9,127,150,95,168,311,96,3,193,200"
2814761031,226,7,9,"145,8,150,2,0,3,168,167,149,79"
2814761937,226,7,9,"153,105,7,127,96,102,3,284,168,46"
2814763283,226,7,9,"3,7,9,153,181,14,17,311,156,212"
2814764601,226,7,9,"221,223,154,95,191,43,200,0,168,5"
2814765985,226,7,3,"95,16,24,3,7,97,167,168,9,135"
2814767063,226,7,3,"9,3,7,6,1,2,0,4,241,135"
2815619238,226,7,3,"97,150,168,5,127,145,167,43,46,9"
2815620230,226,7,3,"63,168,95,7,150,167,3,145,46,115"
2815621638,226,7,3,"16,92,90,26,24,21,23,20,14,211"
2815623062,226,7,3,"16,23,20,26,92,83,27,24,21,85"
2814772783,226,7,3,"16,26,20,154,21,135,41,92,24,80"
2815632428,226,7,1,"109,120,106,111,112,29,176,239,194,32"
2814773543,226,7,1,"117,78,79,47,147,76,145,48,150,80"
2815625396,226,7,1,"200,96,24,7,63,3,90,17,23,191"
2814775047,226,7,1,"27,191,23,24,20,22,92,175,26,212"
2188751419,227,9,17,"79,55,80,68,183,143,76,144,117,253"
2076658715,228,11,13,"16,50,222,159,135,20,102,95,188,211"
2887608869,229,8,13,"25,22,131,27,23,154,20,223,24,136"
2888444434,229,8,13,"223,78,63,48,41,147,49,117,154,119"
2888444080,229,8,13,"223,78,63,48,41,147,49,117,154,119"
2888444892,229,8,13,"53,49,148,147,5,250,244,243,150,124"
2888445086,229,8,13,"50,22,25,20,23,53,154,115,157,27"
2888445290,229,8,13,"25,22,50,131,23,20,53,135,154,157"
2887610555,229,8,13,"131,136,50,20,53,25,22,154,21,135"
5522884188,230,2,2,"138,53,48,50,49,92,51,47,124,244"
7606976472,231,11,9,"138,268,48,98,160,118,58,21,38,50"
7538567592,231,1,9,"16,155,43,46,26,21,44,39,23,20"
7917820214,231,1,9,"38,16,41,155,43,80,42,46,184,26"
8105706328,231,2,9,"80,5,2,138,6,50,53,49,155,0"
7701170982,231,2,9,"16,21,22,155,38,41,92,135,23,104"
7621687978,231,2,9,"79,20,155,138,80,46,29,16,21,188"
7514466442,231,2,7,"93,200,96,24,20,184,21,154,29,92"
8142704575,231,3,9,"21,20,16,22,23,26,24,25,41,28"
7565664006,231,3,9,"168,5,97,150,46,167,155,2,156,9"
4713261777,232,5,12,"58,210,56,126,98,157,120,114,226,124"
7032258813,233,2,3,"283,268,58,94,98,238,97,137,90,252"
1555552888,234,8,11,"76,29,37,59,60,8,55,68,89,32"
1559627357,234,8,10,"55,253,65,322,317,88,170,303,163,183"
1559761273,234,8,10,"57,108,201,109,106,165,113,107,162,282"
1598870160,234,8,10,"91,90,172,174,111,202,109,108,113,164"
1598874914,234,8,10,"200,98,96,262,40,157,58,244,243,251"
1598880836,234,8,10,"200,96,172,107,40,174,98,113,251,134"
8627932576,235,2,1,"112,106,165,57,59,32,113,201,108,107"
2736515424,236,6,1,"59,106,143,76,214,8,165,144,109,107"
6058682449,237,7,12,"200,113,96,174,40,243,107,122,114,203"
6058685111,237,7,12,"200,143,98,113,117,168,142,80,79,157"
6058687515,237,7,12,"153,188,96,9,7,135,63,166,207,155"
1658612922,238,8,15,"111,201,72,164,161,162,109,107,67,59"
7804874110,239,7,7,"22,25,119,226,98,160,41,295,212,296"
7136963727,240,4,1,"120,161,144,15,113,111,109,142,123,200"
7165978533,240,5,1,"63,8,137,119,59,56,134,117,145,230"
8112539151,241,9,1,"21,20,29,108,92,32,24,16,104,57"
2474501250,242,4,17,"101,100,95,31,35,294,219,189,114,30"
2528229433,243,4,9,"16,21,26,20,24,50,92,154,45,159"
2529049934,243,4,9,"16,21,26,20,92,45,24,155,154,23"
2528230249,243,4,9,"16,21,26,20,92,45,154,24,41,23"
2529050822,243,4,9,"21,16,20,22,25,23,26,24,45,154"
2551948369,243,5,6,"112,57,106,108,111,109,113,165,172,107"
2588893690,243,5,12,"76,79,144,109,111,57,161,108,90,81"
2588894258,243,5,12,"3,9,24,7,17,76,233,79,95,183"
2588058711,243,5,12,"76,111,144,109,108,142,79,57,113,68"
2588058931,243,5,12,"29,37,17,35,59,14,30,176,3,7"
2588059569,243,5,12,"94,7,97,184,24,3,167,93,145,9"
2588893928,243,5,12,"75,76,79,80,78,145,3,47,48,7"
2588059093,243,5,12,"111,171,172,110,236,164,237,238,239,240"
400910007,244,1,1,"24,8,12,303,63,120,202,111,60,144"
2728342073,244,7,1,"142,187,318,53,5,20,54,89,148,50"
4929488613,244,7,2,"117,78,119,61,147,163,51,98,216,209"
4930090594,244,7,6,"22,25,23,27,191,131,175,154,212,26"
8192087071,244,10,3,"76,79,75,147,117,78,80,47,144,143"
8193172374,244,10,2,"142,79,144,68,80,76,161,143,170,183"
8193170916,244,10,3,"157,79,20,143,142,76,120,80,144,183"
8193169442,244,10,3,"157,80,79,0,120,56,143,8,138,6"
8193167740,244,10,3,"170,144,142,157,143,79,80,168,68,200"
8193124018,244,10,2,"20,53,157,24,120,16,142,21,56,121"
8193122628,244,10,2,"142,79,68,80,157,76,144,24,143,75"
3265580763,245,1,21,"71,274,298,110,271,276,273,178,275,70"
2328856791,246,2,12,"189,114,115,98,160,261,130,100,197,234"
365792302,247,10,13,"20,21,24,22,23,16,26,27,25,222"
365792329,247,10,13,"20,21,23,22,24,16,46,176,27,26"
365792353,247,10,13,"21,20,24,23,22,16,26,27,25,45"
365792395,247,10,13,"20,21,24,16,23,22,46,26,27,176"
4364565723,248,1,3,"25,53,135,50,138,154,131,22,241,137"
4367208963,248,1,3,"25,22,77,128,95,23,160,225,223,180"
4369758723,248,1,3,"107,112,123,106,242,121,172,262,59,120"
4378413955,248,1,3,"50,135,159,2,28,51,234,25,6,233"
4384912284,248,1,3,"160,295,114,116,124,218,125,141,130,203"
4384987370,248,1,5,"164,107,112,106,59,165,111,92,109,209"
4386730833,248,1,2,"25,53,22,154,160,124,77,131,225,115"
4390216659,248,1,3,"28,103,329,206,141,213,295,140,105,98"
4397690293,248,2,3,"213,100,137,294,219,231,95,293,141,118"
4402409896,248,2,3,"106,59,29,76,107,172,184,32,176,37"
4401648475,248,2,3,"287,165,238,262,20,214,176,58,231,32"
4401652015,248,2,1,"110,29,184,172,40,236,171,104,237,32"
4860823195,249,6,1,"29,120,63,226,68,32,279,216,60,94"
4860822147,249,6,6,"111,29,32,106,165,113,68,34,109,8"
4840031503,249,6,10,"59,165,32,111,214,113,106,8,200,112"
4847263048,249,6,6,"24,20,58,160,176,31,165,137,21,94"
759768667,250,5,3,"96,125,147,40,174,200,107,243,242,202"
760624198,250,5,2,"6,3,2,9,233,4,284,1,105,7"
1237860917,250,7,2,"200,96,114,98,172,113,40,174,92,202"
1237879417,250,7,2,"79,92,68,117,147,142,144,15,53,114"
1238757460,250,7,2,"114,157,92,200,170,142,96,24,111,123"
1238764212,250,7,2,"28,58,51,329,48,55,199,38,234,118"
1228031352,250,7,2,"16,154,26,21,92,50,45,20,41,43"
1228031498,250,7,2,"21,135,26,24,16,20,138,22,57,45"
7229514578,251,4,9,"48,47,52,55,54,253,76,53,60,58"
7393960842,252,5,3,"188,311,153,151,208,14,195,152,9,127"
2400617882,253,7,9,"60,67,279,72,202,68,55,162,69,74"
2400618036,253,7,9,"60,279,202,67,68,72,74,315,76,204"
2400618210,253,7,9,"60,67,72,279,68,202,315,74,76,259"
2400618450,253,7,9,"7,17,233,181,153,151,3,180,179,132"
2400618640,253,7,13,"16,193,22,7,23,127,24,26,168,92"
2400618798,253,7,13,"307,193,277,303,16,176,306,301,267,302"
2400618924,253,7,13,"22,207,188,245,46,127,43,151,92,23"
2400619100,253,7,13,"22,50,154,16,27,92,53,200,23,21"
2400619270,253,7,13,"22,200,154,92,27,223,115,96,24,26"
2399784889,253,7,13,"22,112,26,95,92,25,23,154,63,24"
2104455461,254,3,10,"117,147,79,58,202,78,118,98,51,55"
2104455553,254,3,10,"200,113,174,203,172,40,204,202,111,114"
5601454020,255,3,10,"201,108,111,109,76,107,55,57,106,113"
5600877377,255,3,10,"111,164,109,113,72,108,122,165,242,172"
5601479736,255,3,10,"59,162,106,113,111,109,8,165,201,107"
5600899843,255,3,10,"184,59,111,106,107,109,176,8,165,214"
5601503920,255,3,10,"107,262,111,165,106,59,164,112,109,57"
5601437522,255,3,10,"285,199,234,296,98,28,343,100,131,25"
5654108373,255,3,4,"79,78,117,145,62,57,108,147,144,240"
5654676222,255,3,4,"119,31,56,121,63,8,36,29,209,59"
5654124107,255,3,4,"117,79,78,147,145,68,80,62,168,255"
5654117203,255,3,4,"117,15,78,163,17,98,40,161,119,157"
8124658955,256,9,7,"22,23,20,92,27,26,21,16,46,127"
4901957359,257,7,9,"142,187,147,148,318,150,53,49,250,80"
3910303391,258,7,3,"113,79,108,144,106,109,142,165,143,57"
3910306513,258,7,2,"68,79,72,67,357,60,69,117,145,202"
3911106012,258,7,2,"99,58,40,141,38,100,311,101,220,284"
5942131945,259,3,2,"262,172,107,59,138,19,279,184,60,106"
5942132389,259,3,2,"79,80,143,117,144,56,121,78,157,120"
5942132713,259,3,5,"26,154,92,22,24,43,127,45,16,46"
1231143358,260,7,2,"63,147,119,117,78,47,79,56,96,148"
1231148592,260,7,2,"106,15,120,121,144,113,107,142,200,242"
1230290731,260,7,2,"148,244,157,152,355,147,151,338,144,120"
1230296805,260,7,2,"79,78,117,144,147,68,15,145,76,108"
1230302381,260,7,2,"97,80,138,241,63,79,5,151,134,223"
1230306725,260,7,2,"97,95,241,5,147,168,231,283,94,145"
1231171882,260,7,2,"5,2,95,3,1,80,150,4,0,284"
1228869885,260,7,2,"108,201,173,79,78,57,145,117,240,202"
11265399273,261,10,4,"63,56,138,232,157,120,6,1,233,17"
11265389855,261,10,6,"111,113,109,165,164,108,57,106,107,172"
5182920232,262,9,2,"97,95,0,5,342,135,137,241,6,231"
6876524217,263,1,3,"176,32,59,138,22,29,34,76,25,270"
10462220934,264,9,2,"16,117,124,24,21,137,58,199,41,160"
13957141293,265,3,6,"217,163,257,138,263,95,252,209,124,346"
13957090843,265,3,6,"60,59,68,76,308,8,239,72,214,67"
13933846741,265,3,6,"55,67,76,60,253,72,317,183,79,65"
13941318462,265,3,6,"201,84,82,10,111,113,260,164,161,15"
13933793231,265,3,6,"40,147,174,243,15,200,38,118,203,96"
13964392193,265,3,6,"114,243,40,147,96,92,200,130,15,38"
13964342693,265,3,6,"98,41,78,15,117,40,164,38,8,72"
13956802043,265,3,6,"46,16,92,115,154,114,22,50,135,188"
13933580672,265,3,6,"119,40,98,78,160,118,117,38,51,41"
13933518792,265,3,6,"174,15,40,204,202,203,147,78,107,113"
13933459921,265,3,6,"40,98,58,41,133,230,102,116,96,125"
5100411806,266,9,11,"24,16,26,21,154,45,20,92,79,95"
5099818169,266,9,11,"21,24,16,20,26,32,45,59,41,29"
5100490130,266,9,11,"16,21,24,20,104,176,92,127,29,26"
5100490312,266,9,11,"16,155,46,188,135,39,153,21,20,154"
5099900325,266,9,11,"16,21,20,24,26,92,45,46,23,176"
6778210130,266,1,4,"20,22,23,21,26,176,115,38,92,114"
6778210508,266,1,4,"21,20,22,16,32,24,26,23,29,8"
6924327179,266,1,4,"21,104,20,22,16,32,176,38,23,24"
6778211314,266,1,4,"21,22,104,20,16,26,176,23,39,38"
6924327893,266,1,4,"21,20,59,23,26,16,22,24,32,92"
6924328275,266,1,4,"21,26,22,20,23,154,92,24,27,16"
6778212716,266,1,4,"21,20,16,26,24,23,45,22,155,92"
6924329229,266,1,4,"21,20,16,23,138,22,24,26,55,45"
6924329635,266,1,4,"26,21,20,23,22,16,24,92,45,27"
6924330035,266,1,4,"21,22,16,26,20,23,104,92,146,24"
6924330375,266,1,4,"21,20,26,16,92,45,22,29,24,154"
6924330771,266,1,4,"26,21,20,104,24,92,29,154,23,22"
6924331141,266,1,4,"21,20,104,26,24,32,92,16,29,22"
6924331531,266,1,4,"16,21,26,92,24,45,155,20,23,41"
6778237880,266,1,4,"21,24,20,16,22,23,26,92,25,27"
6924354629,266,1,4,"21,16,24,20,23,26,22,92,45,27"
6778239422,266,1,4,"21,16,26,32,20,24,92,23,22,45"
6778239880,266,1,4,"21,16,24,26,45,20,92,111,154,23"
6924356225,266,1,4,"16,21,26,24,45,20,23,92,155,22"
6924356789,266,1,4,"16,21,26,24,20,45,92,154,23,22"
6924357309,266,1,4,"111,21,165,59,16,24,109,26,55,143"
9222995885,267,5,9,"142,187,318,148,147,250,53,49,177,20"
344474988,268,0,18,"63,64,65,138,228,163,51,55,216,229"
3427953962,269,3,9,"47,52,48,0,55,137,20,24,59,80"
3427145217,269,3,9,"47,48,52,119,49,59,117,8,79,51"
3427145649,269,3,9,"47,48,8,60,52,119,49,59,76,117"
8322539451,270,8,3,"157,123,109,120,144,126,111,210,121,24"
2362296818,271,2,9,"22,165,112,25,59,106,57,21,23,20"
331915038,272,11,2,"3,98,241,1,141,4,213,231,137,230"
7643705136,273,6,5,"217,25,48,138,135,151,22,160,153,119"
3402340176,274,2,2,"129,132,235,212,230,98,139,181,189,128"
3406709845,274,3,2,"181,190,295,212,213,17,49,180,25,216"
3426994059,274,3,1,"100,14,16,95,9,28,21,293,193,101"
2362920521,275,2,19,"29,172,325,106,108,57,37,110,184,107"
2363752364,275,2,19,"224,40,48,230,119,41,184,98,226,212"
2363752988,275,2,19,"61,98,344,252,278,19,3,222,134,217"
2363753596,275,2,19,"111,164,109,72,194,107,120,161,106,157"
2363754162,275,2,19,"162,267,327,341,277,317,10,289,184,260"
2362924637,275,2,19,"193,16,39,306,282,305,44,13,307,303"
2362923917,275,2,19,"16,193,39,306,307,21,303,305,44,14"
2362925487,275,2,19,"111,72,162,55,67,317,165,163,60,109"
2362925907,275,2,19,"53,28,5,200,159,46,188,92,138,20"
2362926447,275,2,19,"190,219,28,140,213,29,294,49,310,20"
2363757858,275,2,19,"118,147,124,53,244,51,243,49,98,48"
3658479680,276,5,9,"199,117,47,41,48,296,103,51,115,220"
4095709,277,1,0,"26,142,188,20,45,24,6,95,92,23"
4104373,277,1,0,"31,154,24,26,29,36,20,219,21,45"
5267393,277,1,0,"28,53,57,24,189,54,137,92,50,48"
27998901,277,6,0,"96,26,23,22,92,191,155,21,46,226"
242295325,277,6,2,"98,41,141,160,115,51,119,92,100,93"
242295323,277,6,2,"223,154,77,128,92,95,97,93,115,41"
242295310,277,6,2,"16,38,92,41,154,20,21,22,234,219"
242295316,277,6,2,"97,94,93,127,16,95,92,7,188,153"
242295312,277,6,2,"135,188,159,207,16,50,41,222,151,154"
629319779,278,4,1,"151,95,153,5,241,223,80,217,138,6"
630227696,278,4,1,"57,108,106,113,165,201,107,242,111,109"
629364721,278,4,1,"109,120,111,15,106,144,242,123,108,121"
630187418,278,4,1,"59,106,32,107,60,8,96,165,111,113"
630232500,278,4,1,"108,106,57,109,113,107,201,111,165,164"
629368775,278,4,1,"108,57,113,109,106,111,107,15,164,144"
629370903,278,4,3,"106,112,122,256,242,123,107,201,113,108"
630238326,278,4,9,"72,68,60,67,106,109,108,76,32,111"
630240538,278,4,9,"56,59,120,121,60,8,31,126,119,55"
629376827,278,4,9,"53,49,147,142,148,5,217,150,152,145"
629378825,278,4,9,"31,119,56,59,121,120,8,257,62,15"
630246678,278,4,9,"53,157,241,56,49,6,0,151,284,147"
630189372,278,4,9,"45,137,25,224,22,245,51,226,136,6"
630249512,278,4,9,"142,147,53,148,49,79,187,5,177,152"
4398667973,279,2,13,"59,31,262,32,8,76,29,287,37,138"
8748434450,280,4,3,"80,142,79,92,55,187,121,144,120,143"
8815178524,280,4,3,"96,63,147,95,56,121,123,241,122,97"
8815189846,280,4,3,"118,124,53,244,92,96,243,154,99,226"
8815191904,280,4,2,"78,117,147,118,119,124,96,48,98,168"
8804620097,280,4,9,"153,188,95,24,151,154,96,45,21,16"
10479340653,281,9,5,"79,63,142,80,144,147,145,68,56,117"
2618217562,282,5,2,"79,76,144,142,145,78,117,143,68,75"
2617395637,282,5,2,"142,144,79,80,19,161,24,134,120,76"
2617396269,282,5,2,"142,80,79,144,161,76,143,183,134,68"
2126126891,283,10,9,"127,46,152,195,185,43,284,206,208,186"
2495041396,284,8,13,"82,83,86,84,85,88,89,87,278,162"
2494221055,284,8,13,"31,36,51,49,119,53,146,147,246,47"
3758817060,284,2,1,"59,8,107,106,214,112,56,120,126,210"
3758022185,284,2,1,"246,214,58,143,224,210,6,230,56,157"
3758022725,284,2,1,"58,321,117,75,197,255,38,214,147,15"
2416723876,285,3,18,"55,49,63,317,163,64,51,183,59,257"
2655601555,285,6,13,"72,259,67,73,264,68,265,71,69,60"
2656429420,285,6,13,"72,68,60,67,259,279,69,73,264,59"
2656429908,285,6,13,"72,60,68,67,259,239,59,69,279,264"
2655602949,285,6,13,"31,104,107,106,74,55,110,217,174,8"
7353695878,286,5,0,"118,98,54,28,58,41,269,234,147,99"
7164051255,286,5,0,"48,98,47,53,147,252,118,61,49,124"
7164044525,286,5,0,"45,137,226,138,25,217,96,135,22,124"
7349257570,286,5,0,"279,60,72,146,202,291,68,8,78,67"
7164048677,286,5,0,"98,251,252,61,278,48,58,224,63,40"
7349233752,286,5,0,"25,131,22,285,234,235,343,294,119,98"
7164042209,286,5,0,"159,135,17,7,181,212,131,3,14,50"
7164040077,286,5,0,"68,62,8,60,79,49,66,182,59,119"
7349240614,286,5,0,"49,47,55,60,48,217,59,138,52,8"
2240223306,287,1,10,"204,38,174,114,202,40,96,48,200,243"
3101783507,288,10,10,"302,303,81,289,10,301,253,260,305,267"
3101784589,288,10,10,"8,56,58,157,142,143,53,20,120,214"
3101785425,288,10,10,"112,57,106,165,108,201,107,172,113,111"
175602481,289,5,9,"138,51,48,53,119,49,263,47,135,220"
3953161066,290,8,8,"51,119,63,55,138,216,65,134,64,31"
