10457209566,0,9,0,"9,3,15,10"
10457230705,0,9,0,"3,1,9,10"
8655431797,1,2,0,"1,3,10,22"
8655431519,1,2,0,"1,3,9,12"
8655431217,1,2,0,"3,1,10,9"
8655430899,1,2,0,"1,12,13,2"
8655429225,1,2,0,"3,1,9,40"
5594442060,2,3,7,"9,3,1,10"
8091888943,3,4,2,"3,9,1,15"
13032566594,4,2,10,"1,0,2,7"
13032339143,4,2,10,"1,0,2,12"
13032344183,4,2,10,"1,2,0,3"
13032566884,4,2,10,"3,1,0,2"
13032344743,4,2,10,"3,1,11,6"
13032567314,4,2,10,"11,0,3,2"
13032202605,4,2,10,"2,0,26,20"
13032567724,4,2,10,"2,25,0,11"
13032560514,4,2,10,"0,2,7,6"
13502347425,4,2,5,"2,1,0,27"
13502348985,4,2,5,"2,1,0,4"
13502692624,4,2,5,"1,2,0,26"
13502445423,4,2,5,"1,2,0,4"
13502693184,4,2,5,"2,0,1,27"
13502349575,4,2,6,"2,1,0,4"
13502349605,4,2,6,"2,1,0,4"
13502693544,4,2,6,"1,2,0,35"
13502349855,4,2,6,"2,0,1,35"
13502690714,4,2,6,"2,0,1,4"
13502350115,4,2,6,"1,0,2,4"
13502446293,4,2,6,"2,1,0,27"
6001311842,5,7,2,"1,2,0,27"
6616994197,6,11,12,"3,1,10,9"
6616997441,6,11,12,"1,3,10,22"
6619897675,6,11,12,"1,2,0,18"
6619899599,6,11,12,"1,3,12,13"
6619939051,6,11,13,"3,1,9,10"
14009003964,6,3,0,"10,1,3,9"
14005362371,6,3,0,"3,9,1,34"
13990908556,6,3,12,"3,1,10,9"
14010827092,6,3,12,"3,1,10,9"
14034025453,6,3,12,"3,1,9,10"
14014026895,6,3,12,"3,1,9,10"
14034024753,6,3,12,"3,1,9,10"
14014026235,6,3,12,"3,1,24,10"
14014023645,6,3,7,"1,3,9,10"
6003549533,7,6,12,"3,10,1,9"
3678685434,8,5,9,"1,0,2,31"
5211726517,9,10,1,"1,2,0,27"
5212326406,9,10,1,"2,0,1,4"
5211728405,9,10,1,"7,6,8,2"
5212328534,9,10,1,"3,1,2,9"
5212330426,9,10,1,"2,6,0,7"
5211731559,9,10,1,"3,10,1,9"
5211732067,9,10,1,"2,0,1,27"
5212332640,9,10,1,"1,3,2,0"
2853076289,10,8,7,"9,1,43,3"
2859729527,10,8,1,"1,3,9,0"
2859730793,10,8,1,"3,1,9,0"
2859731817,10,8,1,"1,3,9,14"
2860559936,10,8,1,"3,1,0,15"
2860561400,10,8,1,"1,25,0,3"
2860562426,10,8,1,"3,9,1,10"
2860563212,10,8,1,"1,3,0,9"
2859737737,10,8,1,"1,3,9,10"
2859740751,10,8,1,"3,1,9,0"
2860569122,10,8,1,"1,3,0,19"
2860570794,10,8,1,"1,3,0,9"
2860572536,10,8,1,"0,1,2,11"
2860573910,10,8,1,"0,1,2,4"
2859748725,10,8,1,"0,25,2,11"
2860576936,10,8,1,"1,0,2,4"
2860578348,10,8,1,"1,0,2,4"
2859752207,10,8,1,"1,0,2,4"
2860580768,10,8,1,"1,0,3,2"
2860581812,10,8,1,"2,0,1,4"
2859756369,10,8,1,"1,0,2,4"
9439234640,11,3,3,"1,3,0,9"
9439234120,11,3,3,"1,3,9,0"
9439233668,11,3,3,"3,1,0,2"
9436452963,11,3,3,"1,3,0,11"
9439232666,11,3,3,"3,1,0,11"
9439232234,11,3,3,"1,0,3,22"
9436451591,11,3,3,"3,1,22,9"
9439231468,11,3,3,"1,0,22,2"
9436450427,11,3,3,"2,0,1,22"
6274245293,12,9,6,"1,2,0,27"
113327395,13,9,6,"1,2,0,22"
113233722,13,3,2,"1,2,0,22"
113233743,13,3,2,"1,3,9,24"
2223428948,14,3,2,"1,3,9,10"
10786864783,15,9,11,"1,3,10,24"
6225544093,16,0,16,"1,3,0,2"
6225544653,16,0,16,"1,0,2,26"
6225544897,16,0,16,"1,0,2,3"
6225545191,16,0,16,"1,0,2,12"
9441102343,17,5,2,"0,2,1,4"
3451098894,18,3,12,"2,0,1,25"
3475585464,18,3,18,"3,1,9,10"
6972404886,19,3,6,"1,2,0,27"
3269984902,20,1,6,"3,6,7,8"
5825044501,21,5,1,"1,7,3,6"
5825046719,21,5,1,"2,0,1,4"
5825049051,21,5,1,"2,0,1,4"
5825611034,21,5,1,"0,2,1,25"
5173310889,22,10,19,"3,1,10,24"
5173290565,22,10,19,"3,9,10,1"
5541305391,22,2,19,"3,1,9,0"
5542380586,22,2,11,"1,3,12,13"
6228840712,22,9,19,"3,1,9,24"
6228844580,22,9,19,"3,9,1,32"
6228838384,22,9,19,"3,1,7,6"
6228842824,22,9,19,"3,9,1,14"
6228846788,22,9,19,"3,1,9,10"
6605221323,22,11,19,"3,1,32,0"
6605223167,22,11,19,"1,3,22,10"
6605225077,22,11,19,"3,1,9,22"
6656609381,22,0,9,"0,2,11,6"
6656567657,22,0,9,"2,0,1,4"
6656586173,22,0,9,"1,3,9,10"
6656574243,22,0,9,"3,1,9,41"
6656578761,22,0,9,"1,3,10,9"
6656592513,22,0,9,"10,1,3,9"
6656596069,22,0,9,"3,1,10,9"
6656598813,22,0,9,"3,9,10,1"
6656605085,22,0,9,"2,1,0,4"
6656608175,22,0,9,"3,1,0,10"
6656570617,22,0,9,"2,0,4,26"
6656551691,22,0,9,"3,9,1,10"
6656554505,22,0,9,"3,9,10,1"
6656556279,22,0,9,"3,9,10,1"
6656545989,22,0,9,"3,1,9,60"
6657404059,22,0,4,"3,1,9,22"
6657406863,22,0,4,"1,3,9,40"
6835256149,22,0,2,"3,1,9,10"
5627184167,23,3,2,"3,1,9,10"
3520200191,24,3,3,"2,0,1,26"
3520200981,24,3,3,"2,1,0,4"
3521013302,24,3,3,"1,3,9,43"
3520202513,24,3,3,"2,0,26,1"
3520203173,24,3,3,"2,0,26,1"
3520203693,24,3,3,"2,1,0,22"
3521015914,24,3,3,"2,0,26,4"
3528090103,25,4,0,"1,3,10,0"
8530482929,26,0,12,"9,3,10,1"
2757043926,27,4,6,"3,9,1,10"
7072601667,28,3,1,"1,2,0,4"
7072602789,28,3,1,"1,0,2,4"
7072604485,28,3,1,"0,2,1,25"
7072606341,28,3,1,"2,0,1,4"
6926531310,28,3,1,"0,2,1,4"
7070339361,28,3,1,"7,6,11,8"
7072611145,28,3,1,"3,1,0,51"
6926535638,28,3,1,"1,0,2,3"
7072614121,28,3,1,"0,1,2,12"
6926538140,28,3,1,"3,1,7,6"
6926539220,28,3,1,"0,2,1,27"
6926540584,28,3,1,"1,0,2,27"
6926542250,28,3,1,"1,2,0,4"
7070340629,28,3,1,"1,0,2,3"
6926543284,28,3,1,"1,2,0,27"
7072622077,28,3,1,"0,2,1,25"
6924261588,28,3,1,"1,0,3,6"
7812437350,29,7,17,"9,3,10,1"
5142213263,30,10,14,"1,2,0,4"
5142354929,30,10,2,"2,0,7,6"
5142959050,30,10,2,"2,0,7,6"
5142191139,30,10,4,"3,11,6,25"
5142694296,30,10,4,"2,0,1,4"
5142191603,30,10,4,"3,1,2,0"
5142192487,30,10,4,"3,1,9,39"
5142193095,30,10,4,"3,7,6,11"
2518664298,31,4,20,"1,3,10,9"
2517845479,31,4,20,"1,3,10,9"
5306920156,32,11,15,"1,0,2,3"
5306330761,32,11,15,"1,3,0,10"
5306923466,32,11,15,"1,0,2,4"
5306925072,32,11,15,"1,0,2,4"
5306926600,32,11,15,"0,1,2,4"
5306927876,32,11,15,"1,3,9,12"
5306338277,32,11,15,"2,0,1,4"
5306931226,32,11,15,"1,0,2,3"
2379461395,33,2,5,"2,0,1,4"
2379461543,33,2,5,"1,2,0,35"
2379461695,33,2,5,"1,2,0,12"
2380298636,33,2,5,"3,9,1,10"
2380298760,33,2,6,"1,2,0,4"
2379462107,33,2,6,"1,2,0,13"
2380299150,33,2,6,"1,3,10,9"
5914870638,34,6,0,"3,1,9,10"
2128402684,35,10,1,"3,9,1,10"
2068252693,35,10,3,"1,0,2,3"
2353885993,36,2,16,"1,3,22,2"
2354716362,36,2,16,"3,1,9,10"
2354717198,36,2,16,"3,1,9,10"
2354714674,36,2,16,"3,10,9,1"
2353885195,36,2,16,"3,9,1,10"
2354717884,36,2,12,"3,9,10,1"
2354719646,36,2,12,"3,1,10,9"
2353890265,36,2,0,"9,10,3,1"
5062301579,37,8,1,"2,0,6,11"
10529523064,38,9,15,"3,9,1,10"
7501155728,39,6,3,"3,1,9,10"
6627056651,40,11,5,"1,3,0,2"
6627058097,40,11,5,"1,3,9,39"
6627060037,40,11,5,"3,1,9,10"
6627062403,40,11,5,"3,1,9,10"
6627063789,40,11,6,"2,0,18,29"
6627065103,40,11,6,"3,1,9,38"
6627066221,40,11,6,"3,9,1,10"
6627067503,40,11,6,"3,9,20,10"
6627068871,40,11,6,"2,0,33,3"
6627070155,40,11,6,"3,9,10,1"
6627071381,40,11,6,"11,3,6,0"
10954702974,41,10,3,"9,3,15,1"
8711162218,42,2,3,"2,0,1,26"
4011715327,43,9,1,"7,6,0,8"
4011717397,43,9,1,"3,1,57,9"
4014101464,43,9,1,"2,0,6,7"
9525096726,44,4,7,"1,3,12,13"
9525085728,44,4,0,"1,2,0,4"
9522300193,44,4,12,"1,2,0,3"
9522298081,44,4,12,"1,3,2,12"
9525082060,44,4,12,"3,9,1,10"
9522283675,44,4,1,"2,0,1,4"
9522282899,44,4,1,"2,1,0,27"
5171774719,45,10,7,"3,1,0,2"
5173708928,45,10,0,"3,1,9,10"
5287643560,45,11,8,"10,3,1,9"
5287647256,45,11,8,"1,2,10,22"
5288920539,45,11,6,"9,3,10,1"
5291745046,45,11,0,"3,9,1,15"
5292555226,45,11,20,"3,9,20,10"
5496739526,45,2,22,"10,9,3,1"
5496305635,45,2,22,"3,1,9,10"
5501352383,45,2,7,"10,3,1,9"
5969019832,45,6,19,"1,3,9,10"
5969702968,45,6,19,"3,9,10,1"
5974130024,45,6,19,"3,10,9,1"
5974137640,45,6,19,"1,3,10,9"
6016906562,45,7,12,"1,3,10,9"
6088160199,45,7,1,"1,10,3,9"
6161434789,45,8,14,"3,9,10,1"
10956433675,46,10,1,"3,9,1,10"
10956453955,46,10,1,"3,1,11,20"
5936319837,47,9,3,"2,1,0,22"
8103053166,48,3,19,"1,0,2,22"
8103053698,48,3,19,"3,9,1,10"
8103054366,48,3,19,"1,0,2,4"
8103040953,48,3,19,"2,0,1,27"
8103055396,48,3,19,"1,0,2,25"
5490307743,49,2,20,"1,3,9,0"
3257754822,50,0,6,"1,0,2,4"
3257755608,50,0,6,"3,25,11,9"
5016811672,51,8,0,"3,1,9,10"
8177187551,52,10,1,"1,3,9,10"
8177209127,52,10,1,"2,0,20,18"
7077103313,53,3,22,"3,9,1,10"
3515016259,54,2,6,"1,3,9,0"
4011740122,54,7,0,"9,3,10,1"
4010974829,54,7,0,"3,9,1,10"
4011740890,54,7,0,"3,10,1,9"
4010975519,54,7,0,"3,10,1,9"
3227940185,55,0,6,"3,9,1,39"
3227952733,55,0,6,"3,1,9,10"
3234111574,55,0,6,"3,10,1,20"
3231462666,55,0,6,"3,9,10,1"
4333279897,56,4,2,"9,3,1,10"
9075056746,57,5,11,"3,9,1,10"
1580243075,58,8,5,"2,0,1,4"
1581147728,58,8,5,"1,2,0,4"
512110525,59,4,8,"1,2,0,12"
3133064916,60,9,5,"1,3,10,9"
3134399041,60,9,6,"3,1,9,17"
3135228190,60,9,6,"1,3,10,9"
3138015230,60,9,6,"1,3,10,9"
4504353865,61,3,11,"3,1,10,9"
154881421,62,3,12,"3,9,10,1"
141755431,62,2,6,"1,3,9,10"
3751656475,63,7,1,"1,2,0,7"
12032354203,64,11,16,"3,9,1,10"
12032444964,64,11,16,"3,9,1,10"
12052643716,64,11,1,"3,9,1,34"
12052644346,64,11,1,"2,7,6,0"
4829407001,65,6,23,"1,0,2,5"
5150767940,66,10,1,"0,2,1,20"
2589380207,67,4,12,"1,35,18,5"
5638056106,67,4,12,"1,35,18,5"
2589382825,67,4,12,"3,1,10,9"
5638064986,67,4,12,"3,1,10,9"
5637489577,67,4,12,"3,1,10,9"
2589383301,67,4,12,"3,1,10,9"
5637490355,67,4,12,"3,1,10,9"
2589383643,67,4,12,"3,1,10,9"
5638067184,67,4,12,"1,3,10,24"
2589383847,67,4,12,"1,3,10,24"
2589385037,67,4,12,"1,3,10,9"
5638070560,67,4,12,"1,3,10,9"
5641205540,67,4,15,"1,0,2,3"
2592340209,67,4,15,"1,0,2,3"
2592340487,67,4,15,"1,3,12,0"
5640635557,67,4,15,"1,3,12,0"
2592343419,67,4,15,"1,12,13,3"
5640642269,67,4,15,"1,12,13,3"
2593181906,67,4,15,"1,3,9,41"
5640643033,67,4,15,"1,3,9,41"
2593182404,67,4,15,"1,3,9,10"
5641213792,67,4,15,"1,3,9,10"
2592344829,67,4,15,"1,2,0,4"
5641214332,67,4,15,"1,2,0,4"
5641214902,67,4,15,"1,3,0,2"
2592345571,67,4,15,"1,3,10,0"
2593183880,67,4,15,"1,3,22,0"
5641215426,67,4,15,"1,3,22,0"
5640645893,67,4,15,"1,0,2,4"
2592346297,67,4,15,"1,0,2,4"
5641217652,67,4,15,"3,1,9,10"
2593184678,67,4,15,"3,1,9,10"
2593185026,67,4,15,"3,1,9,15"
5641218356,67,4,15,"3,1,9,15"
2592347377,67,4,15,"3,1,15,22"
5641218896,67,4,15,"3,1,15,22"
2593185976,67,4,15,"3,1,0,2"
4499491171,68,3,20,"1,3,10,22"
7077542361,69,3,7,"9,3,10,1"
6931518134,69,3,7,"9,3,10,1"
8414815482,69,3,7,"9,3,1,14"
8468647933,69,8,0,"9,3,1,10"
8477969172,69,11,7,"10,1,3,2"
8476867709,69,11,7,"1,3,10,2"
6220220838,70,9,0,"3,1,9,6"
6220221786,70,9,0,"3,1,9,10"
6220222554,70,9,0,"3,1,9,15"
6220223392,70,9,0,"3,1,9,6"
6220224346,70,9,0,"3,1,9,10"
6295441333,70,9,8,"2,1,0,26"
6295977478,70,9,8,"1,10,3,2"
6295982180,70,9,8,"10,1,3,2"
6295985878,70,9,8,"1,10,2,3"
6295463011,70,9,8,"1,3,10,9"
6295999298,70,9,8,"1,3,10,2"
6295474549,70,9,8,"1,10,3,9"
6295496217,70,9,8,"1,10,3,2"
6296018850,70,9,8,"3,1,10,9"
8719766606,71,3,9,"3,9,1,22"
8719766248,71,3,9,"1,2,0,4"
11221974786,72,10,0,"1,12,3,10"
11221974206,72,10,0,"1,3,10,9"
11221954065,72,10,0,"10,3,9,1"
8363295521,73,11,12,"3,1,10,9"
2812227951,74,7,14,"3,1,11,25"
2812231907,74,7,14,"2,1,0,12"
3084875516,75,9,0,"1,3,9,10"
9079163041,76,5,15,"2,0,1,4"
9081388904,76,5,15,"1,2,0,4"
9081389956,76,5,15,"2,1,0,4"
9079166931,76,5,15,"2,0,1,4"
9079168145,76,5,15,"2,0,1,4"
9116951106,76,5,22,"3,1,9,10"
9116957152,76,5,20,"1,15,3,9"
9114732863,76,5,20,"1,3,9,24"
9114758779,76,5,1,"2,0,1,4"
9114760715,76,5,1,"2,0,1,4"
9114762601,76,5,1,"2,0,1,4"
9114764987,76,5,1,"1,3,0,2"
9114766249,76,5,1,"1,0,2,4"
9116991528,76,5,1,"3,1,15,9"
9114768213,76,5,1,"3,1,15,9"
9114770003,76,5,1,"2,0,1,4"
9114772089,76,5,1,"0,2,1,6"
9114774219,76,5,1,"2,0,1,4"
9114792923,76,5,2,"1,2,3,10"
9114794777,76,5,2,"2,1,0,3"
9117020948,76,5,2,"9,1,10,3"
9114798343,76,5,2,"1,3,10,9"
9114800185,76,5,2,"9,3,1,10"
9114801913,76,5,2,"9,3,1,10"
9117028174,76,5,2,"9,3,10,1"
9117030052,76,5,2,"9,3,10,1"
9117041138,76,5,12,"1,9,15,3"
9117673726,76,5,12,"3,1,9,10"
9115451297,76,5,12,"3,1,9,10"
9115456033,76,5,0,"3,1,9,17"
9237419654,76,6,19,"1,0,2,4"
9234639443,76,6,19,"3,1,9,10"
9234640659,76,6,19,"0,2,1,27"
9234642225,76,6,19,"0,1,2,15"
9237425014,76,6,19,"3,15,1,24"
9237425814,76,6,19,"1,15,3,14"
9237426884,76,6,19,"1,3,15,10"
9237428158,76,6,19,"1,3,2,0"
9234647819,76,6,19,"0,2,1,4"
9234649685,76,6,19,"3,1,9,10"
9237432612,76,6,19,"3,1,10,9"
9234652387,76,6,19,"2,1,0,6"
7002437680,77,3,3,"1,3,9,5"
5198478760,78,9,1,"1,0,2,31"
5197891159,78,9,1,"0,1,2,31"
8662251611,79,3,1,"3,1,9,10"
8662255099,79,3,1,"3,1,10,9"
8662259469,79,3,1,"1,3,0,2"
6820402424,80,2,22,"3,11,6,8"
4471465102,81,10,5,"1,2,0,10"
4470706771,81,10,5,"1,2,0,3"
4470731627,81,10,5,"1,2,12,13"
4470932787,81,10,6,"1,10,3,2"
4470951631,81,10,6,"3,10,9,1"
4471748722,81,10,6,"1,2,0,31"
4470987175,81,10,6,"3,2,16,1"
4471789340,81,10,6,"3,1,10,9"
4471213057,81,10,6,"1,3,10,9"
4471236457,81,10,6,"1,2,0,22"
4471257027,81,10,6,"3,20,11,6"
4472053280,81,10,6,"3,20,27,16"
4472086796,81,10,6,"20,3,25,2"
4472122848,81,10,6,"3,9,10,6"
4472144974,81,10,6,"3,7,20,6"
4471385911,81,10,6,"3,2,6,7"
4472184856,81,10,6,"3,6,11,10"
4472203062,81,10,6,"3,11,6,0"
4472219730,81,10,6,"3,6,11,7"
4472237164,81,10,6,"3,20,7,6"
4472252382,81,10,6,"3,25,11,6"
4471489207,81,10,6,"3,9,11,1"
4472284652,81,10,6,"3,10,9,1"
4471526827,81,10,6,"3,20,2,0"
4471545391,81,10,6,"3,11,6,8"
4471567771,81,10,6,"3,11,6,20"
4471585949,81,10,6,"3,6,7,11"
4471606161,81,10,6,"3,11,6,20"
4472399702,81,10,6,"3,20,9,11"
4472415676,81,10,6,"3,10,11,20"
4472432472,81,10,6,"3,6,7,8"
4471668555,81,10,6,"3,20,6,11"
4472459430,81,10,6,"3,20,11,6"
5269978517,82,10,1,"0,2,18,11"
7863654086,83,7,1,"3,1,9,57"
7863655364,83,7,1,"1,2,0,4"
7863657518,83,7,1,"2,0,1,12"
7863658932,83,7,1,"2,0,1,4"
7863660540,83,7,1,"2,0,1,27"
7863661800,83,7,1,"2,0,1,12"
7863669660,83,7,1,"2,0,7,1"
8212199483,84,9,16,"1,3,0,2"
7667585094,85,0,3,"2,0,26,27"
7667584668,85,0,3,"2,0,26,1"
7667584246,85,0,3,"1,0,2,3"
7667583612,85,0,3,"1,0,2,3"
7667583078,85,0,3,"2,1,0,27"
7667582568,85,0,3,"2,0,26,20"
11025866894,85,0,3,"2,0,26,20"
7667582162,85,0,3,"3,1,0,9"
7667581584,85,0,3,"3,1,9,2"
7667580998,85,0,3,"1,3,10,9"
7667580646,85,0,3,"1,3,2,0"
7667580064,85,0,3,"1,3,22,9"
7667579496,85,0,3,"1,0,2,3"
7667579038,85,0,3,"1,3,0,40"
7537440702,86,5,1,"0,2,1,11"
7537441988,86,5,1,"0,2,1,11"
2977763392,87,9,23,"2,0,1,18"
2977768306,87,9,23,"1,2,0,26"
2994220992,87,10,10,"1,3,0,2"
3889114822,87,8,0,"1,2,0,22"
3889222472,87,8,0,"7,6,0,8"
3888431639,87,8,0,"1,2,0,22"
2724781020,88,6,16,"2,1,0,22"
2723963529,88,6,3,"2,0,1,4"
2723965487,88,6,3,"2,1,0,22"
2723973169,88,6,3,"1,0,2,3"
2729823304,88,6,16,"3,1,9,17"
2728994365,88,6,16,"3,9,10,1"
2729827438,88,6,16,"3,9,1,10"
9255123783,89,6,16,"9,3,10,1"
8109012696,90,9,0,"9,3,1,32"
6160240757,91,8,20,"3,1,9,10"
6016608603,92,7,24,"3,9,1,10"
6017161168,92,7,24,"7,3,0,6"
6016612483,92,7,24,"3,11,2,6"
6017163670,92,7,24,"25,2,0,11"
6016611283,92,7,24,"2,0,25,11"
6017162540,92,7,24,"1,3,0,2"
6016610091,92,7,24,"9,3,1,5"
6157858591,92,8,24,"1,2,0,3"
6222198137,92,9,16,"3,1,9,10"
6224635859,92,9,24,"3,9,1,10"
6225182910,92,9,24,"3,9,1,10"
6225750730,92,9,0,"9,3,10,1"
6225751438,92,9,0,"9,10,3,1"
10041856005,93,9,12,"3,9,1,10"
10040289383,93,9,12,"3,9,1,17"
10040181905,93,9,12,"3,9,1,24"
10040135684,93,9,12,"1,3,10,9"
10040166945,93,9,12,"9,3,10,1"
10040118374,93,9,12,"3,10,9,1"
10040149785,93,9,12,"3,9,1,10"
10040141205,93,9,12,"3,9,10,1"
10040090324,93,9,12,"3,1,9,10"
10040138916,93,9,12,"3,1,9,10"
10040113135,93,9,12,"9,3,1,10"
10040064834,93,9,12,"1,9,3,10"
10040193783,93,9,12,"3,9,1,10"
10040048264,93,9,12,"3,9,1,10"
10040093136,93,9,12,"9,3,10,1"
10040166233,93,9,12,"3,1,10,9"
10040071116,93,9,12,"9,3,10,1"
5623420267,94,3,19,"3,9,1,10"
7879243648,95,7,8,"1,2,0,22"
7047720451,96,3,1,"1,0,2,3"
10660908445,97,10,6,"3,10,9,1"
10963345865,98,10,3,"1,2,0,27"
10963518044,98,10,3,"1,10,3,9"
10963518004,98,10,3,"3,20,10,27"
2283824286,99,9,1,"2,0,4,1"
3712002111,100,6,6,"3,10,9,20"
3725745773,100,6,6,"3,10,9,1"
3712817348,100,6,6,"3,9,10,20"
3723543086,100,6,6,"2,0,4,20"
3738110399,100,6,6,"3,1,9,0"
3728535893,100,6,6,"3,9,10,1"
3716712732,100,6,6,"3,9,1,10"
6135717460,101,6,1,"3,6,11,7"
6135172315,101,6,1,"0,2,1,11"
6135720276,101,6,1,"0,2,1,4"
6135174065,101,6,1,"2,0,1,31"
6135723952,101,6,1,"0,1,2,4"
6135725632,101,6,1,"0,2,25,11"
6135746504,101,6,1,"3,9,10,1"
6135753032,101,6,0,"9,3,10,15"
6135206343,101,6,0,"3,15,9,1"
6135757948,101,6,11,"3,9,1,10"
6135759198,101,6,11,"3,9,1,10"
6135217919,101,6,2,"1,0,2,3"
6135220113,101,6,2,"1,2,0,27"
6135768612,101,6,2,"1,3,10,9"
6135770176,101,6,14,"1,0,2,4"
8945376875,102,4,3,"1,3,9,10"
8946084902,102,4,0,"10,3,9,1"
8945463551,102,4,0,"3,9,10,1"
8945464305,102,4,0,"9,10,3,1"
8945623143,102,4,3,"9,3,10,1"
8946246146,102,4,3,"3,9,1,10"
8945625927,102,4,3,"9,3,10,1"
8945626927,102,4,3,"10,3,9,1"
8945628703,102,4,3,"3,9,10,1"
8946251292,102,4,3,"3,10,9,15"
8946252616,102,4,3,"3,9,1,10"
8946254012,102,4,3,"1,2,0,12"
8946145612,102,4,3,"2,1,0,11"
8946346020,102,4,15,"3,1,9,10"
8945725349,102,4,15,"3,9,1,17"
8946348512,102,4,15,"1,3,10,2"
8945728013,102,4,15,"1,3,9,10"
7801179594,103,7,16,"3,9,1,10"
7801222672,103,7,16,"3,20,7,6"
7961419526,103,8,20,"1,3,10,9"
8605299011,103,10,3,"1,2,0,22"
8264854879,103,10,3,"2,0,1,4"
8232877597,103,10,3,"0,2,1,4"
8359900060,103,0,4,"2,0,1,7"
8358821611,103,0,4,"2,1,0,4"
8711185177,103,4,22,"1,3,10,9"
9728781134,103,7,3,"1,0,3,2"
837291415,104,6,6,"3,23,28,18"
3009262033,105,10,12,"3,1,9,10"
3010096560,105,10,12,"1,3,10,9"
3009262579,105,10,12,"1,3,10,9"
3009262825,105,10,12,"1,3,10,9"
3010097294,105,10,12,"1,3,10,9"
3010098288,105,10,12,"1,3,10,9"
3010101614,105,10,12,"3,1,10,9"
3010101892,105,10,12,"10,3,1,9"
5742926071,106,4,12,"1,0,2,7"
5742925481,106,4,12,"1,0,2,35"
7301087094,107,4,1,"0,2,7,6"
7226664064,108,4,12,"3,9,10,1"
2455097655,109,2,12,"1,3,9,22"
6807888425,110,0,2,"3,1,10,7"
4296794510,111,11,2,"1,2,0,22"
8694578137,112,3,22,"3,9,10,1"
6052119108,113,7,2,"3,9,10,1"
6052178443,113,7,12,"1,2,0,10"
6055572110,113,7,15,"1,3,0,12"
6055023969,113,7,15,"1,2,0,12"
6055030907,113,7,15,"1,2,0,4"
6055038433,113,7,15,"1,2,0,12"
5742854920,114,4,4,"1,3,2,0"
5742581533,114,4,4,"3,2,0,33"
6218129656,115,3,1,"3,1,15,9"
6218129958,115,3,1,"3,9,1,10"
6217610663,115,3,1,"3,9,1,10"
6217610939,115,3,1,"1,3,10,9"
6218130810,115,3,1,"3,1,9,15"
6217611447,115,3,1,"1,3,10,12"
6218131376,115,3,1,"3,1,9,10"
6217612301,115,3,1,"1,3,10,7"
6217612761,115,3,1,"2,0,4,6"
6217612969,115,3,1,"2,0,26,4"
6218132816,115,3,1,"3,1,49,2"
6217613705,115,3,1,"2,0,1,4"
6217613915,115,3,1,"2,0,4,11"
6218133770,115,3,1,"2,0,3,7"
6217614527,115,3,1,"2,0,11,6"
6218134392,115,3,1,"3,1,0,2"
6217615209,115,3,1,"3,1,0,6"
6218135156,115,3,1,"3,1,9,55"
6218135496,115,3,1,"2,0,11,6"
6245891722,115,3,1,"7,2,6,0"
6218136000,115,3,1,"7,6,0,2"
6217617255,115,3,1,"3,7,6,0"
6218137092,115,3,1,"1,2,18,0"
6245891906,115,3,1,"1,3,7,6"
6218137592,115,3,1,"2,0,18,1"
6218138184,115,3,1,"20,11,7,6"
6217619381,115,3,1,"7,6,2,3"
6218139244,115,3,1,"0,6,3,11"
6218139810,115,3,1,"1,3,0,9"
6217620753,115,3,1,"1,2,0,4"
6218140520,115,3,1,"3,1,12,9"
6218140888,115,3,1,"2,0,20,7"
6218141374,115,3,1,"2,0,4,11"
6217622591,115,3,1,"3,1,2,7"
6245892144,115,3,1,"1,3,0,2"
6245892406,115,3,1,"1,3,0,2"
6245892640,115,3,1,"1,0,2,4"
6245372057,115,3,1,"0,2,1,3"
6245372269,115,3,1,"3,1,9,10"
6217623055,115,3,1,"25,11,2,7"
6245372409,115,3,1,"1,0,3,2"
6218142736,115,3,1,"3,9,1,10"
6218143088,115,3,1,"1,3,10,30"
6217624083,115,3,1,"1,0,2,4"
6217624523,115,3,1,"1,2,0,4"
6217624827,115,3,1,"2,0,1,4"
6217625261,115,3,1,"2,0,4,1"
6218144902,115,3,1,"2,0,1,4"
6217625993,115,3,1,"2,0,1,4"
6218145494,115,3,1,"2,0,4,26"
6217626833,115,3,1,"2,0,1,3"
6218146572,115,3,1,"2,1,0,26"
6217627815,115,3,1,"2,0,7,4"
6218147548,115,3,1,"2,0,1,7"
6218147966,115,3,1,"2,0,1,4"
6218148204,115,3,1,"2,0,4,26"
6218148794,115,3,1,"2,4,0,1"
6218149050,115,3,1,"2,0,4,1"
6218149528,115,3,1,"2,0,1,4"
6218149862,115,3,1,"2,0,1,4"
6217631087,115,3,1,"1,2,0,4"
6217631511,115,3,1,"2,0,1,4"
6218151152,115,3,1,"2,0,1,4"
6218151472,115,3,1,"2,0,1,4"
6217632533,115,3,1,"1,0,2,4"
6218152304,115,3,1,"1,2,0,4"
6218152702,115,3,1,"2,0,1,4"
6217633691,115,3,1,"1,2,0,4"
6217634009,115,3,1,"1,2,0,4"
6217634421,115,3,1,"3,1,9,10"
6217634725,115,3,1,"1,2,0,4"
6218154580,115,3,1,"1,2,0,4"
6218154972,115,3,1,"2,1,0,4"
6218155474,115,3,1,"1,2,0,4"
6218155826,115,3,1,"1,2,0,31"
6218156270,115,3,1,"1,2,0,4"
6218156688,115,3,1,"1,2,0,4"
6218157044,115,3,1,"1,2,0,4"
6218157322,115,3,1,"1,2,0,4"
6217638259,115,3,1,"3,1,9,10"
6218157868,115,3,1,"3,1,0,2"
6245893450,115,3,1,"3,1,9,10"
6217639033,115,3,1,"9,3,1,32"
6245372723,115,3,1,"9,3,10,1"
6217639331,115,3,1,"1,2,0,4"
6218158990,115,3,1,"2,1,0,4"
6217640011,115,3,1,"3,1,10,9"
6218159652,115,3,1,"1,2,0,22"
6245372859,115,3,1,"1,0,15,9"
6217640801,115,3,1,"3,1,0,2"
6218160426,115,3,1,"1,3,10,9"
6245893844,115,3,1,"1,0,15,2"
6217641223,115,3,1,"15,9,3,1"
6218161166,115,3,1,"0,3,2,11"
6245373115,115,3,1,"0,15,1,3"
6218161638,115,3,1,"3,1,10,0"
6218161824,115,3,1,"1,3,15,9"
6217642749,115,3,1,"1,3,9,5"
6218162660,115,3,1,"1,0,3,35"
6218163026,115,3,1,"1,3,0,9"
6217643917,115,3,1,"3,6,11,0"
6218163702,115,3,1,"0,2,25,1"
6218164162,115,3,1,"1,3,0,9"
6218164560,115,3,1,"1,2,0,22"
6217645587,115,3,1,"9,3,10,1"
6218165380,115,3,1,"9,10,3,15"
6218165680,115,3,1,"3,9,10,15"
6245894282,115,3,1,"3,9,1,10"
6218165954,115,3,1,"10,3,9,1"
6218166400,115,3,1,"3,1,10,2"
6245373701,115,3,1,"3,9,10,1"
6218166788,115,3,1,"3,9,1,10"
6217647463,115,3,1,"9,3,10,1"
6218167270,115,3,1,"10,9,3,1"
6218167634,115,3,1,"3,10,9,1"
6217648451,115,3,1,"3,10,1,9"
6218168466,115,3,1,"3,1,9,10"
6218169378,115,3,1,"1,10,3,9"
6218169818,115,3,1,"3,9,1,10"
6217650617,115,3,1,"3,9,10,1"
6218170628,115,3,1,"10,3,9,1"
6218171062,115,3,1,"3,1,9,10"
6218171320,115,3,1,"3,1,9,10"
6218171928,115,3,1,"3,9,1,10"
6218172208,115,3,1,"3,1,9,10"
6218172456,115,3,1,"9,3,1,15"
6217653431,115,3,1,"1,2,0,4"
6217653901,115,3,1,"2,1,0,4"
6245374043,115,3,1,"1,3,14,9"
6217654557,115,3,1,"3,1,9,10"
6245895210,115,3,1,"3,1,0,15"
6217654923,115,3,1,"3,7,6,8"
6218174510,115,3,1,"3,7,6,8"
6218174808,115,3,1,"2,20,0,3"
6218175184,115,3,1,"2,1,0,4"
6218175624,115,3,1,"2,1,0,4"
6218175930,115,3,1,"2,1,0,4"
6217656879,115,3,1,"1,2,0,4"
6217657501,115,3,1,"2,0,4,7"
6218177322,115,3,1,"2,0,20,4"
6218177766,115,3,1,"2,0,1,4"
6218177998,115,3,1,"3,2,0,6"
6218178480,115,3,1,"3,20,1,6"
6217659225,115,3,1,"3,9,10,1"
6218179188,115,3,1,"2,1,3,0"
6217660051,115,3,1,"2,3,1,0"
6217660409,115,3,1,"3,1,9,10"
6218180158,115,3,1,"3,9,1,10"
6218180330,115,3,1,"3,1,9,10"
6217661359,115,3,1,"3,0,20,1"
6217661851,115,3,1,"2,20,0,11"
6217662327,115,3,1,"3,11,6,7"
6217662833,115,3,1,"11,6,7,3"
6218182914,115,3,1,"3,11,2,6"
6217663879,115,3,1,"6,11,7,3"
6218183868,115,3,1,"6,7,11,0"
6217664649,115,3,1,"6,11,7,8"
6218184404,115,3,1,"0,2,20,11"
6218184862,115,3,1,"0,2,11,6"
6218185228,115,3,1,"3,6,7,11"
6245895650,115,3,1,"3,6,7,11"
6245374875,115,3,1,"3,7,6,0"
6217666021,115,3,1,"2,0,26,4"
6218185956,115,3,1,"2,0,1,7"
6217667071,115,3,1,"3,9,1,10"
6217667283,115,3,1,"1,2,0,4"
6218187184,115,3,1,"3,9,1,10"
6218187444,115,3,1,"2,0,1,4"
6218187706,115,3,1,"0,2,1,3"
6218187932,115,3,1,"2,0,1,4"
6217668771,115,3,1,"0,2,6,1"
6217669111,115,3,1,"3,1,9,16"
6218189068,115,3,1,"3,1,0,15"
6218189254,115,3,1,"0,2,1,4"
6217670125,115,3,1,"3,1,9,14"
6217670483,115,3,1,"2,0,1,4"
6217670803,115,3,1,"1,3,0,40"
6217671147,115,3,1,"0,2,1,7"
6218190772,115,3,1,"1,2,0,31"
6217671703,115,3,1,"1,0,2,4"
6218191614,115,3,1,"1,0,3,2"
6217672307,115,3,1,"1,3,9,10"
6218192152,115,3,1,"3,9,1,20"
6217672933,115,3,1,"3,7,6,8"
6217673191,115,3,1,"3,7,1,0"
6218193202,115,3,1,"3,9,1,39"
6218193660,115,3,1,"2,0,1,7"
6218193974,115,3,1,"2,0,4,1"
6217675109,115,3,1,"1,3,7,0"
6218194918,115,3,1,"1,3,0,19"
6218195804,115,3,1,"2,0,1,27"
6217676683,115,3,1,"0,2,1,7"
6217677051,115,3,1,"1,2,0,22"
6218196964,115,3,1,"2,0,1,4"
6217677645,115,3,1,"0,2,1,3"
6245895876,115,3,1,"3,0,7,1"
6218197526,115,3,1,"3,1,7,6"
6217678627,115,3,1,"3,1,7,6"
6218198386,115,3,1,"3,1,7,6"
6217679091,115,3,1,"3,9,1,10"
6217679245,115,3,1,"3,0,2,1"
6217679537,115,3,1,"3,1,9,10"
6217679903,115,3,1,"3,0,2,1"
6217680185,115,3,1,"3,0,1,15"
6217680471,115,3,1,"3,1,9,15"
6218200096,115,3,1,"3,9,15,1"
6217681153,115,3,1,"3,1,0,2"
6217681463,115,3,1,"3,1,0,7"
6218201060,115,3,1,"3,1,7,0"
6217682265,115,3,1,"3,1,7,0"
6217682775,115,3,1,"3,1,7,6"
6217683309,115,3,1,"3,1,7,0"
6217683791,115,3,1,"3,1,9,10"
6218203660,115,3,1,"3,1,0,7"
6218204014,115,3,1,"3,1,0,7"
6217684999,115,3,1,"3,1,0,7"
6217685251,115,3,1,"3,15,1,0"
6218205022,115,3,1,"0,2,1,3"
6217685835,115,3,1,"0,2,11,6"
6217686099,115,3,1,"3,1,9,0"
6218205678,115,3,1,"2,0,27,26"
6218205936,115,3,1,"3,20,6,8"
6245375135,115,3,1,"3,7,6,0"
6218206160,115,3,1,"3,1,9,10"
6217686963,115,3,1,"3,6,7,8"
6217687129,115,3,1,"2,0,3,1"
6217687405,115,3,1,"3,6,7,11"
6217687583,115,3,1,"3,1,10,15"
6218207160,115,3,1,"3,7,6,8"
6218207344,115,3,1,"3,7,1,0"
6217688083,115,3,1,"3,10,1,7"
6217688267,115,3,1,"3,1,7,6"
6217688427,115,3,1,"3,1,7,6"
6217688627,115,3,1,"6,7,3,8"
6245375297,115,3,1,"3,1,0,2"
6245375427,115,3,1,"3,1,9,15"
6217688869,115,3,1,"3,7,1,6"
6217689277,115,3,1,"3,7,6,8"
6218209146,115,3,1,"3,1,0,7"
6218209494,115,3,1,"3,0,1,7"
6217690281,115,3,1,"3,39,1,51"
6218210204,115,3,1,"3,1,9,39"
6217690931,115,3,1,"3,1,33,39"
6217691275,115,3,1,"3,1,0,39"
6217691615,115,3,1,"3,0,7,1"
5915559408,116,6,0,"3,10,1,9"
6161848911,117,8,10,"3,1,9,0"
6162385396,117,8,6,"2,0,1,4"
6162385776,117,8,6,"3,1,10,2"
6162386090,117,8,6,"3,9,1,10"
6162386372,117,8,6,"10,3,1,9"
9827589276,118,8,21,"3,1,10,9"
5720425349,119,4,1,"1,2,0,31"
5720425727,119,4,1,"0,2,1,31"
8359562521,120,10,7,"9,3,1,10"
8359563259,120,10,9,"1,0,2,31"
5170779875,121,10,3,"3,1,9,10"
2259346211,122,8,16,"1,2,0,22"
12332500815,123,4,12,"1,0,2,3"
12332500215,123,4,12,"1,12,3,13"
12332499725,123,4,12,"3,1,9,10"
12332653383,123,4,7,"1,3,0,12"
12332653193,123,4,7,"1,3,9,10"
12332495125,123,4,7,"1,3,12,13"
12332494955,123,4,7,"1,3,10,9"
12332494595,123,4,7,"3,1,9,40"
12332938404,123,4,7,"3,1,9,10"
11163865086,124,10,12,"1,3,10,9"
6453159427,125,8,6,"6,11,7,8"
6453164617,125,8,6,"3,9,10,1"
10816740954,126,9,7,"3,9,10,1"
10816618045,126,9,7,"9,3,1,20"
5476576856,127,11,5,"0,2,1,26"
5475979517,127,11,5,"3,9,1,32"
5475979893,127,11,5,"2,0,1,26"
6774933677,128,0,19,"1,3,9,10"
9960016724,129,8,12,"1,10,3,2"
5843859365,130,4,3,"2,0,1,4"
3208967481,131,7,17,"9,3,1,17"
3208967859,131,7,17,"3,9,1,10"
3209814200,131,7,17,"9,1,3,10"
3209814480,131,7,17,"9,3,1,10"
3209814874,131,7,17,"3,9,1,10"
3208969221,131,7,17,"9,3,10,1"
3208969483,131,7,17,"9,1,3,43"
387302512,131,1,17,"3,9,1,10"
3953801129,132,8,0,"3,1,10,9"
10225806325,133,9,12,"1,10,3,2"
10245978356,133,9,1,"20,37,2,38"
10245882774,133,9,1,"2,0,1,22"
2271797388,134,1,0,"1,2,0,22"
2727951528,134,7,21,"0,1,2,7"
2727954112,134,7,21,"0,2,1,6"
2727130685,134,7,21,"0,2,11,7"
127981225,135,3,16,"1,2,0,22"
127987020,135,3,3,"2,11,6,8"
174520556,135,5,17,"1,0,2,22"
275268593,135,9,17,"1,3,10,2"
275268646,135,9,17,"1,2,12,0"
275268706,135,9,17,"1,2,22,3"
275268742,135,9,17,"9,3,1,10"
8680466360,136,3,15,"3,9,1,40"
3903647084,137,5,7,"3,1,9,22"
3816235787,138,7,12,"3,9,1,10"
10279048406,139,9,6,"1,3,46,10"
8672054478,140,3,12,"1,2,0,4"
8672054304,140,3,12,"1,3,9,10"
8672054170,140,3,12,"1,3,0,2"
8672054010,140,3,12,"1,3,10,9"
4959860592,141,4,6,"1,2,0,4"
6220205121,142,9,6,"1,0,2,35"
7057242583,143,11,9,"3,6,11,8"
10753306305,144,9,16,"1,9,3,10"
10753405416,144,9,8,"1,0,2,3"
10753622963,144,9,8,"1,3,0,2"
10753323785,144,9,8,"1,0,3,2"
10753412816,144,9,8,"1,3,0,2"
10753629793,144,9,8,"1,3,22,0"
10753437334,144,9,8,"1,3,0,2"
10753424036,144,9,8,"1,3,0,2"
10753425736,144,9,8,"1,3,9,10"
10753340465,144,9,8,"3,9,1,10"
2238830710,145,11,12,"1,2,0,7"
2238831990,145,11,12,"2,0,1,12"
2238041723,145,11,12,"1,2,0,22"
2238834370,145,11,24,"9,3,1,32"
2238044161,145,11,24,"9,3,1,10"
2238837726,145,11,24,"9,3,10,1"
2238847378,145,11,24,"1,3,0,6"
2238850614,145,11,5,"0,2,1,4"
2238060629,145,11,5,"2,0,1,4"
2238061991,145,11,5,"2,0,1,4"
2238854324,145,11,5,"3,1,0,2"
3261925919,146,11,15,"0,2,1,16"
3161131379,146,11,15,"1,2,0,4"
227041054,147,7,0,"3,9,10,1"
7860713186,148,7,6,"3,2,20,0"
10359390804,149,9,12,"1,10,3,9"
13966175733,150,3,3,"1,3,0,2"
4021612879,151,9,23,"52,53,9,1"
8479913871,152,2,1,"3,1,6,11"
7002968723,153,6,1,"1,2,0,4"
7002969363,153,6,1,"7,2,1,6"
7002969891,153,6,1,"3,1,7,6"
7002970629,153,6,1,"3,1,15,7"
7002971025,153,6,1,"0,6,11,2"
5236982716,154,10,1,"1,0,2,26"
5236392997,154,10,1,"2,0,18,28"
5236985782,154,10,1,"2,0,1,18"
5239980470,154,10,1,"49,0,2,18"
5239981198,154,10,1,"0,2,1,25"
5239982122,154,10,1,"2,1,0,4"
11446649884,155,11,16,"3,9,10,1"
8455055667,156,5,3,"1,3,10,9"
8453726128,156,5,3,"9,3,1,17"
8453726360,156,5,3,"3,9,10,1"
8452634571,156,5,3,"3,9,1,17"
8452634717,156,5,3,"3,9,17,1"
8453726860,156,5,3,"3,9,1,17"
8453727020,156,5,3,"3,9,1,17"
8452635289,156,5,3,"9,3,15,1"
8453727240,156,5,3,"0,2,1,27"
8452635673,156,5,3,"2,0,26,18"
8452635767,156,5,3,"3,9,1,17"
8452635915,156,5,3,"1,3,0,2"
8452636173,156,5,3,"9,3,10,1"
8452636339,156,5,3,"9,3,1,10"
8453728436,156,5,3,"3,1,9,10"
8453728700,156,5,3,"9,3,10,1"
8453728946,156,5,3,"9,3,1,10"
8453729210,156,5,3,"9,3,10,1"
8452637733,156,5,3,"9,3,1,17"
8453729728,156,5,3,"1,3,9,10"
8453729936,156,5,3,"9,3,10,1"
7720246558,157,8,6,"3,1,10,22"
2424446470,158,3,15,"0,1,2,3"
6997064322,159,3,12,"1,2,0,3"
9676838688,160,9,2,"1,0,2,3"
234682761,161,8,2,"1,3,10,9"
4198158514,162,6,22,"1,10,3,2"
4203025021,162,6,11,"1,10,3,9"
4203025445,162,6,11,"1,22,2,0"
4203025979,162,6,11,"2,0,1,4"
4203783266,162,6,11,"3,10,1,9"
4203783984,162,6,11,"3,1,10,9"
4203027967,162,6,11,"3,10,1,9"
4203028589,162,6,11,"1,2,0,22"
4203785888,162,6,11,"1,3,0,2"
4203786984,162,6,11,"3,1,0,2"
4203030953,162,6,11,"3,9,1,10"
4203031539,162,6,11,"1,2,0,12"
4205835051,162,6,22,"1,3,10,35"
8722836258,162,2,22,"1,10,9,3"
8721716179,162,2,0,"2,0,1,25"
8721740047,162,2,0,"1,3,9,10"
8721740193,162,2,0,"9,3,10,1"
8721740379,162,2,0,"3,10,1,9"
8722863792,162,2,12,"10,1,3,9"
8722864010,162,2,12,"3,1,10,9"
8567266101,162,2,12,"3,9,10,1"
8721767373,162,2,12,"1,10,3,9"
8721767567,162,2,12,"1,9,3,10"
8722887840,162,2,12,"9,3,10,1"
8722887696,162,2,12,"9,3,1,10"
8721767963,162,2,12,"1,10,9,3"
8722888222,162,2,12,"9,3,1,10"
8722888470,162,2,12,"3,1,9,36"
8721768549,162,2,12,"3,9,1,17"
8722888814,162,2,12,"3,9,1,10"
8722888942,162,2,12,"3,9,10,1"
8721768973,162,2,12,"3,1,9,10"
8730228237,162,2,11,"3,10,9,1"
8731348670,162,2,11,"1,3,2,22"
8730228903,162,2,11,"1,2,0,12"
8733662261,162,2,12,"1,3,10,2"
8733663289,162,2,12,"3,1,10,9"
8575496833,162,2,1,"1,2,0,10"
8737259223,162,2,1,"2,0,1,4"
8738377672,162,2,1,"2,0,1,25"
8737259575,162,2,1,"1,2,0,4"
8737259717,162,2,1,"2,0,1,4"
2790958479,163,7,15,"3,9,1,17"
2791537579,163,7,15,"3,9,1,10"
2792725173,164,6,1,"2,0,11,6"
6005150656,165,7,12,"1,3,10,9"
4423370209,166,2,16,"1,0,2,18"
10117501804,167,8,3,"1,3,9,5"
10117509114,167,8,3,"2,0,1,27"
10117609496,167,8,3,"2,0,27,26"
9194233283,168,5,15,"3,9,1,10"
9265700406,168,5,15,"3,9,1,10"
9197026404,168,5,15,"1,3,13,12"
9262925853,168,5,15,"1,3,13,12"
2069765403,169,10,12,"10,9,3,1"
2070559568,169,10,12,"3,10,1,9"
2978325050,170,9,1,"3,1,10,9"
2980043732,170,9,21,"3,7,6,1"
2982819840,170,9,21,"1,3,10,2"
2982892914,170,9,21,"3,10,1,9"
2985542022,170,9,3,"2,0,26,11"
8059607976,171,9,20,"1,0,3,61"
8059696474,171,9,20,"1,3,5,0"
8059609588,171,9,20,"1,3,9,35"
8059694246,171,9,20,"3,1,9,10"
8059691214,171,9,20,"1,3,5,58"
9561579102,172,7,6,"1,2,0,12"
9558776327,172,7,6,"1,2,0,4"
9561578986,172,7,6,"1,3,52,9"
9561578762,172,7,6,"3,9,10,1"
9558787659,172,7,6,"1,2,0,26"
9558787425,172,7,6,"1,0,2,26"
9561578264,172,7,6,"1,0,2,26"
9561578022,172,7,6,"3,28,23,21"
9558786825,172,7,6,"3,28,49,23"
9561577544,172,7,6,"3,28,23,18"
9558786481,172,7,6,"3,20,28,23"
9561577172,172,7,6,"3,9,1,10"
9558786015,172,7,6,"3,1,10,9"
9561576752,172,7,6,"3,27,9,10"
9561576544,172,7,6,"1,3,27,10"
9561576354,172,7,6,"3,9,1,10"
9558785205,172,7,6,"3,25,20,11"
9558784787,172,7,6,"3,20,11,1"
9558784543,172,7,6,"3,1,9,10"
9558784295,172,7,6,"3,2,0,1"
9561574978,172,7,6,"3,20,2,28"
9558783749,172,7,6,"2,1,0,3"
9558783535,172,7,6,"2,1,3,0"
9561574114,172,7,6,"3,0,2,11"
9561573894,172,7,6,"3,9,1,10"
9558782889,172,7,6,"3,2,1,20"
9561573466,172,7,6,"2,1,0,25"
9558782473,172,7,6,"3,1,9,10"
9561573046,172,7,6,"3,10,9,20"
9558782059,172,7,6,"3,1,11,0"
9558781859,172,7,6,"3,6,7,11"
9561572470,172,7,6,"1,2,3,25"
9558781541,172,7,6,"3,9,10,1"
9561572206,172,7,6,"3,9,1,10"
9558781177,172,7,6,"2,11,20,6"
5542970157,173,0,17,"9,3,1,10"
5543550928,173,0,17,"9,3,1,10"
5542962937,173,0,17,"9,3,1,10"
4936181316,173,4,1,"2,0,1,4"
9802995653,174,8,1,"2,0,1,4"
9802909595,174,8,1,"2,0,1,4"
9802907835,174,8,1,"2,0,11,6"
9802941226,174,8,1,"2,0,11,6"
9802903355,174,8,1,"2,0,25,11"
4531538594,175,3,12,"1,3,9,10"
4530907073,175,3,12,"1,3,2,22"
3030350415,176,10,20,"3,9,1,17"
3283890405,176,1,20,"3,9,1,34"
3640613679,176,5,20,"3,9,1,10"
3704661858,176,6,20,"3,9,1,10"
3716718178,176,6,16,"3,9,1,17"
3719767270,176,6,16,"3,9,34,1"
3855953886,176,7,0,"3,9,1,10"
3855176241,176,7,0,"3,9,10,1"
3855396683,176,7,0,"3,1,25,11"
3861955615,176,7,16,"3,9,1,10"
3928497809,176,8,20,"3,1,9,10"
4043382020,176,9,4,"3,1,9,17"
4203312096,176,11,16,"1,0,2,27"
4202554343,176,11,16,"1,2,0,22"
4203313816,176,11,16,"1,2,0,22"
4202555459,176,11,16,"1,22,3,0"
4202556005,176,11,16,"1,3,0,22"
4202556387,176,11,16,"1,2,0,27"
4203316024,176,11,16,"1,3,0,9"
4202557815,176,11,16,"3,1,0,8"
4202558151,176,11,16,"1,0,2,3"
4203317822,176,11,16,"9,3,1,10"
4203318190,176,11,16,"9,3,10,1"
4203318614,176,11,16,"3,9,1,33"
4203319176,176,11,16,"3,1,9,17"
4202628582,176,11,16,"3,1,9,14"
4202560559,176,11,16,"3,9,1,10"
4202561311,176,11,16,"1,3,0,7"
4203330616,176,11,22,"1,3,9,10"
4202572281,176,11,22,"1,2,0,12"
4203331862,176,11,22,"1,12,13,2"
4202574325,176,11,22,"1,2,0,10"
4202574661,176,11,0,"1,3,10,9"
4203333884,176,11,0,"9,10,3,1"
4202575741,176,11,0,"3,9,10,1"
4202576973,176,11,0,"1,3,10,22"
4202577499,176,11,0,"1,10,3,9"
4203336740,176,11,0,"1,10,3,2"
4203341806,176,11,0,"9,3,10,1"
4221417909,176,11,3,"9,3,10,1"
4391688422,176,1,16,"3,9,1,10"
4428960458,176,2,15,"1,0,2,4"
4492765193,176,3,15,"3,20,7,6"
5179083262,177,9,12,"3,9,1,10"
5179085228,177,9,12,"1,3,10,9"
5179087322,177,9,12,"1,3,10,9"
5179089158,177,9,12,"1,3,22,10"
5387131663,177,9,2,"3,1,9,10"
5387133275,177,9,2,"1,3,24,0"
5387738344,177,9,2,"3,1,9,10"
5387136159,177,9,2,"3,9,1,10"
5387137451,177,9,2,"1,3,0,2"
5387742070,177,9,2,"3,1,9,10"
5387743348,177,9,2,"3,9,10,1"
5387141389,177,9,2,"3,9,10,1"
5387142785,177,9,2,"9,3,10,1"
5387747104,177,9,2,"9,3,10,1"
5387144869,177,9,2,"3,9,10,1"
5387146187,177,9,2,"3,9,34,10"
5387750368,177,9,2,"3,9,34,1"
5387148167,177,9,2,"3,9,1,17"
5387149305,177,9,2,"9,3,1,10"
5387150811,177,9,2,"1,3,0,2"
5387152205,177,9,2,"3,1,10,9"
5387756946,177,9,2,"1,3,10,22"
5387155175,177,9,2,"3,1,10,9"
5387759196,177,9,2,"1,3,0,35"
5387760262,177,9,2,"9,3,10,17"
5387761386,177,9,2,"3,9,1,10"
5387159403,177,9,2,"3,9,10,1"
5387160287,177,9,2,"9,1,3,10"
5387764824,177,9,2,"3,9,1,10"
5387162649,177,9,2,"9,3,10,1"
5387164061,177,9,2,"3,9,1,10"
5387768690,177,9,2,"3,1,9,10"
5387166515,177,9,2,"3,9,1,10"
5387770936,177,9,2,"9,3,1,17"
5387772164,177,9,2,"0,1,2,26"
5387170205,177,9,2,"3,1,9,0"
5387774502,177,9,2,"3,1,9,22"
5387172275,177,9,2,"9,1,3,43"
5387776516,177,9,2,"3,9,1,10"
5387778480,177,9,2,"9,3,10,1"
5387176265,177,9,2,"9,1,3,10"
5387196193,177,9,3,"1,9,3,10"
5387801618,177,9,3,"3,9,10,1"
5387802648,177,9,3,"9,1,3,10"
5387199785,177,9,3,"9,3,10,1"
5387201035,177,9,3,"3,1,10,9"
5387202265,177,9,3,"10,3,1,9"
5387808152,177,9,3,"3,9,10,1"
5387809282,177,9,3,"10,9,3,1"
5387206417,177,9,3,"3,9,10,1"
5387207727,177,9,3,"9,3,1,10"
5387813462,177,9,3,"10,9,3,1"
5387815076,177,9,3,"10,9,3,1"
5387212055,177,9,3,"3,9,10,1"
5387817858,177,9,3,"3,9,10,1"
5387214801,177,9,3,"3,9,1,10"
10743010783,178,9,1,"7,6,3,8"
3129336076,179,9,6,"3,2,0,20"
3129338810,179,9,6,"3,11,6,1"
3129340440,179,9,6,"2,0,1,7"
10078702165,180,9,16,"3,1,15,9"
9221089636,181,5,1,"2,0,1,4"
8663360669,182,9,1,"1,0,2,31"
8663360205,182,9,1,"3,7,1,6"
5101924664,183,9,1,"2,0,26,20"
5101924760,183,9,1,"2,0,1,4"
5101924898,183,9,1,"2,0,11,6"
5101330689,183,9,1,"1,0,3,2"
5101925262,183,9,1,"2,0,1,31"
5101331017,183,9,1,"2,0,1,4"
5101331135,183,9,1,"2,0,4,11"
5101331249,183,9,1,"0,2,1,25"
5101331365,183,9,1,"1,0,2,3"
5101331571,183,9,1,"3,1,0,2"
5101331739,183,9,1,"3,11,1,6"
5101331861,183,9,1,"2,0,1,25"
5101926364,183,9,1,"3,10,1,9"
5101332287,183,9,1,"1,3,9,43"
5101926750,183,9,1,"0,2,1,6"
5101332807,183,9,1,"3,33,1,9"
4821922383,184,3,7,"10,9,3,1"
8062213126,185,9,5,"1,2,10,0"
