9800881585,0,4,0,"3,4,14,15"
3360238995,1,1,7,"3,4,15,14"
3360246667,1,1,8,"2,4,5,7"
4118789312,2,6,10,"4,5,2,7"
4118020597,2,6,10,"4,5,2,3"
4118792098,2,6,10,"5,2,4,7"
4118024417,2,6,10,"3,4,10,14"
4118030481,2,6,0,"5,4,2,13"
4118032271,2,6,0,"5,2,4,13"
4118810134,2,6,11,"5,2,4,7"
4118041249,2,6,11,"4,5,2,11"
10013979763,3,7,10,"5,2,12,13"
10013919396,3,7,10,"5,2,12,6"
10013926236,3,7,10,"5,2,4,12"
10013865394,3,7,10,"5,2,4,12"
10013874604,3,7,10,"5,2,13,6"
10013881774,3,7,10,"4,2,5,6"
5981285874,4,6,16,"4,5,2,11"
2758244678,5,5,17,"4,3,2,5"
2757411349,5,5,17,"4,3,2,10"
5027746808,6,8,8,"5,2,12,6"
5027133435,6,8,7,"4,3,14,15"
5027752680,6,8,7,"3,14,4,15"
5027754682,6,8,7,"3,4,15,14"
5027756732,6,8,17,"5,2,4,7"
5027758602,6,8,17,"4,2,0,3"
3195185619,7,7,20,"13,5,20,46"
3196553334,7,7,21,"4,5,2,3"
3196021810,7,7,22,"2,5,17,1"
3195176689,7,7,22,"4,2,5,3"
3195175707,7,7,22,"2,5,0,1"
7649927636,8,4,10,"4,15,3,14"
7697042656,8,4,10,"4,3,15,14"
7697081250,8,4,0,"14,4,3,15"
4766938019,9,5,10,"4,10,2,37"
9358256691,10,6,14,"5,2,12,4"
9358259745,10,6,14,"4,2,5,28"
277523461,11,6,8,"4,2,5,7"
277531132,11,6,7,"4,2,5,7"
278363282,11,6,19,"4,5,2,7"
277531135,11,6,7,"4,5,2,11"
277190088,11,6,4,"3,14,4,15"
277523475,11,6,8,"4,2,3,5"
276359065,11,6,20,"2,5,4,6"
279207733,11,6,10,"2,0,4,1"
1922915505,11,6,10,"0,2,3,4"
277531133,11,6,7,"2,5,7,4"
12229773606,12,4,26,"4,2,5,28"
3989642439,13,8,13,"5,4,2,13"
3990396852,13,8,13,"5,13,4,2"
5865750208,14,9,13,"2,5,4,7"
2119226934,15,10,7,"14,3,4,15"
2180008120,15,10,7,"3,14,4,15"
3409961043,16,10,20,"5,13,4,20"
3831203412,16,9,17,"4,5,2,11"
3831212980,16,9,17,"4,5,2,11"
3831218748,16,9,11,"4,5,15,2"
3831222738,16,9,17,"3,4,15,14"
3831229852,16,9,17,"4,3,14,15"
3831236360,16,9,17,"3,14,4,15"
3831243426,16,9,17,"3,15,14,4"
3830456301,16,9,17,"4,5,15,2"
3831261068,16,9,17,"4,5,2,11"
5086783356,17,9,19,"4,3,14,15"
328626911,18,10,15,"4,3,2,10"
328627508,18,10,15,"4,2,5,10"
328628048,18,10,21,"5,2,13,12"
328628832,18,10,25,"4,10,11,5"
328629760,18,10,30,"3,4,15,14"
328631171,18,10,17,"4,5,2,10"
328632037,18,10,7,"2,5,4,10"
328632774,18,10,17,"4,5,2,6"
328633543,18,10,17,"4,3,14,10"
328634163,18,10,17,"14,3,4,10"
11032220843,19,10,8,"3,14,4,15"
3262623003,20,0,17,"5,2,4,12"
8524857356,21,1,25,"5,4,2,6"
8523743081,21,1,25,"5,2,9,0"
8523742965,21,1,31,"4,5,2,19"
8524855692,21,1,0,"4,5,13,2"
3299936665,22,11,10,"3,14,15,4"
3299938853,22,11,10,"3,4,14,15"
3300853528,22,11,0,"5,2,4,13"
3300025153,22,11,0,"4,5,2,10"
3300037523,22,11,7,"4,2,5,11"
3300872364,22,11,11,"4,5,2,7"
3300878570,22,11,8,"5,2,13,4"
3300051413,22,11,8,"4,3,2,14"
7200790010,23,3,31,"4,15,3,14"
7200791126,23,3,31,"3,14,15,9"
7200793500,23,3,13,"5,2,4,7"
7200794084,23,3,7,"4,2,5,10"
7200794482,23,3,17,"4,5,2,7"
7200795092,23,3,7,"5,4,2,10"
7200796066,23,3,17,"5,2,4,17"
7200797068,23,3,17,"4,2,3,14"
7200797800,23,3,7,"4,2,5,19"
7200798804,23,3,17,"5,2,4,7"
7200800228,23,3,1,"4,2,5,10"
7200800696,23,3,1,"4,2,3,5"
7200801148,23,3,1,"5,2,4,7"
730122463,24,5,30,"3,4,14,15"
730129719,24,5,11,"4,5,2,7"
731005696,24,5,11,"4,5,2,7"
731013904,24,5,11,"5,2,8,4"
731020754,24,5,14,"2,5,13,12"
731028856,24,5,14,"5,2,4,13"
730171019,24,5,0,"2,5,4,13"
730178707,24,5,0,"5,2,4,13"
8331497534,25,7,26,"3,4,17,0"
5661707704,26,3,21,"4,15,3,5"
5661708004,26,3,21,"4,5,2,15"
5661140467,26,3,21,"4,5,2,21"
5661140755,26,3,21,"4,3,14,15"
5661140917,26,3,21,"5,4,13,2"
5661141175,26,3,21,"5,3,15,13"
5661141521,26,3,21,"5,13,4,2"
5661142001,26,3,21,"4,5,2,15"
5661709902,26,3,21,"5,4,2,11"
5661710802,26,3,25,"4,10,11,5"
5661144453,26,3,18,"3,5,4,2"
5661144893,26,3,11,"4,5,10,2"
5661712762,26,3,11,"5,13,4,20"
5661713212,26,3,11,"5,13,4,20"
6887190326,27,2,0,"4,5,2,13"
6887193090,27,2,19,"3,14,4,15"
7033288757,27,2,19,"4,3,14,15"
6887194412,27,2,19,"4,2,19,5"
7033293503,27,2,15,"3,4,15,14"
7033294155,27,2,15,"3,14,4,15"
6887200102,27,2,15,"4,2,5,7"
6887203716,27,2,10,"5,2,4,7"
6887204932,27,2,0,"2,4,5,3"
6887205734,27,2,0,"2,5,13,4"
6887206646,27,2,0,"3,9,0,1"
6887207766,27,2,0,"3,14,9,17"
6887208664,27,2,0,"2,5,4,7"
7033304043,27,2,0,"3,4,14,40"
7033304789,27,2,13,"5,2,4,13"
7033305501,27,2,13,"5,2,12,13"
6887211946,27,2,13,"5,2,13,12"
6887212702,27,2,13,"5,13,2,4"
7033308095,27,2,13,"4,5,2,7"
6887223676,27,2,26,"4,2,5,19"
6887261274,27,2,22,"4,3,2,5"
4827672905,28,6,7,"5,4,2,11"
5760410015,29,1,11,"5,4,2,13"
5760431791,29,1,17,"5,2,8,7"
5760450115,29,1,17,"5,2,4,7"
5761522765,29,1,17,"5,2,4,7"
5761528801,29,1,17,"4,2,10,5"
5761538175,29,1,17,"5,2,4,7"
5762091732,29,1,17,"4,5,2,10"
5762099996,29,1,7,"4,3,14,2"
5761565365,29,1,7,"4,5,2,7"
5761570719,29,1,17,"5,4,2,11"
5762120732,29,1,17,"5,2,4,7"
5762126488,29,1,17,"2,5,12,4"
4498107878,30,3,10,"3,4,15,14"
5472269290,31,1,24,"4,5,2,12"
5471678511,31,1,24,"3,14,4,15"
5472272646,31,1,24,"4,14,3,15"
5472273638,31,1,24,"14,22,3,4"
5472274770,31,1,24,"4,14,22,3"
5472275552,31,1,24,"14,3,22,4"
5472276884,31,1,24,"14,3,4,15"
3193099203,32,10,19,"4,3,15,2"
3193945320,32,10,19,"4,3,14,24"
6621475011,33,4,19,"2,5,17,12"
9519660828,34,7,14,"4,3,15,28"
4919579318,35,7,20,"4,2,5,19"
3594613663,36,7,27,"4,5,2,10"
4684839387,37,5,0,"4,2,5,28"
4685472880,37,5,0,"4,2,5,13"
3777091045,38,6,25,"4,5,10,2"
3777089901,38,6,25,"4,10,2,5"
3777085859,38,6,0,"4,3,10,2"
3777888268,38,6,0,"4,2,5,6"
3777084519,38,6,0,"4,5,2,19"
3777886922,38,6,0,"8,0,17,5"
3777885690,38,6,21,"4,5,2,6"
3777081767,38,6,21,"4,5,2,6"
335988716,39,5,22,"4,2,5,10"
335988675,39,5,22,"4,2,10,3"
335988644,39,5,22,"4,2,5,7"
335988608,39,5,22,"2,5,22,4"
335988583,39,5,22,"4,3,2,10"
335988546,39,5,22,"4,5,2,31"
335988511,39,5,22,"3,4,18,14"
335988469,39,5,22,"2,5,4,17"
335988432,39,5,22,"2,5,17,1"
335988392,39,5,22,"5,2,4,17"
335988357,39,5,22,"3,4,8,17"
335988321,39,5,22,"5,2,8,4"
335988291,39,5,22,"2,5,8,17"
335988256,39,5,22,"17,1,32,3"
335988234,39,5,22,"3,4,14,18"
335988198,39,5,22,"3,4,14,18"
335988148,39,5,22,"5,8,2,4"
335988103,39,5,22,"4,14,3,16"
5556926600,40,2,25,"2,5,4,11"
5556957736,40,2,25,"4,2,5,11"
5556762644,40,2,25,"3,4,14,29"
5557043386,40,2,25,"4,2,5,7"
5556347561,40,2,25,"3,4,14,15"
5556933966,40,2,25,"3,14,4,15"
5556936034,40,2,25,"3,4,14,15"
5556937622,40,2,25,"3,14,4,15"
5556939202,40,2,25,"3,14,4,15"
5556356341,40,2,25,"3,14,4,15"
5556942650,40,2,25,"3,4,15,14"
5556944082,40,2,25,"3,4,14,15"
5556945632,40,2,25,"3,4,14,15"
5556362413,40,2,25,"3,14,4,15"
5556948378,40,2,25,"3,14,4,10"
5556364997,40,2,25,"14,3,4,10"
5556951390,40,2,25,"3,4,14,15"
5556930918,40,2,25,"4,3,10,15"
5556369887,40,2,25,"4,3,14,31"
5556955666,40,2,25,"3,14,4,15"
5556956762,40,2,25,"3,4,14,15"
5556929252,40,2,25,"4,3,14,49"
5556970984,40,2,25,"4,2,5,10"
5556972164,40,2,25,"2,5,4,7"
5556388733,40,2,25,"5,4,2,6"
5556390361,40,2,25,"4,3,5,2"
5556976248,40,2,25,"2,5,7,51"
5556977404,40,2,25,"4,5,2,13"
5556978668,40,2,25,"5,2,4,7"
5556395035,40,2,25,"3,4,14,2"
5556396127,40,2,25,"4,3,2,5"
5556397303,40,2,25,"2,4,5,7"
5556983290,40,2,25,"4,5,2,6"
5557023252,40,2,15,"4,2,5,19"
5557024778,40,2,15,"4,3,2,5"
5557027020,40,2,15,"4,2,3,5"
5555477293,40,2,4,"4,5,2,11"
5555478239,40,2,4,"4,3,15,14"
5555479493,40,2,4,"4,3,15,5"
5556068568,40,2,4,"4,3,14,15"
5556997238,40,2,20,"4,5,2,31"
5555475061,40,2,4,"4,5,2,10"
5555476481,40,2,4,"4,5,3,2"
5557015382,40,2,15,"4,3,15,14"
5557014156,40,2,15,"5,2,4,8"
5556431125,40,2,15,"4,2,5,10"
5557017572,40,2,15,"4,2,5,10"
5557019094,40,2,15,"3,2,4,37"
5556459287,40,2,10,"4,5,2,10"
5557045704,40,2,10,"4,2,5,3"
5556069646,40,2,4,"4,5,2,7"
5556396530,40,2,23,"3,4,14,15"
5556474030,40,2,23,"14,3,15,4"
5556473052,40,2,23,"3,14,4,15"
5556481396,40,2,23,"14,3,4,15"
5555912601,40,2,23,"3,14,4,15"
5556414392,40,2,23,"3,14,15,4"
5555830303,40,2,23,"3,4,14,15"
5555887259,40,2,23,"3,4,14,15"
5556489784,40,2,23,"14,3,15,4"
5556480444,40,2,23,"3,14,4,15"
5556492860,40,2,23,"3,14,4,25"
5555901969,40,2,23,"4,3,14,15"
5555899227,40,2,23,"3,14,4,37"
5556450794,40,2,23,"3,4,14,15"
5556452148,40,2,23,"3,14,4,16"
5556453164,40,2,23,"4,3,15,14"
5556454210,40,2,23,"3,4,14,15"
5556455222,40,2,23,"3,14,4,15"
5555886227,40,2,23,"3,14,4,15"
5555833961,40,2,23,"3,14,4,45"
5555832643,40,2,23,"4,14,3,15"
5556502424,40,2,23,"3,14,4,15"
5555815555,40,2,23,"3,14,15,4"
5555818599,40,2,23,"3,14,4,15"
5556401826,40,2,23,"3,14,15,4"
5555821899,40,2,23,"3,14,15,24"
5556408012,40,2,23,"3,4,15,14"
5556460840,40,2,23,"3,4,14,15"
5556462338,40,2,23,"4,3,15,5"
5556413602,40,2,23,"3,14,4,15"
5556464424,40,2,23,"14,3,4,15"
5555835547,40,2,23,"4,3,14,5"
5555884255,40,2,23,"3,14,9,4"
5555880467,40,2,23,"14,3,4,15"
5556397816,40,2,23,"3,14,4,15"
5556497864,40,2,23,"3,14,4,15"
5555851331,40,2,23,"3,14,4,15"
5556416648,40,2,23,"3,14,4,15"
5555881529,40,2,23,"3,14,4,15"
5555878373,40,2,23,"3,14,4,15"
5555919535,40,2,23,"3,14,4,15"
5556408976,40,2,23,"14,3,4,15"
5555826465,40,2,23,"4,3,14,55"
5556431478,40,2,23,"14,3,4,15"
5555916537,40,2,23,"14,3,4,15"
5555882839,40,2,23,"3,14,4,15"
5555827407,40,2,23,"14,3,4,15"
5555849913,40,2,23,"4,3,15,14"
5555871471,40,2,23,"4,3,14,15"
5556457926,40,2,23,"4,3,14,15"
5555874745,40,2,23,"3,14,4,15"
5555911687,40,2,23,"4,3,14,15"
5556420002,40,2,23,"14,3,15,4"
2992730385,41,9,12,"4,3,2,25"
7667867034,42,6,23,"3,9,14,17"
7705322282,42,7,30,"3,14,4,15"
7709859758,42,7,4,"3,39,14,9"
7709874852,42,7,4,"3,14,4,15"
7726545962,42,7,30,"4,3,5,2"
7753660126,42,7,33,"4,5,2,28"
7807479916,42,7,26,"4,3,19,27"
7871498062,42,7,23,"4,5,2,6"
7913555100,42,8,28,"3,4,14,15"
7937740606,42,8,4,"3,14,15,4"
7962320988,42,8,4,"3,14,4,22"
8015457299,42,8,33,"3,14,4,15"
8015754782,42,8,33,"3,9,15,14"
8035814557,42,8,30,"3,14,15,38"
8035871546,42,8,30,"3,14,15,4"
8047471466,42,9,30,"3,14,15,4"
1570372650,43,9,15,"4,14,3,15"
6173156071,44,0,31,"4,3,34,5"
5043443667,45,8,0,"4,5,15,13"
5043443669,45,8,25,"4,10,11,5"
5043443679,45,8,25,"4,11,10,30"
5043454769,45,8,28,"4,3,15,14"
5043454771,45,8,10,"3,14,15,4"
5043454775,45,8,0,"5,2,4,10"
5043454781,45,8,0,"5,2,4,7"
5848141311,46,3,1,"5,2,4,12"
5848142013,46,3,1,"2,5,4,7"
5848142705,46,3,8,"2,5,4,7"
5848143245,46,3,8,"5,2,4,17"
5848702008,46,3,7,"4,5,2,11"
5848144547,46,3,7,"2,5,4,8"
5848703052,46,3,7,"5,2,4,12"
5848703766,46,3,17,"4,5,2,10"
5848146019,46,3,17,"3,14,4,15"
5848704674,46,3,17,"14,4,3,15"
5848147373,46,3,17,"14,3,4,15"
5848705834,46,3,17,"4,5,2,7"
5848706566,46,3,17,"2,5,17,8"
5848149363,46,3,17,"2,5,4,7"
5848150169,46,3,17,"4,3,2,5"
5848709066,46,3,17,"5,4,2,10"
5848709770,46,3,17,"5,2,4,7"
5848152385,46,3,17,"4,5,2,10"
5530519172,47,2,12,"5,2,8,4"
5530520264,47,2,8,"5,2,4,12"
5530521854,47,2,8,"5,2,4,12"
5530585212,47,2,12,"5,2,4,12"
3623423784,48,5,5,"4,5,2,15"
3623425758,48,5,5,"4,5,2,3"
3622607257,48,5,5,"4,10,5,3"
3622609035,48,5,5,"4,5,10,2"
3623430784,48,5,5,"4,5,2,3"
3623431916,48,5,5,"4,3,5,15"
3623433770,48,5,5,"4,5,2,13"
3695642194,48,6,11,"4,5,2,10"
3699054530,48,6,11,"2,5,4,11"
3826589934,48,7,7,"4,3,14,2"
3825792755,48,7,7,"4,2,5,3"
3826593228,48,7,7,"4,3,2,0"
3826595346,48,7,7,"4,2,5,10"
3825800301,48,7,7,"4,5,2,3"
3825802983,48,7,7,"2,4,5,10"
3826603156,48,7,7,"5,2,4,7"
3825806633,48,7,7,"4,2,3,5"
3826608710,48,7,7,"5,4,2,7"
3826611598,48,7,7,"4,2,5,11"
3826613156,48,7,7,"5,2,4,6"
3827287317,48,7,7,"5,2,4,6"
3825817579,48,7,17,"5,4,2,7"
3826620352,48,7,17,"5,2,4,6"
3826621718,48,7,17,"5,2,6,7"
3826623596,48,7,17,"5,2,7,6"
3825828177,48,7,7,"3,9,14,17"
3825832557,48,7,7,"5,2,4,10"
3825833999,48,7,7,"5,2,4,6"
3825836893,48,7,7,"5,2,4,6"
3825839147,48,7,7,"4,2,5,10"
3825852311,48,7,7,"4,3,24,14"
3826653478,48,7,17,"2,5,4,19"
3826656056,48,7,17,"3,4,23,2"
3826663198,48,7,8,"4,2,5,19"
3826665080,48,7,8,"4,2,5,6"
3828090572,48,7,8,"5,4,2,6"
3827294931,48,7,8,"5,2,6,4"
3826712600,48,7,1,"5,2,4,6"
3825916207,48,7,1,"5,2,12,6"
3825921897,48,7,1,"2,5,4,7"
3826722346,48,7,1,"2,5,4,7"
3826724524,48,7,1,"5,2,4,13"
3825927813,48,7,1,"4,5,2,12"
3825944123,48,7,1,"5,2,4,12"
3825950141,48,7,1,"4,3,2,10"
3826755696,48,7,1,"4,2,5,7"
3828102496,48,7,1,"4,5,2,6"
3826762992,48,7,1,"4,5,2,10"
3826765332,48,7,1,"4,2,5,10"
3826770518,48,7,8,"4,3,5,2"
3827306495,48,7,8,"12,5,2,9"
3825985815,48,7,8,"3,4,25,18"
3825988889,48,7,8,"4,2,5,18"
4041481213,48,9,17,"4,5,13,2"
4041482195,48,9,17,"4,5,15,13"
4053151863,48,9,17,"4,5,10,2"
4053153791,48,9,17,"15,4,3,14"
4053896090,48,9,17,"5,4,2,15"
4053156119,48,9,17,"5,4,2,10"
4041483319,48,9,17,"4,5,15,2"
4042230476,48,9,17,"4,5,15,10"
4053157641,48,9,17,"4,5,2,11"
4053901158,48,9,17,"4,3,14,15"
4053902284,48,9,17,"4,5,2,10"
4042231250,48,9,17,"4,5,15,10"
4179650518,48,11,10,"4,3,15,33"
4179651908,48,11,10,"3,4,15,14"
4178891539,48,11,10,"3,4,15,14"
4178893179,48,11,10,"5,4,2,7"
4178894461,48,11,10,"3,14,4,15"
4179657576,48,11,10,"3,4,14,15"
4179658840,48,11,10,"3,14,4,15"
4178898259,48,11,10,"15,3,14,4"
4178899353,48,11,10,"5,4,2,7"
4179662138,48,11,10,"3,15,4,14"
4178901333,48,11,10,"3,15,14,4"
4178902565,48,11,10,"3,15,4,14"
4178904093,48,11,10,"3,14,15,4"
4178905837,48,11,10,"3,4,15,14"
2873081089,49,8,17,"5,4,2,7"
4597559797,50,4,10,"4,5,2,10"
4598176492,50,4,10,"5,2,4,0"
4598177096,50,4,10,"5,2,0,1"
4597561829,50,4,10,"4,3,14,15"
4598178366,50,4,10,"5,2,4,7"
4597563069,50,4,10,"5,2,4,6"
4598179616,50,4,10,"5,4,2,10"
4598180238,50,4,10,"2,4,5,0"
4597564963,50,4,10,"5,4,2,10"
4598181876,50,4,10,"5,4,2,10"
4597566635,50,4,10,"5,4,2,10"
4601894311,50,4,21,"3,4,14,10"
4602515794,50,4,21,"4,5,2,15"
4644372205,50,4,10,"3,4,15,14"
5209572645,51,10,20,"4,2,5,31"
5209264979,51,10,5,"4,5,2,27"
5209572269,51,10,20,"3,4,14,15"
5210018432,51,10,20,"2,5,4,12"
5209613051,51,10,4,"3,9,14,17"
3801130650,52,2,10,"4,2,5,10"
3800326935,52,2,10,"4,2,5,28"
3801152114,52,2,10,"4,3,2,5"
3801268064,52,2,17,"2,5,4,6"
3800454865,52,2,17,"4,3,14,10"
3801282960,52,2,17,"5,2,12,7"
3800473023,52,2,7,"4,3,2,10"
3911679333,53,8,4,"4,2,5,3"
4888697839,54,7,25,"4,2,5,11"
4769218839,55,5,5,"2,5,4,17"
5043990253,56,8,4,"4,3,15,14"
4384790475,57,1,25,"4,5,2,11"
4367909885,57,1,25,"4,11,2,5"
2138239176,58,9,24,"5,4,2,6"
1579110175,58,9,16,"2,5,4,10"
1550714117,58,9,24,"4,5,2,6"
4547135517,59,3,15,"3,4,22,14"
4547769060,59,3,10,"2,5,4,13"
3893009212,60,8,24,"5,2,12,4"
7781658958,61,7,7,"2,5,12,9"
7851342446,61,7,22,"5,4,2,7"
7851244802,61,7,22,"2,5,1,17"
7851249912,61,7,22,"5,2,4,7"
7851252266,61,7,22,"2,5,6,9"
7851254600,61,7,22,"2,5,4,6"
7851257516,61,7,22,"2,4,5,3"
7851259962,61,7,22,"3,4,14,15"
7851262476,61,7,22,"5,8,2,4"
2403426451,62,3,13,"3,4,2,5"
2404258210,62,3,13,"3,14,4,15"
2403436275,62,3,13,"5,2,4,8"
2404267240,62,3,13,"5,2,4,12"
2403444163,62,3,0,"5,2,13,20"
2404275428,62,3,13,"2,5,4,12"
2403453613,62,3,0,"4,8,2,5"
2403457297,62,3,13,"3,4,14,55"
2404290030,62,3,13,"3,4,14,2"
2404304424,62,3,0,"4,5,2,10"
2403484217,62,3,13,"4,5,2,12"
2404315994,62,3,13,"3,14,4,25"
2404319566,62,3,13,"3,14,4,15"
2403496043,62,3,8,"4,2,5,3"
2403501453,62,3,8,"3,14,4,15"
2404333516,62,3,8,"3,14,15,22"
1544993694,63,9,4,"3,4,14,15"
2766849906,64,7,10,"3,4,14,15"
2766012811,64,7,21,"4,3,5,2"
2766013567,64,7,13,"4,5,13,2"
2766014543,64,7,13,"5,4,2,13"
12506061585,65,1,34,"14,3,4,15"
12506051945,65,1,34,"3,14,4,55"
12506529604,65,1,34,"3,14,15,4"
12507527725,65,1,23,"4,3,15,24"
12864169843,65,1,23,"4,3,15,24"
12864442354,65,1,23,"14,15,4,3"
12507634783,65,1,23,"14,15,4,3"
12507647973,65,1,23,"3,15,14,4"
12864088725,65,1,23,"3,15,14,4"
12864088295,65,1,23,"4,3,15,14"
12507527795,65,1,23,"4,3,15,14"
12864168853,65,1,23,"3,15,4,14"
12507647873,65,1,23,"3,15,4,14"
12864515394,65,1,23,"4,3,15,5"
12508004764,65,1,23,"4,3,15,5"
12507525745,65,1,23,"3,4,14,15"
12864513144,65,1,23,"3,4,14,15"
12508002884,65,1,23,"3,4,15,14"
12864082145,65,1,23,"3,4,15,14"
12864506554,65,1,23,"15,3,14,4"
12507524595,65,1,23,"15,3,14,4"
12864504574,65,1,23,"15,3,4,14"
12508002114,65,1,23,"15,3,4,14"
12864155023,65,1,23,"3,15,14,4"
12508002094,65,1,23,"3,15,14,4"
12864072525,65,1,23,"4,3,15,14"
12507523895,65,1,23,"4,3,15,14"
12507643973,65,1,23,"4,15,3,14"
12864070385,65,1,23,"4,15,3,14"
12864015395,65,1,23,"14,3,15,4"
12507992414,65,1,23,"14,3,15,4"
12864067665,65,1,23,"14,3,15,4"
12507523395,65,1,23,"14,3,15,4"
12507634463,65,1,23,"3,14,15,4"
12864440344,65,1,23,"3,14,15,4"
6703956083,66,11,4,"3,4,15,14"
10296129004,67,6,11,"5,4,2,13"
10296235665,67,6,11,"4,5,2,10"
10296138294,67,6,14,"5,4,2,13"
10296357713,67,6,13,"5,2,4,7"
10296366803,67,6,20,"5,2,4,7"
10296153564,67,6,20,"5,2,4,8"
10296253516,67,6,20,"5,4,2,7"
10296375533,67,6,20,"5,2,12,17"
10296377183,67,6,19,"4,3,15,5"
10296162254,67,6,19,"14,15,3,4"
10296267895,67,6,19,"15,3,4,14"
10296166974,67,6,19,"3,22,4,14"
10296272375,67,6,19,"2,5,4,17"
10296387633,67,6,19,"4,2,5,7"
10296272086,67,6,19,"4,5,2,7"
10296391753,67,6,19,"4,2,5,7"
10296178284,67,6,19,"4,5,2,10"
10296403233,67,6,11,"3,4,10,14"
10296404803,67,6,11,"4,3,14,15"
10296288346,67,6,11,"4,3,15,14"
2133621016,68,11,10,"3,4,14,15"
7160787517,69,5,1,"5,2,4,6"
8125604264,70,9,21,"4,5,2,13"
53701329,71,0,0,"4,2,5,7"
58155764,71,0,2,"3,4,1,2"
53701332,71,0,0,"4,2,5,10"
60343033,71,0,24,"2,5,4,7"
53068320,71,0,4,"3,4,14,15"
51620867,71,0,31,"4,3,10,2"
58207553,71,0,2,"4,3,10,11"
53974764,71,0,24,"4,3,14,27"
53068317,71,0,4,"4,3,2,10"
53744651,71,0,0,"3,14,4,15"
61210541,71,0,16,"4,2,5,47"
52739454,71,0,30,"4,2,5,6"
60343031,71,0,24,"2,5,4,1"
59107592,71,0,26,"4,3,10,14"
53068319,71,0,4,"3,1,17,32"
53701330,71,0,0,"4,5,2,10"
53701331,71,0,0,"4,5,2,10"
57183311,71,0,11,"4,2,5,3"
52739456,71,0,30,"3,0,4,14"
61330488,71,0,15,"4,5,10,3"
53068321,71,0,4,"3,4,14,15"
57463283,71,0,30,"4,5,2,10"
58155767,71,0,2,"3,4,14,15"
51639376,71,0,31,"3,14,4,37"
57183307,71,0,6,"4,3,15,0"
52768730,71,0,15,"3,4,2,17"
53974761,71,0,24,"3,4,14,2"
53701333,71,0,0,"4,2,5,3"
58155762,71,0,9,"5,4,2,10"
60343034,71,0,24,"2,4,5,11"
60343030,71,0,25,"4,2,19,5"
51620868,71,0,31,"3,4,14,15"
61210540,71,0,16,"3,14,4,15"
53974765,71,0,24,"3,14,15,4"
52098551,71,0,25,"4,3,10,14"
58155765,71,0,2,"4,3,14,10"
52739458,71,0,30,"3,4,2,0"
60343037,71,0,16,"4,3,14,15"
58207549,71,0,3,"4,5,2,7"
51639375,71,0,31,"3,4,14,15"
58155759,71,0,9,"5,2,4,11"
58207552,71,0,3,"2,5,4,17"
3145081792,72,11,7,"5,4,2,11"
3145079042,72,11,17,"4,2,5,7"
3144247817,72,11,17,"2,5,4,7"
3144244951,72,11,17,"4,5,2,11"
3145070234,72,11,17,"3,4,14,15"
3145067402,72,11,17,"3,4,25,18"
3144235423,72,11,17,"3,4,18,14"
3144231491,72,11,17,"4,3,2,25"
3144227657,72,11,7,"14,3,4,15"
3145053376,72,11,7,"4,3,14,10"
3145050620,72,11,7,"3,14,4,15"
3145048082,72,11,7,"4,3,15,14"
3145044910,72,11,7,"4,3,15,14"
3145042356,72,11,7,"15,4,3,14"
3144211533,72,11,8,"5,2,4,13"
3145037682,72,11,8,"2,5,4,12"
3145035224,72,11,8,"4,5,2,7"
3144204125,72,11,8,"3,4,14,2"
3144199011,72,11,8,"3,2,17,5"
3144194275,72,11,8,"3,0,1,9"
4455714472,73,2,25,"3,14,4,22"
6157348234,74,8,13,"4,3,5,15"
6160139825,74,8,28,"3,4,14,15"
6057422659,75,7,25,"4,5,2,10"
5391099387,76,0,7,"4,5,2,10"
2763134517,77,7,5,"4,2,5,8"
433788204,78,2,10,"5,2,0,1"
3179238833,79,1,24,"4,5,2,10"
352032763,80,11,15,"4,3,10,2"
349603070,80,11,15,"3,4,14,15"
8634574026,81,6,27,"4,2,37,5"
2665863910,82,5,34,"3,14,4,15"
11371446196,83,7,11,"5,4,2,11"
11371470644,83,7,11,"4,5,8,2"
11371403195,83,7,18,"3,4,1,0"
11371530273,83,7,18,"3,4,25,14"
8495430001,84,1,0,"14,15,4,3"
8495429801,84,1,0,"14,3,15,4"
8495429577,84,1,0,"14,4,3,16"
8495429437,84,1,0,"14,4,15,3"
8495428777,84,1,0,"14,3,4,15"
8496531766,84,1,8,"4,5,2,13"
8495427911,84,1,8,"3,4,14,2"
8496531104,84,1,8,"3,4,2,5"
8496529958,84,1,8,"2,5,3,4"
8497891129,84,1,8,"5,2,4,7"
8497890601,84,1,8,"4,5,2,6"
8498994694,84,1,8,"2,4,5,7"
8497890051,84,1,7,"5,2,4,13"
10245835164,85,8,19,"14,4,3,15"
2170455348,86,3,22,"2,5,4,6"
2176962375,87,11,8,"4,5,2,11"
2176962673,87,11,8,"4,5,2,11"
2177754046,87,11,8,"2,4,5,7"
2176963359,87,11,8,"5,2,12,4"
2177754708,87,11,8,"4,2,5,7"
2177755048,87,11,8,"4,2,5,11"
2176964587,87,11,8,"4,2,5,11"
2176965057,87,11,8,"3,4,2,14"
2176965429,87,11,8,"4,2,5,3"
2176965809,87,11,8,"4,2,5,19"
2176966357,87,11,8,"4,3,2,5"
2177757766,87,11,8,"4,5,2,11"
2176967185,87,11,8,"4,5,2,11"
2177758766,87,11,8,"4,3,14,10"
2176968197,87,11,8,"2,4,3,5"
2177759848,87,11,8,"4,3,15,14"
2177760402,87,11,8,"3,4,14,15"
2177760948,87,11,8,"3,4,14,10"
2176970217,87,11,8,"4,3,14,15"
2177761786,87,11,8,"3,4,14,15"
2176971011,87,11,8,"3,4,14,15"
8844731813,88,5,7,"4,5,2,7"
8845354322,88,5,7,"5,2,4,6"
3842757971,89,5,21,"4,3,14,15"
380574797,90,9,0,"5,2,4,7"
5854678946,91,4,17,"15,4,3,14"
7485800284,92,3,25,"3,4,14,15"
3976907720,93,8,10,"4,3,14,15"
3039246618,94,10,21,"3,4,2,5"
3549807172,95,4,20,"4,5,2,7"
3558891699,95,4,27,"5,2,4,7"
3559703484,95,4,29,"5,2,12,7"
3559704396,95,4,28,"2,5,4,21"
3559706494,95,4,21,"5,2,4,1"
3559707562,95,4,1,"4,3,2,10"
3558898007,95,4,8,"2,4,5,17"
9168147078,96,5,19,"5,2,17,4"
9168146704,96,5,19,"5,4,2,17"
9165925217,96,5,19,"5,4,2,6"
9168146724,96,5,19,"4,5,27,19"
9168145620,96,5,19,"4,5,2,19"
9165924155,96,5,24,"4,5,2,19"
9168144852,96,5,24,"4,5,2,6"
9168145256,96,5,24,"5,4,2,12"
7944183198,97,8,15,"4,3,14,15"
2948312212,98,8,0,"5,8,17,4"
5625269228,99,3,4,"4,5,2,10"
5624676037,99,3,4,"4,2,10,5"
5625272248,99,3,4,"4,5,10,2"
5625603234,99,3,4,"4,2,5,19"
5632325623,99,3,4,"4,3,5,2"
5624483608,99,3,4,"3,4,14,2"
5624479832,99,3,4,"3,4,14,15"
5624477942,99,3,4,"3,4,15,14"
5624475720,99,3,4,"4,14,3,15"
5624470996,99,3,4,"4,3,14,15"
5623875345,99,3,4,"3,4,14,31"
5624469222,99,3,4,"3,4,14,15"
5624466636,99,3,4,"3,4,15,14"
5624473308,99,3,4,"3,4,15,14"
5624462470,99,3,4,"3,15,4,14"
5624459962,99,3,4,"3,4,14,1"
5623892609,99,3,4,"3,4,14,42"
5625608428,99,3,15,"4,3,15,14"
5632985624,99,3,15,"4,3,14,15"
5632981606,99,3,15,"3,4,2,18"
5632979318,99,3,15,"4,3,14,15"
5625605836,99,3,15,"3,15,14,4"
5625596844,99,3,15,"3,4,14,15"
5632942936,99,3,15,"3,4,14,2"
5632939908,99,3,15,"3,4,14,15"
5632937112,99,3,15,"3,4,15,14"
5632374537,99,3,0,"4,2,5,3"
5632377917,99,3,0,"3,4,14,25"
5632954950,99,3,0,"4,10,5,2"
5632951872,99,3,0,"4,3,10,14"
5632281611,99,3,0,"3,4,14,15"
5625572164,99,3,0,"3,4,14,15"
5624978385,99,3,0,"4,3,14,15"
5630743841,99,3,13,"2,4,5,13"
5630741359,99,3,21,"2,5,12,13"
5632413323,99,3,8,"3,4,14,15"
5625565418,99,3,8,"3,14,4,15"
5625559552,99,3,8,"4,5,2,13"
5624966129,99,3,8,"5,4,2,12"
5625538938,99,3,8,"3,2,1,0"
5625542486,99,3,8,"5,2,4,17"
5632421825,99,3,8,"4,2,5,10"
5625534306,99,3,1,"4,2,3,5"
5633007810,99,3,1,"3,4,2,14"
5632428509,99,3,1,"3,14,4,15"
5632444193,99,3,1,"4,2,3,25"
5633034004,99,3,1,"3,4,14,15"
5632447471,99,3,1,"3,14,37,4"
5632998262,99,3,1,"4,2,3,5"
5632418777,99,3,1,"4,3,14,10"
5633023966,99,3,1,"3,4,14,15"
5632434927,99,3,1,"3,4,14,25"
5043829891,100,8,31,"3,14,4,15"
4316638848,101,0,13,"4,5,15,19"
5167564130,102,10,10,"3,14,4,22"
7069124511,103,3,19,"14,4,3,16"
6923046074,103,3,19,"14,4,3,15"
6923047640,103,3,19,"14,3,4,15"
7069128453,103,3,19,"14,3,4,15"
7069129411,103,3,19,"14,3,4,16"
7069130065,103,3,19,"14,4,3,15"
6923051380,103,3,19,"14,3,4,23"
7069132387,103,3,19,"14,4,3,15"
6923053882,103,3,28,"14,3,4,15"
7069135313,103,3,28,"3,4,14,15"
6923056688,103,3,28,"3,15,14,4"
7075616555,103,3,5,"4,5,27,19"
6923058100,103,3,5,"4,2,5,19"
7085784539,103,3,5,"5,2,4,7"
6980894210,103,3,5,"5,2,4,8"
6923108396,103,3,5,"5,2,4,8"
6932224266,103,3,5,"4,3,14,10"
7078300593,103,3,5,"3,4,14,15"
7078302313,103,3,5,"3,14,4,15"
7078303441,103,3,5,"3,14,4,15"
8271595732,103,3,5,"4,3,15,14"
7078305041,103,3,5,"3,14,15,4"
7078306337,103,3,5,"3,14,15,4"
8270531665,103,3,5,"3,4,5,6"
6932232892,103,3,5,"3,14,4,15"
7078309187,103,3,5,"3,14,15,4"
6932236296,103,3,5,"3,14,4,15"
7078312633,103,3,5,"3,14,4,15"
7078314329,103,3,5,"4,14,3,15"
7069139219,103,3,5,"4,2,5,19"
6923060790,103,3,28,"2,4,5,3"
7069141987,103,3,28,"3,4,14,2"
7069143243,103,3,28,"3,4,14,39"
6923064342,103,3,28,"3,4,14,15"
7069145129,103,3,28,"4,3,14,15"
6923066342,103,3,28,"4,3,14,15"
6923068006,103,3,28,"3,14,4,15"
6923069490,103,3,28,"3,5,2,39"
7069150685,103,3,28,"14,3,4,15"
6923072860,103,3,28,"3,4,14,15"
6923074592,103,3,28,"3,14,15,4"
6923076492,103,3,28,"3,14,4,15"
7069157703,103,3,28,"3,4,14,39"
6923079722,103,3,28,"4,3,14,15"
7069160291,103,3,28,"3,14,4,15"
7069162159,103,3,28,"3,4,14,60"
7069163607,103,3,28,"3,4,14,37"
7069164849,103,3,28,"3,9,2,5"
7069166015,103,3,28,"4,3,14,15"
6923088280,103,3,28,"14,3,15,4"
7069168509,103,3,28,"14,3,15,4"
6923090588,103,3,28,"4,3,14,15"
7069171213,103,3,28,"3,4,14,15"
7069173057,103,3,28,"3,4,14,15"
7069174845,103,3,28,"14,3,4,15"
6923097202,103,3,28,"4,2,8,5"
7069110283,103,3,28,"14,3,4,15"
7140708941,103,3,28,"4,5,2,7"
7074927375,103,3,28,"2,4,5,7"
2396605889,104,9,13,"5,2,4,0"
10500234676,105,9,29,"2,5,17,1"
12124303704,106,0,0,"4,5,2,28"
4701919939,107,4,19,"3,4,15,14"
8670823790,108,2,11,"3,14,15,4"
5266101064,109,10,10,"3,15,14,4"
5265494179,109,10,10,"3,14,52,22"
5265494295,109,10,10,"3,4,14,15"
5266101302,109,10,10,"15,3,14,4"
5265494463,109,10,10,"3,4,15,14"
5266101486,109,10,10,"3,4,14,8"
5265494661,109,10,10,"3,4,14,15"
5265494795,109,10,10,"3,4,14,15"
5266101772,109,10,10,"3,14,29,4"
4544138974,110,0,24,"4,3,2,5"
4543507871,110,3,0,"5,2,4,12"
4543509171,110,3,0,"5,2,4,7"
4543510227,110,3,0,"4,2,5,7"
4543511143,110,3,13,"5,2,4,13"
4544144302,110,3,13,"5,2,4,13"
4544145406,110,3,10,"4,3,2,5"
4543514335,110,3,10,"4,3,2,22"
4544147872,110,3,10,"4,3,2,14"
8552972568,111,1,6,"4,5,2,10"
6937435002,112,3,30,"4,2,5,19"
6937449806,112,3,5,"5,4,2,6"
2978114957,113,9,11,"4,5,13,2"
2978116617,113,9,13,"4,5,2,28"
2978974666,113,9,13,"4,5,28,2"
2978976512,113,9,13,"5,13,4,2"
2978147381,113,9,15,"4,2,5,19"
328454226,114,11,24,"2,4,5,10"
2617530357,115,7,17,"4,5,2,13"
4450477600,116,2,16,"4,3,10,15"
10462125176,117,0,25,"3,14,15,4"
10275185925,117,0,3,"4,5,2,7"
10358234716,117,0,7,"4,5,2,11"
4550075404,118,3,9,"5,2,17,8"
7765254516,119,5,13,"5,4,2,7"
2348736906,120,2,10,"4,5,2,13"
2346538167,120,2,10,"5,13,4,2"
3650550303,120,5,17,"4,14,3,10"
3650554845,120,5,17,"5,2,4,7"
3650560399,120,5,17,"4,2,5,11"
3650580331,120,5,8,"4,5,2,3"
3650593739,120,5,13,"5,13,2,4"
3651140467,120,5,13,"4,5,13,2"
3654543074,120,5,25,"4,2,5,11"
3657980384,120,5,18,"8,5,2,4"
3654553446,120,5,18,"3,2,0,1"
3655372256,120,5,7,"4,3,2,23"
3654618651,120,5,7,"4,2,5,3"
3655427710,120,5,7,"4,2,3,5"
3654702536,120,5,7,"4,3,2,5"
3654711614,120,5,7,"4,2,3,5"
3654716922,120,5,17,"2,5,4,7"
11668614785,121,0,0,"5,2,4,12"
5719285862,122,3,13,"2,5,4,7"
46215759,123,8,19,"4,2,3,5"
46215795,123,8,23,"4,2,5,3"
46215919,123,8,34,"4,2,5,10"
46215974,123,8,4,"4,3,15,45"
46216021,123,8,20,"5,4,2,6"
46216073,123,8,20,"4,3,2,28"
5734592297,124,7,16,"3,4,2,17"
5734592529,124,7,16,"3,17,1,32"
5734592909,124,7,16,"3,17,1,0"
3866975582,125,7,33,"14,3,15,4"
3866191393,125,7,33,"3,14,4,15"
5364335187,125,0,16,"10,3,4,2"
5364945626,125,0,16,"4,3,14,34"
4629456997,126,4,19,"4,2,5,7"
4629457819,126,4,19,"4,2,5,6"
4629459947,126,4,0,"2,5,8,4"
4630061998,126,4,8,"5,2,4,7"
4629461943,126,4,8,"5,2,4,7"
4630064666,126,4,8,"2,5,1,17"
4629464451,126,4,8,"5,2,4,13"
4629465767,126,4,8,"5,2,4,8"
2870752393,127,7,11,"3,14,4,15"
2870752589,127,7,11,"5,2,4,6"
4794785436,128,6,36,"5,2,7,4"
3446284631,129,3,1,"17,1,0,32"
3012582861,130,10,30,"4,3,15,14"
3012582865,130,10,30,"3,4,14,10"
2785754729,131,5,35,"3,0,1,17"
4943998106,132,7,5,"0,1,5,3"
4943998214,132,7,5,"0,1,5,4"
2539394841,133,3,29,"5,2,4,12"
3299932927,134,1,2,"4,10,3,2"
7006862577,135,8,1,"3,4,14,15"
7006886235,135,8,7,"4,5,2,11"
6860783568,135,8,7,"4,3,14,10"
9129313900,136,5,29,"5,2,7,12"
9129315524,136,5,27,"5,2,12,9"
3925633622,137,8,19,"3,4,14,22"
8147192945,138,10,8,"5,4,2,13"
4770567187,139,5,4,"4,27,19,28"
2014818420,140,10,10,"4,3,10,15"
9230085267,141,6,0,"14,3,15,4"
4663481927,142,4,4,"3,34,4,14"
2808884566,143,7,13,"3,14,15,4"
2825762446,144,8,8,"5,2,4,12"
2371244556,145,4,1,"4,2,5,8"
6903921689,146,1,7,"4,5,2,6"
6908699851,146,1,17,"5,6,4,2"
6908700441,146,1,17,"5,12,2,6"
6908701065,146,1,17,"5,6,2,4"
8075065131,147,9,31,"4,5,2,10"
8075067559,147,9,31,"3,4,14,15"
8075073371,147,9,31,"3,14,4,15"
7901224500,148,7,25,"3,14,4,22"
8326485236,149,9,19,"3,4,15,0"
8325426863,149,9,25,"3,14,4,15"
4407684904,150,4,14,"5,2,13,4"
3804371347,150,1,10,"4,5,2,12"
3334294440,150,2,0,"5,4,3,2"
3435631110,150,3,8,"4,2,5,3"
4412485236,150,7,24,"5,2,4,6"
4037357119,150,9,16,"4,5,2,3"
1900690304,151,10,8,"3,4,14,15"
7652756152,152,4,0,"0,3,5,8"
2248730589,153,1,32,"3,14,15,4"
2249510160,153,1,29,"5,2,9,17"
2248714047,153,1,7,"3,4,15,14"
2248715569,153,1,27,"5,2,4,6"
2249514540,153,1,28,"3,4,14,15"
2248744199,153,1,28,"4,3,14,15"
2248742567,153,1,15,"15,4,3,14"
4215658826,154,10,16,"14,3,4,15"
4206372828,155,11,8,"5,4,2,10"
4901971227,156,7,31,"3,14,4,15"
4902558122,156,7,31,"3,4,14,25"
4902567658,156,7,31,"3,4,15,14"
4901990615,156,7,0,"3,4,14,15"
4902582524,156,7,0,"4,2,5,7"
4902586780,156,7,0,"4,2,5,10"
4902601166,156,7,8,"3,4,14,15"
4902038931,156,7,18,"3,14,4,15"
4902632206,156,7,18,"4,2,5,37"
4902050305,156,7,18,"3,4,18,25"
4902056363,156,7,18,"4,2,5,3"
4902059715,156,7,18,"4,5,2,7"
4901971283,156,7,31,"4,3,14,15"
4902572602,156,7,25,"5,2,4,6"
4901988825,156,7,0,"3,4,1,2"
10763932803,157,10,19,"4,3,15,14"
12128382443,158,11,10,"4,3,5,15"
12278912133,158,11,0,"4,3,15,5"
11799339134,158,11,13,"4,5,2,13"
12040298404,158,11,25,"3,15,4,14"
12026560844,158,11,31,"3,14,4,15"
12026208515,158,11,31,"3,4,14,15"
6426025909,159,10,11,"5,2,9,12"
5171467082,160,8,24,"4,2,5,3"
7923412492,161,8,25,"4,2,11,5"
7923411684,161,8,25,"4,3,2,5"
7923410712,161,8,25,"4,2,5,10"
3885774652,162,8,22,"2,5,4,13"
3885783458,162,8,22,"4,3,2,5"
3308327091,163,1,8,"5,2,4,12"
8126304669,164,2,10,"4,2,5,28"
4699133465,165,5,10,"4,3,2,5"
9640410954,166,7,10,"2,4,5,7"
9642789021,166,7,8,"2,5,4,7"
9642788891,166,7,7,"5,4,2,6"
9647864738,166,7,27,"2,5,1,17"
6945541774,167,3,2,"3,2,4,0"
10017315865,168,8,20,"4,3,2,5"
10017375533,168,8,4,"4,3,15,14"
8731523536,169,4,25,"4,5,2,11"
8730404181,169,4,4,"4,5,2,7"
8731524592,169,4,4,"4,5,2,19"
8731526352,169,4,13,"4,2,5,13"
6121599929,170,8,29,"5,4,2,0"
2986868539,171,9,35,"4,5,2,11"
8702433900,172,4,25,"4,10,2,5"
8702441264,172,4,25,"4,10,11,5"
3785943154,173,7,11,"5,2,4,8"
3785945682,173,7,11,"5,2,7,39"
5125376948,174,9,30,"4,19,3,27"
7368255522,175,4,7,"3,14,4,15"
7368256542,175,4,7,"3,14,4,2"
7368258794,175,4,7,"4,5,2,10"
7183025333,175,4,7,"4,5,2,7"
7511102338,175,4,7,"3,4,14,25"
7511105518,175,4,17,"5,4,2,6"
7511108238,175,4,17,"5,2,6,9"
7511111702,175,4,17,"3,4,14,9"
7544131702,175,4,17,"3,4,2,14"
7544116910,175,4,17,"2,8,4,5"
7544120588,175,4,7,"4,5,2,10"
7544123964,175,4,7,"4,2,5,7"
7544128102,175,4,17,"4,2,5,3"
7581717864,175,4,17,"4,5,2,10"
7581720844,175,4,17,"3,14,9,15"
7581723740,175,4,17,"5,4,2,10"
6110154691,176,7,9,"5,4,2,19"
6110707694,176,7,9,"5,2,4,8"
6110168471,176,7,2,"5,2,1,0"
6110176585,176,7,2,"5,2,4,7"
6110728102,176,7,24,"5,2,4,13"
6110187471,176,7,24,"5,2,4,7"
6110191751,176,7,24,"4,5,2,7"
6110741802,176,7,16,"4,5,2,27"
6110746342,176,7,16,"4,5,2,7"
6110206999,176,7,16,"2,4,5,1"
6110761366,176,7,25,"2,5,7,4"
6110219133,176,7,25,"4,2,5,11"
6110222683,176,7,25,"4,10,2,5"
3861204281,177,7,28,"3,4,14,60"
8462232983,178,1,31,"4,2,5,19"
8463333202,178,1,31,"4,3,2,42"
8462235567,178,1,31,"4,3,2,19"
8462237501,178,1,31,"4,3,2,23"
5534656586,179,2,8,"5,4,2,6"
12016551006,180,7,25,"4,2,5,0"
2865377019,181,8,12,"5,2,4,7"
2865376487,181,8,12,"5,2,4,7"
2865375857,181,8,12,"2,5,4,8"
2865374545,181,8,12,"2,4,5,7"
2866203042,181,8,12,"4,3,2,5"
2912197523,181,8,12,"3,14,15,4"
2916123328,181,8,12,"4,3,14,15"
2915277315,181,8,8,"4,2,5,7"
2916434212,181,8,7,"4,5,10,2"
2915587831,181,8,17,"4,5,2,11"
2915587213,181,8,17,"4,5,3,15"
2915586609,181,8,17,"5,4,2,13"
2915585843,181,8,17,"5,4,2,12"
2916465496,181,8,17,"4,5,2,11"
4739649161,182,5,21,"4,2,5,28"
4740313836,182,5,7,"2,5,12,7"
4740315862,182,5,7,"2,4,31,5"
4739683565,182,5,7,"4,15,3,14"
4316682313,183,0,25,"4,2,10,14"
6783182848,184,1,11,"0,3,5,2"
5978857988,185,6,0,"5,2,4,7"
5982214456,185,6,6,"17,1,8,3"
5999540722,185,6,6,"3,4,14,10"
5999570172,185,6,21,"4,3,14,19"
5999641278,185,6,18,"5,2,4,7"
1810701312,186,9,8,"4,3,31,14"
1810708336,186,9,8,"2,5,4,0"
1809869553,186,9,8,"4,2,5,3"
1810719366,186,9,8,"4,2,5,7"
1809880299,186,9,8,"5,2,4,7"
1809886239,186,9,8,"2,4,5,7"
1809892309,186,9,8,"5,2,3,4"
1810741334,186,9,8,"5,2,4,7"
1809903701,186,9,8,"4,3,2,17"
1810751094,186,9,8,"2,5,4,7"
1810771654,186,9,8,"5,2,12,7"
1810772492,186,9,8,"2,5,4,6"
1810778422,186,9,8,"2,5,4,0"
1810784180,186,9,8,"4,5,2,7"
1809946071,186,9,8,"4,3,2,5"
1809952163,186,9,8,"5,2,4,7"
1810803736,186,9,8,"2,5,4,7"
1810810030,186,9,8,"5,4,2,7"
1810815728,186,9,8,"4,3,2,5"
1809977281,186,9,8,"5,2,12,4"
1810825112,186,9,1,"4,2,5,7"
1810830756,186,9,1,"2,5,4,7"
1810835568,186,9,1,"4,2,5,7"
1809997023,186,9,1,"5,2,12,4"
1810003135,186,9,1,"5,2,7,4"
1810011053,186,9,1,"2,5,4,8"
1810015573,186,9,1,"2,5,4,7"
1810867292,186,9,1,"4,3,2,5"
1810029259,186,9,1,"5,2,4,13"
1810036299,186,9,1,"4,3,2,14"
1810044099,186,9,1,"4,3,14,2"
1810895638,186,9,1,"4,3,2,5"
1810901884,186,9,1,"5,2,4,7"
1810063757,186,9,1,"5,2,4,7"
1810917408,186,9,1,"4,3,2,10"
1810925148,186,9,1,"4,2,5,3"
1810089287,186,9,1,"4,5,2,3"
1810940998,186,9,1,"5,2,7,12"
1810949434,186,9,1,"4,5,2,7"
1810113533,186,9,1,"4,2,3,10"
1810123745,186,9,12,"4,3,10,14"
1810253725,186,9,1,"4,2,5,10"
1811088358,186,9,1,"4,3,2,34"
1810152835,186,9,1,"4,3,2,5"
1810156689,186,9,1,"4,2,5,3"
1810164329,186,9,8,"5,2,4,7"
1810174211,186,9,8,"3,4,14,15"
1810182639,186,9,8,"4,2,5,3"
1810189519,186,9,8,"4,3,14,23"
1810199611,186,9,8,"2,5,0,1"
1811050560,186,9,7,"5,4,2,7"
1810214061,186,9,7,"4,5,2,7"
1811064962,186,9,17,"4,3,2,14"
1810228625,186,9,17,"5,2,4,7"
1810235895,186,9,17,"5,2,4,7"
1810884247,186,9,17,"3,14,4,25"
1811738812,186,9,17,"3,4,14,25"
1810904817,186,9,17,"3,4,39,25"
1810915911,186,9,17,"3,4,37,39"
1811772076,186,9,17,"3,14,4,15"
1810935063,186,9,17,"3,4,15,1"
1810941559,186,9,17,"1,0,3,17"
1811798588,186,9,17,"3,17,8,2"
1811804610,186,9,17,"3,4,32,1"
1810967919,186,9,17,"3,4,14,39"
1811821636,186,9,17,"3,1,4,17"
1810987877,186,9,17,"3,4,25,14"
1811843398,186,9,17,"3,4,14,25"
1811851346,186,9,17,"3,54,39,14"
1811859048,186,9,17,"3,25,14,4"
1811018749,186,9,17,"3,14,25,4"
1811873354,186,9,17,"3,14,37,4"
1811032973,186,9,17,"4,5,2,7"
1811884304,186,9,17,"5,2,4,7"
1811044947,186,9,17,"4,5,2,7"
1811898126,186,9,17,"5,2,4,7"
1811904254,186,9,17,"5,4,2,7"
1811911580,186,9,17,"4,5,2,10"
1811918674,186,9,17,"4,5,2,10"
1811082471,186,9,17,"2,5,4,10"
1811089165,186,9,17,"5,4,2,11"
1811097369,186,9,17,"5,2,4,7"
1811107319,186,9,17,"5,2,4,17"
1811112553,186,9,17,"4,14,3,10"
1811961900,186,9,17,"4,14,3,10"
1811968540,186,9,17,"5,2,4,7"
1811130437,186,9,17,"14,3,4,15"
1811982842,186,9,17,"4,2,5,3"
1811143729,186,9,17,"4,2,5,25"
1811153177,186,9,17,"2,4,5,7"
1811160133,186,9,17,"4,2,5,11"
1811166327,186,9,17,"4,5,2,7"
1811173775,186,9,17,"2,5,4,7"
1811183499,186,9,17,"0,1,2,3"
1811191693,186,9,17,"4,5,2,7"
1812045684,186,9,17,"5,2,4,7"
1812054882,186,9,17,"5,4,2,0"
1812062602,186,9,17,"5,2,4,7"
1812070306,186,9,17,"4,2,5,11"
1812079174,186,9,8,"4,2,5,28"
1811243341,186,9,8,"4,2,5,34"
1811254261,186,9,8,"2,5,4,13"
1811264091,186,9,8,"2,5,4,17"
1812118244,186,9,8,"5,2,4,7"
1812123592,186,9,8,"5,2,4,10"
1811288881,186,9,8,"3,4,14,2"
1811297121,186,9,8,"4,2,5,3"
1811306537,186,9,8,"2,5,3,17"
5152455320,187,9,24,"4,3,14,10"
5152472734,187,9,10,"4,2,5,13"
5151494317,187,9,3,"4,5,2,59"
8324790897,188,11,13,"4,3,15,45"
3248477947,189,10,11,"4,5,13,10"
3249305000,189,10,0,"4,5,2,13"
3249304372,189,10,0,"4,5,15,2"
3226943356,190,11,23,"15,4,3,14"
3226945820,190,11,23,"14,3,4,15"
3226094387,190,11,23,"4,14,3,15"
3226097795,190,11,23,"3,14,15,4"
3226102247,190,11,23,"3,4,14,15"
3226959216,190,11,23,"3,4,14,15"
3226108731,190,11,23,"3,14,15,4"
3226111011,190,11,23,"4,5,15,28"
3226113157,190,11,23,"4,15,3,14"
3226115457,190,11,23,"15,4,3,14"
3226970974,190,11,23,"4,15,3,14"
3226973790,190,11,23,"3,14,15,4"
3226122835,190,11,23,"14,3,15,4"
3226125615,190,11,23,"14,3,15,22"
3226982324,190,11,23,"3,4,10,14"
3226984638,190,11,23,"14,3,15,4"
3226134011,190,11,23,"3,4,15,14"
3226990038,190,11,23,"3,4,14,15"
3226139437,190,11,23,"3,14,15,4"
3226995120,190,11,23,"4,15,3,5"
3226143945,190,11,23,"15,4,3,14"
2493093416,191,8,25,"4,2,5,11"
2493094034,191,8,25,"4,2,19,27"
2492274613,191,8,0,"5,2,4,10"
2493096828,191,8,0,"4,2,5,12"
2493097412,191,8,13,"2,5,13,46"
2492277047,191,8,13,"5,2,4,7"
2492277655,191,8,13,"5,2,4,13"
2493099026,191,8,13,"2,4,5,1"
2493099600,191,8,13,"2,5,4,1"
2493100218,191,8,8,"4,2,5,3"
13382842973,192,2,31,"4,5,2,10"
13383059094,192,2,25,"4,5,2,10"
13383065704,192,2,25,"4,2,5,11"
13382881163,192,2,0,"4,3,14,24"
13383093364,192,2,0,"4,5,2,28"
13382890663,192,2,0,"5,2,4,13"
13383130214,192,2,13,"2,5,12,7"
13383134444,192,2,8,"3,1,0,17"
13382931193,192,2,8,"2,5,4,12"
13383149824,192,2,8,"5,2,4,10"
13383157874,192,2,1,"5,2,4,7"
9195475260,193,6,25,"2,4,5,7"
8870958729,194,4,24,"5,2,4,6"
6531968919,195,10,26,"4,3,14,15"
6531974463,195,10,6,"3,4,14,15"
6531977369,195,10,6,"3,14,4,15"
6531980219,195,10,6,"3,14,4,15"
6531982825,195,10,26,"3,4,15,10"
6531985547,195,10,26,"4,15,3,19"
6531988413,195,10,26,"3,14,15,9"
6531990985,195,10,26,"3,14,4,15"
6531993783,195,10,26,"3,4,15,14"
8731837931,196,2,17,"4,14,3,10"
8700355905,196,2,7,"3,14,4,10"
4519219526,197,3,21,"2,5,4,6"
4518584499,197,3,21,"5,2,4,6"
4518584933,197,3,27,"5,2,4,7"
4518585109,197,3,27,"5,2,12,7"
4519220462,197,3,27,"5,2,13,4"
4519220660,197,3,27,"3,4,18,2"
4518585737,197,3,27,"4,2,5,7"
4518585939,197,3,27,"5,4,2,6"
4518586079,197,3,27,"5,4,2,7"
4519221396,197,3,27,"2,5,12,4"
4519221548,197,3,27,"4,2,5,3"
4519222788,197,3,8,"14,3,4,16"
7182246354,198,4,24,"4,5,2,7"
7182250416,198,4,2,"5,2,4,13"
7182260292,198,4,2,"4,5,2,0"
7908170074,199,7,23,"4,15,3,14"
7908171332,199,7,23,"3,14,15,4"
7908172612,199,7,23,"3,14,4,15"
7908173848,199,7,23,"4,3,15,14"
7908175178,199,7,23,"3,4,14,15"
7908176560,199,7,23,"15,4,3,33"
7908177856,199,7,23,"4,3,15,5"
7908179322,199,7,23,"3,4,14,15"
7908205796,199,7,15,"4,2,5,10"
7908207150,199,7,15,"4,2,3,14"
7908208658,199,7,15,"4,2,5,3"
7908213704,199,7,10,"2,4,5,1"
7908215242,199,7,10,"5,2,4,7"
7908216944,199,7,10,"5,2,4,7"
7908219138,199,7,10,"3,4,2,5"
7908221006,199,7,10,"5,4,2,7"
4372657824,200,0,6,"3,4,14,18"
13082314875,201,1,18,"4,3,5,15"
13082554413,201,1,18,"4,3,2,5"
8472265232,202,5,26,"5,3,4,1"
8471170621,202,5,8,"5,2,13,12"
8472267372,202,5,8,"5,2,4,7"
8471173139,202,5,8,"4,2,31,5"
8472270104,202,5,8,"4,5,2,10"
8472271502,202,5,8,"3,14,4,22"
445307887,203,2,7,"3,4,10,23"
19672213,204,10,2,"5,2,4,0"
8523052205,205,8,13,"5,4,2,0"
8584089797,205,8,7,"4,3,14,15"
8584089667,205,8,7,"4,15,3,14"
8585188622,205,8,13,"4,3,15,14"
8584089365,205,8,13,"3,4,15,14"
8523052007,205,8,13,"4,5,2,0"
8523051749,205,8,13,"5,2,4,12"
8524163460,205,8,13,"5,4,2,7"
8524163280,205,8,13,"2,4,5,12"
8524163074,205,8,13,"4,2,5,10"
8523050815,205,8,13,"4,2,5,6"
8523050629,205,8,13,"5,2,4,12"
8524162546,205,8,13,"5,2,4,7"
8524162372,205,8,13,"5,2,13,4"
8524162096,205,8,13,"5,2,13,4"
8523049823,205,8,13,"5,2,13,4"
8524161684,205,8,13,"4,5,2,10"
8524161260,205,8,13,"4,5,2,7"
8523049401,205,8,13,"4,5,2,7"
8523056701,205,8,13,"4,5,2,31"
8523060039,205,8,13,"2,5,4,13"
8523059847,205,8,13,"5,2,13,12"
8523059631,205,8,13,"2,5,4,7"
8523059455,205,8,13,"2,4,5,13"
8523059305,205,8,13,"2,13,5,4"
8524171482,205,8,13,"2,4,5,13"
8524171322,205,8,13,"2,5,13,4"
8524171094,205,8,13,"5,2,4,7"
8524170950,205,8,13,"5,2,4,7"
8524170846,205,8,13,"5,2,4,13"
8523058087,205,8,13,"5,2,13,12"
8523057943,205,8,13,"5,2,12,13"
8523057739,205,8,13,"5,2,4,7"
8523057395,205,8,13,"4,5,2,7"
8523057037,205,8,13,"4,5,2,12"
8523056857,205,8,13,"4,5,2,19"
8584101525,205,8,10,"5,4,2,7"
8584101401,205,8,10,"4,5,2,6"
8585200152,205,8,10,"5,2,4,12"
8585200000,205,8,10,"5,2,4,7"
8524188562,205,8,13,"2,5,4,0"
8523076037,205,8,13,"4,5,2,3"
8524188176,205,8,13,"4,3,5,2"
8524187928,205,8,13,"5,2,4,1"
8524187762,205,8,13,"3,4,14,15"
8524187536,205,8,13,"4,3,2,31"
8523075063,205,8,13,"4,2,3,5"
8523074877,205,8,13,"4,3,14,31"
8523063075,205,8,13,"2,5,1,0"
7946654254,206,7,15,"3,4,14,31"
7936163560,206,7,15,"4,11,5,2"
7940136486,206,7,15,"3,4,14,25"
6055118971,207,7,11,"3,4,14,34"
6175439745,208,0,1,"4,3,15,10"
4466506311,209,2,8,"3,14,15,4"
12335938723,210,2,10,"4,5,2,10"
12335799455,210,2,4,"4,5,2,11"
12335820925,210,2,4,"3,4,14,15"
12336004893,210,2,4,"3,4,14,10"
12336025173,210,2,4,"4,3,15,14"
12335882015,210,2,4,"3,4,14,15"
12336067043,210,2,4,"3,4,0,1"
498262803,211,3,17,"2,4,7,5"
5497733704,212,1,3,"3,14,4,15"
5497734144,212,1,3,"3,14,4,15"
312424763,213,10,6,"15,3,4,14"
311376136,213,10,6,"14,15,3,4"
341895086,213,11,19,"3,15,4,14"
435454308,213,2,19,"3,4,8,14"
444269865,213,2,19,"4,3,14,2"
431836052,213,2,0,"4,3,15,19"
455629526,213,2,25,"5,2,4,7"
435454312,213,2,31,"4,3,15,5"
431836053,213,2,0,"4,3,19,5"
430866072,213,2,19,"3,4,14,15"
431836054,213,2,0,"3,15,4,14"
430866073,213,2,19,"3,4,14,15"
431836062,213,2,0,"4,15,3,14"
454291134,213,2,19,"3,4,14,2"
454291172,213,2,25,"2,5,4,19"
437753551,213,2,17,"4,5,2,10"
455629568,213,2,17,"4,15,3,5"
437753553,213,2,17,"3,14,4,10"
455629540,213,2,13,"5,2,13,4"
536333235,213,3,24,"4,3,2,5"
536221762,213,3,24,"4,3,49,56"
536221766,213,3,24,"4,2,5,28"
4618642358,213,5,33,"5,13,2,12"
4619425555,213,5,33,"5,2,12,13"
4618028587,213,5,33,"4,5,2,12"
3381291715,213,8,13,"4,22,3,14"
2822732619,213,9,33,"5,12,13,2"
2822733141,213,9,33,"14,3,4,15"
9040871115,214,5,11,"13,5,2,4"
8008929329,215,8,15,"3,4,2,1"
7959620388,216,7,13,"5,2,4,13"
1240749886,217,7,31,"4,2,5,10"
1240749964,217,7,19,"4,2,5,11"
1240749978,217,7,19,"4,3,14,10"
1240778924,217,7,10,"4,3,2,5"
1240778932,217,7,10,"3,4,14,15"
224657108,218,7,16,"5,2,4,11"
5469184928,219,1,19,"3,15,4,14"
5474450427,219,1,30,"3,14,4,15"
4331105244,220,0,0,"4,5,2,31"
1558826000,221,9,7,"4,2,5,7"
1558827036,221,9,7,"5,2,4,17"
1569501092,221,9,7,"4,3,14,2"
1568621377,221,9,17,"4,2,5,7"
3878711316,222,8,11,"3,4,14,15"
5476706250,223,1,31,"3,4,14,15"
5478600520,223,1,10,"3,14,4,15"
3017015568,224,10,7,"4,5,2,19"
8783779195,225,4,13,"4,15,14,3"
481181974,226,3,0,"4,2,5,19"
8666447636,227,3,6,"4,2,5,10"
8665348633,227,3,6,"4,3,2,14"
8665350191,227,3,26,"4,3,14,15"
8665351615,227,3,26,"3,4,2,25"
8665352821,227,3,26,"3,4,14,15"
8666454666,227,3,31,"4,3,14,2"
8134568102,228,9,0,"5,4,2,8"
5845283106,229,5,25,"3,4,14,2"
2710946257,230,6,25,"2,5,4,7"
2710946269,230,6,25,"2,5,4,7"
3947697847,230,6,25,"4,2,5,7"
4439197174,231,1,26,"4,3,15,33"
4439197522,231,1,26,"14,3,4,15"
4439197884,231,1,26,"4,3,15,5"
4438421197,231,1,26,"3,14,15,4"
4439198576,231,1,26,"3,4,14,15"
4439198896,231,1,3,"4,3,10,14"
5670100652,232,3,24,"4,5,2,10"
5669521639,232,3,24,"5,2,6,4"
5670090206,232,3,24,"4,5,2,27"
5669485879,232,3,24,"5,2,4,6"
5938629720,232,3,9,"3,4,14,15"
5938630326,232,3,2,"4,11,3,25"
6097178359,233,5,24,"3,4,14,23"
6097179001,233,5,2,"5,2,4,8"
6097179591,233,5,9,"5,2,4,13"
6097725440,233,5,2,"3,4,2,14"
6097181173,233,5,2,"2,4,1,5"
6097182171,233,5,2,"4,3,2,5"
6097728062,233,5,24,"2,5,13,3"
6097728582,233,5,24,"4,5,2,11"
6097729296,233,5,24,"4,2,5,7"
6097184643,233,5,24,"4,5,2,10"
6097185279,233,5,24,"5,2,4,49"
280459257,234,5,32,"4,3,14,2"
280459330,234,5,34,"3,4,14,15"
280459366,234,5,34,"3,4,2,1"
280459479,234,5,0,"3,4,14,10"
280459585,234,5,14,"4,5,2,10"
280459633,234,5,14,"5,4,2,6"
280459709,234,5,14,"5,4,2,6"
280459746,234,5,14,"5,2,4,0"
280459809,234,5,14,"4,2,5,12"
280459853,234,5,14,"2,5,12,4"
280459900,234,5,14,"2,4,5,12"
280459961,234,5,14,"12,5,2,6"
280460025,234,5,14,"5,2,4,6"
280460141,234,5,0,"2,5,4,3"
280460194,234,5,0,"5,4,2,6"
280460262,234,5,10,"4,2,12,5"
280460320,234,5,10,"2,4,5,12"
280508077,234,6,13,"4,3,27,19"
280508114,234,6,13,"4,2,5,3"
280508149,234,6,13,"3,14,4,22"
157493441,235,8,27,"4,5,2,31"
7780367278,236,7,31,"3,4,14,15"
7780440862,236,7,31,"4,2,5,19"
7780442466,236,7,25,"5,2,4,7"
7780443646,236,7,25,"4,2,5,11"
7780444904,236,7,25,"4,5,2,11"
7780446468,236,7,0,"4,5,2,10"
7780447966,236,7,0,"5,2,7,4"
7780449470,236,7,13,"5,2,4,17"
7780451394,236,7,8,"3,4,14,15"
7780452796,236,7,8,"3,4,14,15"
358836983,237,0,27,"5,4,2,10"
358839290,237,0,27,"5,2,12,6"
6101441694,238,7,20,"4,2,5,13"
6101444490,238,7,20,"5,4,2,13"
6100898067,238,7,20,"4,15,31,3"
6101445018,238,7,20,"4,5,2,13"
6100898545,238,7,20,"4,5,31,3"
6100899587,238,7,13,"4,3,15,5"
4919522737,239,11,25,"3,14,4,15"
9170889763,240,5,25,"4,5,2,10"
3629374100,241,4,4,"5,2,12,4"
3963327925,241,4,28,"4,5,2,10"
3967260326,241,4,27,"5,2,4,8"
3834506865,241,4,5,"4,10,3,11"
4083228603,241,4,21,"4,2,5,7"
3967262916,241,4,17,"9,3,5,1"
4141559090,241,4,17,"4,5,2,19"
7980379082,242,7,32,"4,2,5,7"
7980377720,242,7,32,"4,3,15,14"
7980376003,242,7,32,"3,14,4,15"
7980374994,242,7,32,"3,4,14,55"
7980373873,242,7,32,"3,14,4,15"
7980372479,242,7,32,"3,4,14,31"
7980371456,242,7,32,"3,4,14,10"
7980370007,242,7,32,"3,4,14,10"
7980368405,242,7,32,"3,4,14,15"
7980367351,242,7,32,"4,5,2,3"
7980366044,242,7,32,"4,3,14,15"
7980364920,242,7,32,"3,4,14,2"
9990488486,243,8,13,"2,13,4,5"
9990487806,243,8,8,"4,3,2,1"
9990436594,243,8,8,"4,3,14,2"
9990433695,243,8,8,"4,3,2,14"
9990433315,243,8,8,"5,2,4,7"
9990432815,243,8,8,"4,3,2,25"
9990432375,243,8,8,"4,2,5,10"
9990431675,243,8,13,"5,2,4,7"
9990433304,243,8,8,"4,3,2,5"
9502753965,244,6,31,"5,2,4,7"
9523529838,244,6,0,"2,4,5,7"
9520758747,244,6,13,"4,2,5,3"
9548397716,244,6,13,"4,2,5,3"
9505572546,244,6,13,"2,5,4,11"
5328834304,245,11,7,"4,5,15,3"
205963278,246,7,27,"2,5,4,17"
1149412951,247,7,11,"4,2,5,8"
1150271640,247,7,11,"3,4,8,22"
1150281438,247,7,11,"4,2,5,8"
1149511329,247,7,1,"5,2,17,8"
1149521703,247,7,1,"4,3,15,31"
3958416566,248,10,13,"4,3,31,2"
536238381,249,5,0,"4,5,2,3"
674741652,249,5,12,"4,3,14,15"
674743872,249,5,12,"5,2,12,4"
12000604366,250,10,21,"4,2,5,31"
10776013023,251,9,0,"3,4,2,14"
4395090270,252,11,23,"3,14,15,4"
5644087695,253,3,31,"3,4,2,5"
5644089401,253,3,31,"4,2,5,3"
5644092423,253,3,26,"4,3,19,27"
5644659538,253,3,26,"4,3,14,34"
5644095333,253,3,31,"3,4,14,10"
5644662894,253,3,31,"3,2,4,5"
5644098321,253,3,31,"3,4,2,14"
5644666034,253,3,25,"4,2,5,10"
5644667380,253,3,25,"4,3,2,10"
5644668812,253,3,25,"3,4,14,15"
5644104751,253,3,25,"3,14,4,15"
5644672494,253,3,25,"4,3,14,15"
5644107323,253,3,25,"3,4,14,15"
5644108633,253,3,25,"4,3,14,10"
5644676994,253,3,25,"3,4,14,15"
5644678628,253,3,25,"4,5,2,10"
5644680208,253,3,25,"4,5,2,11"
5644120761,253,3,0,"4,3,10,23"
5644122739,253,3,15,"4,3,10,2"
3594584312,254,4,13,"3,14,15,4"
13678597053,255,3,29,"4,5,2,3"
13678584515,255,3,1,"3,15,14,9"
8153405711,256,8,7,"3,4,14,10"
7360744410,257,4,4,"3,4,15,14"
7273068134,257,4,25,"3,4,14,15"
4186940374,258,5,19,"3,15,4,14"
2870092583,259,7,0,"4,2,28,5"
8257631687,260,10,24,"5,2,4,6"
8258677050,260,10,24,"5,2,12,6"
8257611197,260,10,2,"4,3,2,14"
8258698930,260,10,9,"5,2,4,1"
104906035,261,10,24,"2,5,4,7"
6958258665,262,9,3,"4,3,14,15"
8093848195,263,9,1,"5,2,4,12"
8094546087,263,9,13,"4,5,2,19"
7087484951,264,2,4,"4,3,15,14"
7087505705,264,2,10,"4,5,2,10"
3270596087,265,0,7,"5,4,2,7"
4890256027,266,0,20,"4,2,5,31"
2848701620,267,8,29,"4,3,5,2"
4440722618,268,2,11,"14,3,15,4"
4440722888,268,2,11,"3,14,4,15"
4439945691,268,2,11,"3,4,14,15"
9352778948,269,3,0,"5,2,13,20"
9350006713,269,3,0,"5,2,4,12"
9350074345,269,3,0,"5,4,2,7"
4043163333,270,9,19,"15,3,4,14"
4316242182,270,0,19,"3,14,4,22"
4316260920,270,0,19,"14,3,4,15"
464449281,271,6,11,"5,4,2,13"
4440035046,272,2,15,"4,3,5,10"
4440035056,272,2,10,"4,2,5,19"
7901824786,273,7,3,"14,4,3,15"
7901827958,273,7,3,"4,14,3,20"
4499133896,274,6,4,"4,5,2,3"
8278163721,275,1,23,"4,3,15,14"
11582296964,276,8,23,"3,4,0,1"
5190252106,277,9,11,"4,3,2,5"
9493399262,278,7,0,"4,2,3,5"
9490604237,278,7,0,"4,3,2,5"
2686647171,279,6,27,"5,2,12,6"
3410777741,280,7,17,"5,2,4,0"
3411588818,280,7,17,"5,2,17,1"
3410779681,280,7,17,"5,2,4,11"
3410780671,280,7,17,"5,4,2,7"
3410793625,280,7,17,"5,2,4,17"
3410794263,280,7,17,"4,2,5,7"
3411605184,280,7,17,"2,4,5,8"
4362667179,281,4,10,"4,5,2,42"
4362667563,281,4,10,"4,3,14,23"
4362667925,281,4,10,"4,2,3,5"
4363411140,281,4,10,"3,4,2,22"
4362668849,281,4,10,"3,4,2,1"
4362669197,281,4,10,"2,4,5,3"
6307177693,282,5,25,"4,2,5,3"
7789022758,283,7,7,"4,5,2,7"
7789023850,283,7,8,"2,5,4,6"
7789025324,283,7,8,"3,4,2,23"
99147672,284,11,32,"3,4,14,15"
99147656,284,11,10,"5,4,2,0"
99147639,284,11,10,"5,4,2,12"
6919523282,285,9,8,"4,3,28,19"
6929038734,285,9,8,"3,4,2,34"
6925943226,285,10,24,"2,5,4,3"
7072022045,285,10,11,"14,15,3,33"
7072022109,285,10,11,"14,15,3,22"
6927784074,285,10,11,"3,14,4,15"
6927784250,285,10,25,"4,3,15,10"
6927784388,285,10,25,"4,3,15,14"
7072022257,285,10,25,"3,4,14,15"
272998930,286,9,11,"5,2,4,11"
4070005084,287,6,0,"5,2,4,13"
4070137016,287,6,7,"5,2,4,6"
4069382743,287,6,7,"4,5,2,11"
4070145134,287,6,7,"4,3,2,10"
4070149564,287,6,7,"4,14,3,15"
4070152684,287,6,7,"5,4,2,11"
411629651,287,2,10,"3,4,15,14"
411650113,287,2,10,"14,3,15,33"
411651360,287,2,10,"3,14,15,4"
411652575,287,2,10,"3,14,15,4"
411653058,287,2,10,"3,22,14,4"
411654320,287,2,10,"3,14,15,33"
411655345,287,2,10,"14,3,15,4"
411656548,287,2,10,"3,14,15,4"
411657583,287,2,10,"3,14,22,15"
2804890111,288,3,7,"4,3,14,23"
2804891533,288,3,7,"4,3,14,2"
2804892945,288,3,7,"2,4,5,19"
2805744178,288,3,7,"4,2,5,19"
2804905859,288,3,7,"4,3,14,25"
2805756698,288,3,7,"4,5,2,7"
2804908821,288,3,7,"3,4,14,2"
2804909927,288,3,7,"4,5,2,6"
2804910943,288,3,7,"4,3,2,1"
2805761558,288,3,7,"5,2,4,7"
2805762724,288,3,7,"5,2,4,7"
2805763958,288,3,7,"4,2,5,19"
2805765064,288,3,7,"4,2,5,7"
2805766118,288,3,7,"2,5,4,17"
2804918203,288,3,7,"2,5,17,1"
2805768816,288,3,7,"4,2,5,3"
2805770024,288,3,17,"2,5,7,12"
2804922021,288,3,17,"5,2,4,6"
2805772460,288,3,17,"5,2,7,12"
2805773770,288,3,17,"5,2,4,8"
2805774998,288,3,17,"2,5,17,1"
2804926875,288,3,17,"4,14,3,15"
2804928249,288,3,17,"2,4,8,10"
2804929585,288,3,17,"5,2,4,10"
2804930689,288,3,7,"4,3,14,15"
2804932293,288,3,7,"3,4,15,14"
2805782926,288,3,7,"5,2,4,6"
2804934807,288,3,17,"5,2,4,6"
2805785972,288,3,17,"4,5,2,7"
2805788884,288,3,8,"4,3,14,18"
2805790348,288,3,8,"2,4,5,8"
2804942537,288,3,8,"8,5,4,2"
2804943867,288,3,8,"8,5,2,17"
2805794642,288,3,8,"5,2,8,7"
2804946741,288,3,8,"2,5,4,8"
2805797324,288,3,8,"8,5,2,4"
2805799128,288,3,8,"5,2,8,4"
2805800610,288,3,8,"5,2,4,8"
2804952915,288,3,8,"4,5,2,7"
2805804194,288,3,8,"2,5,17,8"
2805805666,288,3,8,"5,2,4,7"
2805806800,288,3,8,"2,5,4,6"
2804958785,288,3,8,"2,4,5,17"
2804960465,288,3,8,"4,2,5,3"
2804961707,288,3,8,"5,2,4,6"
2805812582,288,3,8,"5,2,4,17"
2805814156,288,3,8,"4,3,2,0"
2805815440,288,3,8,"5,2,4,6"
2804967187,288,3,8,"4,2,5,3"
2804968541,288,3,8,"5,2,4,7"
2805819190,288,3,8,"5,2,17,12"
8003137241,289,7,11,"5,2,4,7"
5631902992,290,3,1,"4,3,10,19"
5631894650,290,3,1,"0,1,17,5"
5631883590,290,3,1,"3,14,4,15"
2650313287,291,6,33,"4,15,5,13"
7191902682,292,4,33,"4,5,2,3"
7191903170,292,4,33,"4,5,2,7"
4543453161,293,1,25,"3,4,14,16"
4503005218,293,3,14,"3,2,4,5"
4503005312,293,3,14,"2,5,4,7"
4502371059,293,3,14,"2,4,5,3"
4503005568,293,3,14,"2,5,4,3"
4503005742,293,3,14,"2,5,3,39"
5257419797,294,5,5,"4,3,2,0"
5793507854,295,4,29,"5,2,4,7"
45039676,296,8,21,"5,4,2,7"
45040030,296,8,21,"5,2,4,7"
46401015,296,8,13,"4,2,5,7"
46398562,296,8,0,"5,2,4,7"
7638244470,297,3,4,"14,3,15,4"
8331109692,298,11,25,"5,4,2,11"
6170201723,299,8,6,"3,4,14,15"
6221492050,299,8,30,"4,3,22,33"
6220970847,299,8,10,"4,3,2,14"
287042151,300,10,17,"14,3,4,16"
287042892,300,10,17,"3,4,14,15"
287043626,300,10,17,"14,15,3,4"
287044853,300,10,17,"3,4,14,25"
287045491,300,10,17,"3,4,14,15"
287046052,300,10,17,"3,14,4,15"
287046706,300,10,17,"3,14,39,4"
287047344,300,10,17,"3,4,14,15"
287049125,300,10,17,"3,4,15,14"
287049726,300,10,17,"3,14,4,25"
287050381,300,10,17,"4,3,15,14"
287051602,300,10,17,"3,4,14,15"
287052220,300,10,17,"3,5,4,39"
287052851,300,10,17,"3,14,15,4"
287053450,300,10,17,"3,39,37,4"
287054017,300,10,17,"3,14,4,15"
287054643,300,10,17,"3,4,14,25"
388413563,301,9,19,"4,2,19,27"
8368594846,302,0,8,"4,5,10,15"
8368594684,302,0,8,"4,5,3,15"
9589716518,303,0,30,"4,5,2,0"
9589725590,303,0,25,"4,5,2,10"
5673390152,304,2,24,"4,5,3,10"
3844987526,305,4,10,"5,2,4,12"
3839320776,305,4,29,"5,2,17,8"
3838530647,305,4,29,"5,2,4,19"
3859611285,305,4,25,"4,5,2,3"
3847144599,305,4,29,"2,5,17,1"
3847145057,305,4,29,"4,2,5,19"
3839318958,305,4,29,"4,3,2,25"
3847935974,305,4,29,"4,2,5,18"
6243566866,306,9,11,"4,5,13,46"
2044804176,307,4,11,"5,2,8,4"
5070954248,308,9,8,"5,4,2,1"
5070954496,308,9,8,"4,5,2,3"
5071555615,308,9,10,"1,5,17,2"
5072160858,308,9,10,"4,3,0,1"
5072162102,308,9,15,"3,14,4,15"
4999961582,309,6,11,"4,5,13,10"
5165952329,310,10,25,"4,2,5,11"
5165952615,310,10,13,"4,5,2,12"
5166540036,310,10,1,"5,4,2,13"
5166539556,310,10,14,"4,5,2,7"
2893820778,311,8,0,"5,13,4,2"
2892980251,311,8,0,"3,4,14,23"
6100359541,312,7,32,"4,3,14,2"
4510193670,313,2,17,"4,3,14,15"
4510194894,313,2,7,"5,2,4,6"
4510199150,313,2,7,"14,3,15,4"
4509562017,313,2,17,"5,2,4,7"
4509563985,313,2,17,"5,2,4,12"
4509565845,313,2,17,"5,2,4,12"
4509567395,313,2,17,"5,2,4,7"
4510207654,313,2,17,"5,2,12,6"
4509570665,313,2,17,"2,5,4,7"
4510210804,313,2,17,"5,2,4,11"
4510212472,313,2,17,"2,5,12,4"
4509575971,313,2,17,"4,5,2,7"
4510216546,313,2,17,"5,2,4,0"
4510218264,313,2,17,"4,3,2,25"
4509581441,313,2,17,"2,5,4,7"
4509583039,313,2,17,"5,2,4,7"
4510223872,313,2,7,"4,3,14,15"
4510225698,313,2,7,"3,4,15,14"
4509589443,313,2,7,"4,3,14,15"
4509591263,313,2,7,"4,3,15,14"
4510232280,313,2,7,"14,3,4,15"
4510234530,313,2,7,"3,14,4,15"
4509597317,313,2,7,"4,3,14,15"
4509599599,313,2,7,"4,3,14,15"
4509600563,313,2,7,"4,3,15,14"
4510241992,313,2,7,"3,14,15,4"
4510244312,313,2,7,"3,14,4,15"
4509607617,313,2,7,"3,4,14,15"
4510248808,313,2,7,"4,3,14,15"
4510251150,313,2,7,"3,14,4,15"
4510253584,313,2,7,"3,4,14,15"
4510255748,313,2,7,"5,2,4,6"
4510257116,313,2,7,"4,2,5,10"
4509619699,313,2,7,"4,2,5,6"
4509621087,313,2,7,"4,2,5,12"
4509622917,313,2,7,"4,3,2,5"
4509625951,313,2,7,"4,3,14,15"
4509629303,313,2,7,"5,2,8,4"
4510293244,313,2,7,"3,4,14,2"
4510295902,313,2,7,"4,3,14,29"
4509659479,313,2,7,"4,3,2,8"
4510336532,313,2,2,"4,2,5,7"
4509700125,313,2,2,"4,2,5,7"
4510341692,313,2,2,"3,4,2,0"
4509704621,313,2,2,"2,5,4,11"
4510347042,313,2,2,"3,0,1,17"
4510348484,313,2,3,"5,2,4,11"
4510350492,313,2,3,"8,5,2,4"
4510355676,313,2,3,"3,4,15,5"
8889544924,314,4,8,"5,2,13,4"
3195085524,315,0,13,"5,2,12,4"
2519490515,316,4,8,"5,2,4,0"
2519489647,316,4,8,"4,5,2,8"
2520308810,316,4,8,"5,2,4,13"
2519488057,316,4,8,"2,4,5,7"
2520307296,316,4,8,"4,5,2,7"
2519486553,316,4,8,"4,3,14,15"
2519485739,316,4,8,"4,3,14,15"
2520305026,316,4,8,"5,2,4,12"
2519484287,316,4,8,"2,5,7,12"
5673953048,317,3,11,"4,5,2,3"
3751025344,318,6,19,"3,4,2,0"
3751029392,318,6,29,"2,5,17,1"
3751034128,318,6,29,"5,2,4,7"
3750246877,318,6,29,"2,5,12,7"
3750255441,318,6,29,"4,5,2,7"
3751055814,318,6,27,"5,2,12,4"
5464145387,319,3,29,"4,2,5,19"
5464145135,319,3,29,"4,3,19,28"
5464744184,319,3,11,"4,5,2,13"
5900948450,320,5,13,"4,2,5,7"
1444753226,321,8,21,"5,4,2,13"
1443891649,321,8,21,"5,4,2,13"
1444755704,321,8,21,"5,2,4,13"
1448299199,321,8,0,"14,3,15,4"
1449153954,321,8,0,"15,14,3,4"
1448300681,321,8,0,"15,14,3,4"
1449155556,321,8,0,"3,14,4,15"
1449156196,321,8,0,"15,14,3,4"
1448303095,321,8,0,"4,14,3,15"
1448303885,321,8,0,"14,4,3,15"
1449158412,321,8,0,"14,3,4,15"
1449159208,321,8,0,"14,3,4,15"
1449159980,321,8,0,"3,4,14,68"
1448306693,321,8,0,"14,4,3,15"
1449161326,321,8,0,"14,3,4,15"
1449162112,321,8,0,"3,4,14,39"
1448309059,321,8,0,"4,14,3,15"
1449163646,321,8,0,"4,3,14,15"
1449164404,321,8,0,"14,4,3,15"
1449165184,321,8,0,"4,3,14,15"
1448311815,321,8,0,"4,2,3,5"
1448313293,321,8,0,"4,2,5,10"
1448314079,321,8,0,"4,2,10,5"
1448315025,321,8,0,"3,4,14,44"
1449169672,321,8,0,"15,14,3,4"
1448316677,321,8,0,"14,3,4,23"
1448317485,321,8,0,"3,14,4,15"
1449171938,321,8,0,"5,4,2,13"
1449172740,321,8,0,"14,3,4,15"
1449173510,321,8,0,"14,3,15,4"
1449180346,321,8,0,"5,4,2,13"
1448327077,321,8,0,"5,4,2,13"
1448327845,321,8,0,"5,4,2,13"
8158041554,322,5,11,"4,5,3,2"
4233337197,323,8,16,"4,2,5,3"
4199741908,323,8,7,"5,4,2,11"
2396591108,324,3,7,"2,5,7,12"
2395758443,324,3,17,"4,3,10,2"
2395760459,324,3,8,"5,2,17,9"
2395762289,324,3,8,"4,5,2,6"
2395763243,324,3,8,"4,3,14,2"
2395763881,324,3,8,"4,5,2,8"
2395765541,324,3,8,"2,5,4,7"
2396600836,324,3,17,"5,2,4,12"
5922703723,324,6,31,"3,4,14,25"
5922605761,324,6,31,"5,3,2,8"
5922704433,324,6,31,"3,14,4,16"
5922705061,324,6,31,"4,3,15,14"
5923270238,324,6,31,"3,4,22,2"
5444648530,325,7,11,"4,5,2,11"
7907223406,326,8,10,"4,2,5,3"
7907295880,326,8,10,"2,5,4,12"
7907324066,326,8,10,"4,2,3,5"
11251629914,327,10,7,"14,3,15,4"
11251631704,327,10,7,"3,14,4,15"
11251602685,327,10,7,"14,3,15,4"
11251511424,327,10,7,"4,2,5,10"
11251510796,327,10,7,"4,2,5,10"
11251566083,327,10,7,"4,2,5,10"
11251505934,327,10,7,"4,2,5,10"
11251504986,327,10,7,"4,5,2,10"
11251502786,327,10,7,"4,5,2,3"
11251500416,327,10,7,"5,2,4,11"
11251498856,327,10,7,"4,3,14,25"
11251496734,327,10,7,"4,3,2,5"
9485618219,328,7,19,"4,5,2,7"
9485704425,328,7,19,"3,4,14,15"
9485719903,328,7,19,"4,3,15,14"
9488535460,328,7,19,"3,4,14,15"
9488552514,328,7,19,"3,4,14,15"
9488576246,328,7,19,"3,4,15,14"
9488595794,328,7,19,"3,4,17,1"
8843397025,329,4,10,"5,2,13,4"
8807906392,329,4,10,"5,2,13,4"
8843217041,329,4,19,"3,15,4,5"
8807843870,329,4,19,"3,15,4,5"
8843169021,329,4,19,"3,4,2,23"
8807830456,329,4,19,"3,4,2,23"
8797246323,329,4,19,"3,4,14,15"
8840261327,329,4,19,"3,4,14,15"
5542908026,330,2,10,"4,5,2,7"
3901210484,331,8,33,"5,2,4,7"
3987365537,331,9,4,"4,5,2,19"
2934249602,332,9,7,"4,5,2,7"
6314424401,333,8,13,"4,5,15,28"
6314950152,333,8,11,"4,5,13,2"
9695694188,334,7,31,"4,2,5,3"
9594082910,335,7,19,"5,4,2,10"
9387198653,336,8,17,"4,5,2,7"
6895683155,337,1,20,"2,5,9,12"
7996370476,338,5,4,"5,4,2,0"
7996381310,338,5,4,"3,4,14,15"
7996387030,338,5,14,"5,2,13,4"
8062782125,339,3,24,"2,5,9,3"
6707800135,340,11,23,"4,3,2,5"
11315782286,341,11,6,"15,14,3,4"
11315855363,341,11,6,"15,14,3,4"
11315786146,341,11,6,"14,3,15,22"
11315818944,341,11,6,"3,14,15,4"
11315789286,341,11,6,"14,3,4,15"
11315735335,341,11,31,"5,4,2,7"
11315794886,341,11,31,"5,2,4,7"
11315796866,341,11,31,"4,2,3,5"
11315740045,341,11,31,"4,2,5,7"
11315833164,341,11,25,"4,5,2,10"
11315874563,341,11,25,"4,5,2,11"
11315876363,341,11,25,"4,5,2,11"
11315749065,341,11,25,"4,11,5,2"
11315839834,341,11,25,"4,3,11,15"
11315881063,341,11,25,"3,4,15,43"
11315883633,341,11,25,"4,15,3,33"
11315884823,341,11,25,"3,15,4,14"
925454017,342,6,0,"2,4,5,7"
926310848,342,6,8,"5,2,4,7"
925567743,342,6,8,"4,5,2,10"
925572321,342,6,8,"5,2,12,7"
926426074,342,6,1,"4,8,3,2"
925586321,342,6,8,"4,2,5,3"
1654385397,343,1,22,"5,4,2,13"
7172678520,344,4,0,"4,5,15,13"
7204794572,344,4,30,"4,2,5,3"
7502297180,344,4,24,"3,2,5,22"
3865378533,345,7,5,"5,2,4,7"
3865375949,345,7,5,"3,4,15,14"
3865375123,345,7,5,"3,4,15,14"
3866159010,345,7,5,"3,14,15,4"
7713036862,346,6,25,"14,3,4,15"
2272052659,347,1,24,"5,4,2,12"
3351737409,348,11,0,"4,5,10,15"
3804499921,349,6,8,"0,1,3,17"
3804502025,349,6,8,"3,14,4,15"
3805319834,349,6,8,"4,2,5,22"
1746857029,350,9,30,"4,5,2,28"
1747709554,350,9,30,"4,5,2,6"
1746935095,350,9,11,"5,4,2,17"
1747790340,350,9,11,"5,2,12,4"
1747794248,350,9,11,"5,2,12,4"
1746949459,350,9,11,"2,5,4,11"
6390484877,351,10,14,"4,3,14,23"
6390486323,351,10,14,"4,2,5,10"
6881361277,351,10,13,"13,4,5,2"
6390490297,351,10,13,"5,2,4,13"
6390497403,351,10,13,"5,2,4,12"
6390499753,351,10,13,"2,5,4,13"
6390500879,351,10,13,"4,5,2,12"
6390503517,351,10,13,"2,5,4,7"
6390515755,351,10,8,"4,5,2,7"
6390517493,351,10,1,"5,2,4,7"
6390523161,351,10,1,"5,2,7,4"
6390524063,351,10,1,"4,2,5,10"
6390525759,351,10,1,"4,5,2,8"
6390527319,351,10,1,"5,2,4,12"
8511710463,352,1,0,"4,5,2,7"
13898420185,353,3,16,"5,4,2,6"
13898655403,353,3,16,"5,4,2,7"
13899051024,353,3,16,"5,4,2,7"
13898747273,353,3,16,"4,2,5,3"
13898786663,353,3,16,"2,4,5,0"
13898827653,353,3,16,"2,5,4,0"
851740492,354,6,18,"3,14,4,15"
850880969,354,6,18,"14,3,15,4"
851745646,354,6,18,"14,3,15,4"
850885677,354,6,18,"3,14,22,15"
850888189,354,6,18,"3,14,4,15"
851846290,354,6,18,"3,15,14,4"
850987207,354,6,18,"4,3,15,5"
850990393,354,6,18,"4,3,15,33"
850993455,354,6,18,"3,15,4,33"
851857814,354,6,14,"4,5,2,27"
851859968,354,6,14,"4,5,19,27"
850999593,354,6,14,"4,5,2,28"
851864146,354,6,0,"4,5,3,15"
852388354,354,6,13,"2,5,4,7"
851529913,354,6,13,"5,2,4,7"
851533173,354,6,13,"5,2,4,12"
852399506,354,6,8,"5,2,7,12"
852403580,354,6,8,"5,2,12,7"
852407346,354,6,8,"5,2,7,4"
852449640,354,6,1,"5,2,4,8"
852452356,354,6,1,"5,2,4,7"
852456136,354,6,1,"2,5,17,8"
851597483,354,6,1,"4,3,2,5"
852461804,354,6,1,"5,2,12,13"
851604071,354,6,1,"2,4,5,17"
851610573,354,6,1,"5,2,4,12"
851612935,354,6,1,"5,2,4,13"
852479040,354,6,1,"5,2,4,7"
852483228,354,6,1,"3,2,1,17"
851625765,354,6,12,"5,2,4,7"
852490642,354,6,12,"2,5,1,17"
852493352,354,6,12,"3,14,4,39"
852496552,354,6,12,"5,2,4,7"
852499642,354,6,12,"2,5,8,17"
852502824,354,6,12,"2,5,12,7"
851645125,354,6,1,"14,3,4,15"
851649237,354,6,1,"4,3,14,15"
852513096,354,6,12,"3,1,17,32"
851654615,354,6,12,"17,1,32,3"
851658875,354,6,12,"4,17,1,2"
852524800,354,6,12,"17,66,1,3"
851667619,354,6,12,"2,4,5,17"
851672485,354,6,12,"2,4,5,1"
851676737,354,6,12,"2,5,4,8"
852542028,354,6,12,"5,4,2,7"
852545752,354,6,12,"2,5,4,17"
852549848,354,6,12,"2,5,17,1"
851692689,354,6,12,"2,17,1,8"
851695843,354,6,1,"5,4,2,7"
852561410,354,6,1,"4,5,2,7"
852564990,354,6,1,"2,5,17,1"
8410109926,355,11,7,"4,10,2,3"
6901482639,356,11,3,"4,5,3,15"
466564525,357,3,25,"4,5,11,2"
466557780,357,3,25,"4,2,11,5"
466565665,357,3,25,"3,14,4,15"
466566343,357,3,25,"3,14,4,15"
466559388,357,3,25,"3,14,4,15"
466567649,357,3,25,"3,14,4,15"
466568323,357,3,25,"4,3,14,15"
466561280,357,3,25,"3,14,4,15"
466570768,357,3,25,"4,11,10,5"
5625493398,358,11,4,"3,4,14,15"
6117722192,359,8,25,"4,3,2,5"
6117194833,359,8,9,"5,2,8,4"
370503693,360,3,24,"3,4,14,2"
5700089480,361,2,7,"4,5,2,7"
5699517143,361,2,7,"4,5,2,11"
5700088268,361,2,7,"4,5,2,10"
5699515671,361,2,7,"4,5,2,10"
5699529945,361,2,7,"4,2,5,19"
5699470625,361,2,7,"4,5,2,10"
5699470293,361,2,7,"4,5,2,0"
5699549385,361,2,7,"4,10,11,5"
5700112534,361,2,7,"4,5,2,19"
5700117352,361,2,24,"4,5,2,10"
5700122422,361,2,24,"5,4,2,12"
5700116794,361,2,24,"4,5,2,12"
5700116258,361,2,24,"4,5,2,7"
5699543633,361,2,24,"4,5,2,7"
5700114792,361,2,24,"4,5,2,7"
5700121942,361,2,24,"4,5,2,7"
5700113990,361,2,24,"4,5,2,27"
5699484337,361,3,11,"4,5,2,19"
5700055470,361,3,11,"4,5,2,19"
5700054940,361,3,11,"5,2,4,8"
5699481735,361,3,25,"2,5,9,7"
5700052196,361,3,25,"5,2,4,12"
5699480029,361,3,25,"5,2,12,7"
5700051318,361,3,25,"4,2,5,11"
5700050842,361,3,25,"5,2,12,9"
5699478809,361,3,25,"4,5,2,6"
5699537223,361,3,25,"4,2,5,11"
5700049954,361,3,25,"2,5,4,22"
5699477965,361,3,25,"2,5,4,10"
5700049208,361,3,25,"4,3,14,15"
5700076668,361,3,22,"5,2,4,8"
5700076272,361,3,22,"5,8,2,4"
5700075870,361,3,22,"8,5,2,4"
5699536649,361,3,22,"5,2,8,12"
5699503419,361,3,22,"4,2,5,3"
5699536133,361,3,22,"5,2,4,8"
5699500291,361,3,22,"5,4,2,8"
5699535667,361,3,22,"2,5,7,4"
5700070838,361,3,22,"5,8,4,2"
5699498723,361,3,22,"5,4,2,8"
5700106632,361,3,22,"5,2,8,12"
5700069586,361,3,22,"4,5,2,7"
5700069066,361,3,22,"4,3,2,14"
5700068362,361,3,22,"4,3,2,14"
5700067910,361,3,22,"4,5,2,8"
5700067390,361,3,22,"4,2,5,7"
5700066964,361,3,22,"5,8,4,2"
5700066416,361,3,22,"5,4,2,8"
5700106102,361,3,22,"5,2,8,4"
5700105552,361,3,22,"5,2,4,8"
5699494325,361,3,22,"5,2,8,12"
5700065430,361,3,22,"5,2,8,12"
5700105058,361,3,22,"4,5,2,7"
5700065016,361,3,22,"4,2,10,5"
5699489463,361,3,21,"4,5,2,13"
5700060392,361,3,21,"5,4,2,12"
5699488005,361,3,21,"4,5,2,12"
5699487341,361,3,21,"4,5,2,31"
9689453984,361,6,7,"5,4,2,10"
9686215491,361,6,7,"5,4,2,10"
9689453258,361,6,7,"4,5,2,11"
9689452944,361,6,7,"4,5,2,10"
9686214401,361,6,7,"5,4,2,10"
9689452344,361,6,7,"5,4,2,19"
9686213691,361,6,7,"5,2,0,4"
9689451702,361,6,7,"4,5,2,19"
9686212963,361,6,7,"5,2,4,10"
9689450996,361,6,7,"5,2,4,6"
9686212257,361,6,7,"5,4,2,10"
9686211999,361,6,7,"5,2,4,7"
9689449908,361,6,7,"5,2,4,0"
9686211285,361,6,7,"4,5,2,7"
9689449330,361,6,7,"4,5,2,7"
9686210615,361,6,7,"5,4,2,12"
9686210385,361,6,7,"5,2,4,7"
9689448502,361,6,7,"5,4,2,7"
9689448238,361,6,7,"5,4,2,6"
10876030214,362,8,25,"4,2,3,19"
5912424240,363,6,13,"5,2,13,4"
5959025524,364,6,17,"4,3,19,27"
5959036772,364,6,17,"4,5,10,2"
5959045502,364,6,7,"4,5,2,11"
9877405704,365,7,25,"4,5,10,11"
3465249360,366,3,21,"4,5,2,6"
4125633250,367,10,11,"4,3,2,5"
7928242622,368,7,16,"4,2,5,7"
361917540,369,11,17,"3,4,15,5"
361917727,369,11,25,"4,3,15,5"
361917804,369,11,25,"3,4,15,14"
9581594121,370,4,0,"5,4,2,19"
6180387304,371,8,0,"5,2,4,11"
7252581962,372,4,32,"2,5,9,3"
7252591900,372,4,32,"3,4,15,14"
4417768945,373,1,7,"5,2,4,7"
4386133450,373,1,7,"4,5,2,10"
4385369903,373,1,7,"4,5,2,10"
4382744069,373,1,7,"3,4,14,15"
6145447230,374,8,11,"4,2,5,19"
6145447360,374,8,14,"2,5,4,31"
8047273936,375,8,25,"4,5,2,10"
8047317341,375,8,1,"5,2,4,12"
8047309643,375,8,1,"5,2,4,12"
5151174386,376,9,7,"5,2,17,8"
5151174890,376,9,17,"4,2,5,11"
5151176048,376,9,7,"3,14,15,4"
5150566247,376,9,7,"4,5,10,2"
5150566877,376,9,13,"2,4,5,7"
5150567501,376,9,10,"3,14,15,4"
8630353547,377,1,14,"5,4,2,12"
13004480604,378,0,26,"3,14,4,33"
13004096105,378,0,26,"3,38,14,4"
9805533154,379,8,19,"4,3,5,2"
9805753364,379,8,19,"4,3,34,5"
9806152485,379,8,7,"4,3,18,25"
9808341976,379,8,7,"4,5,2,10"
9808424086,379,8,7,"5,4,2,11"
9808490596,379,8,7,"5,2,4,11"
9808547486,379,8,7,"4,2,5,3"
4628425375,380,4,34,"4,5,2,13"
4636729033,380,4,20,"2,5,13,20"
4637346346,380,4,20,"4,2,5,13"
4636722451,380,4,21,"4,2,5,3"
4637329596,380,4,14,"2,5,13,12"
4983922306,381,7,25,"3,14,15,4"
9589836592,382,7,7,"5,4,2,11"
9589842260,382,7,5,"5,2,12,4"
9589847468,382,7,27,"5,2,7,4"
9590006890,382,7,27,"5,2,7,12"
4824059965,383,6,4,"3,15,4,14"
7924091986,384,7,3,"0,1,2,5"
8087294570,384,7,16,"5,4,2,19"
8087319294,384,7,22,"3,4,14,39"
8087322263,384,7,22,"4,2,5,7"
8087325376,384,7,22,"5,2,7,8"
8087328653,384,7,22,"5,2,4,1"
8087331179,384,7,22,"3,14,4,16"
4993338039,385,5,29,"3,4,2,1"
4993338673,385,5,29,"3,4,17,1"
4993949156,385,5,29,"3,4,1,0"
4993344413,385,5,29,"4,2,5,3"
4993952866,385,5,29,"3,4,2,5"
4993953554,385,5,29,"4,3,24,2"
4993954214,385,5,29,"4,3,24,15"
4993954938,385,5,29,"4,3,14,27"
4993350213,385,5,29,"3,14,4,22"
4993956078,385,5,7,"2,5,4,7"
4993956788,385,5,7,"2,5,4,8"
4993352213,385,5,7,"3,4,14,2"
309493027,386,7,14,"4,5,2,7"
8742122172,387,3,4,"4,2,5,19"
8733169622,387,3,4,"5,4,2,7"
8742120554,387,3,10,"4,2,5,28"
8741003145,387,3,15,"4,3,14,19"
7542278726,388,6,5,"5,2,4,7"
6784985256,389,4,1,"4,5,2,8"
6785000268,389,4,11,"5,4,2,7"
4957860037,390,7,25,"4,2,5,10"
4958455858,390,7,25,"2,5,4,11"
4958458552,390,7,25,"2,5,4,25"
4957866673,390,7,25,"5,2,4,6"
4958461950,390,7,25,"2,4,5,12"
4958464688,390,7,25,"2,5,4,7"
4957873197,390,7,25,"3,4,2,5"
4957875851,390,7,25,"2,5,4,7"
4958471322,390,7,25,"4,2,5,10"
4958473254,390,7,25,"5,2,4,17"
4958476178,390,7,25,"4,5,2,10"
4957884543,390,7,25,"4,2,5,10"
4958480954,390,7,31,"5,2,4,7"
4957889261,390,7,31,"4,5,2,7"
4958493642,390,7,24,"5,2,4,7"
4957901175,390,7,24,"4,5,2,19"
4957902907,390,7,16,"14,3,4,15"
12562990005,391,1,33,"4,5,2,3"
4165278515,392,11,15,"4,2,3,19"
405528303,393,1,21,"2,4,5,13"
405529287,393,1,21,"2,5,13,12"
405529453,393,1,21,"2,5,13,12"
405529525,393,1,21,"5,2,13,12"
405529597,393,1,21,"2,5,4,12"
405529657,393,1,21,"5,2,13,4"
405529966,393,1,29,"2,5,4,12"
405530054,393,1,29,"2,5,12,9"
405530148,393,1,29,"4,2,5,3"
405530364,393,1,29,"5,2,12,9"
405530653,393,1,29,"2,5,12,9"
405530811,393,1,29,"2,5,4,7"
405531042,393,1,29,"4,3,2,5"
405531360,393,1,11,"5,2,4,13"
405531432,393,1,11,"5,2,4,12"
405531481,393,1,11,"5,2,4,12"
405531619,393,1,11,"4,2,5,10"
405535859,393,1,11,"4,2,5,10"
405536090,393,1,11,"5,2,12,7"
2640885029,394,5,31,"4,2,5,19"
2605193430,395,3,17,"5,2,4,7"
2605196942,395,3,13,"2,4,5,7"
3879353386,396,8,31,"3,4,14,23"
2477049774,397,3,18,"5,4,2,8"
2477049470,397,3,18,"4,5,2,7"
2477048994,397,3,18,"4,5,2,8"
2476234651,397,3,18,"4,3,2,0"
2477047886,397,3,11,"4,5,2,10"
2476233455,397,3,11,"2,1,5,0"
10117480895,398,8,19,"4,5,2,10"
10117438694,398,8,19,"4,5,2,10"
10117441014,398,8,29,"13,4,5,2"
10117488785,398,8,29,"2,5,13,12"
10117537626,398,8,29,"4,5,3,2"
10117495615,398,8,29,"5,2,4,13"
10117613113,398,8,29,"5,2,4,17"
10117454694,398,8,29,"5,2,17,9"
10117618363,398,8,27,"4,3,15,14"
10117620953,398,8,27,"5,4,2,13"
10117556216,398,8,27,"4,2,5,13"
10117464724,398,8,27,"5,2,4,6"
10117513775,398,8,27,"5,2,4,10"
10117631063,398,8,27,"4,5,2,10"
1506224116,399,7,23,"4,5,2,7"
1505362753,399,7,23,"5,2,8,17"
1496273458,399,7,10,"4,3,2,5"
1495416375,399,7,10,"3,4,2,29"
1495417203,399,7,10,"3,14,4,15"
1505446355,399,7,4,"3,4,14,15"
1505447027,399,7,4,"4,3,19,29"
1506309760,399,7,4,"4,3,14,15"
1507063635,399,7,1,"4,3,2,10"
1507919360,399,7,17,"5,2,4,7"
1507919932,399,7,17,"5,2,4,7"
1536651106,399,7,11,"5,4,2,10"
1536649726,399,7,11,"5,4,2,11"
1392853372,399,7,19,"3,4,14,10"
1391960551,399,7,19,"4,14,3,55"
1393284106,399,7,24,"4,5,2,7"
1518672304,399,7,2,"3,22,33,2"
867799414,400,5,25,"3,14,4,15"
867803142,400,5,25,"3,14,4,15"
866955395,400,5,25,"14,3,4,15"
866957877,400,5,25,"3,15,4,14"
866960847,400,5,25,"3,4,15,5"
866964007,400,5,25,"4,3,14,10"
866966829,400,5,25,"4,2,5,11"
3013845309,401,9,2,"3,2,5,0"
3152214304,401,9,16,"4,5,2,3"
2971098089,402,7,1,"4,2,5,3"
8180589223,403,10,6,"4,3,15,14"
7110392353,404,3,20,"5,2,13,12"
7110392545,404,3,20,"5,2,7,0"
7110392735,404,3,20,"5,2,4,12"
7110392887,404,3,20,"5,2,4,6"
6964319408,404,3,20,"5,2,4,7"
7110393207,404,3,28,"5,4,2,7"
7110393465,404,3,28,"4,2,5,7"
6964320052,404,3,28,"4,3,15,14"
6964320262,404,3,5,"3,14,4,15"
7110394047,404,3,8,"4,2,5,0"
6964320560,404,3,8,"5,2,4,7"
7110394501,404,3,8,"3,4,2,5"
7110394611,404,3,8,"14,3,4,22"
6964321122,404,3,8,"2,5,4,13"
6964321240,404,3,8,"5,2,4,12"
7110395173,404,3,8,"5,2,17,4"
7110395319,404,3,1,"5,2,4,13"
7110395457,404,3,1,"4,2,5,11"
6964321940,404,3,1,"2,5,4,7"
7110395799,404,3,1,"5,2,4,13"
7110396003,404,3,1,"2,5,12,4"
6964322472,404,3,1,"4,5,2,8"
7110396459,404,3,12,"4,3,2,10"
7110396695,404,3,12,"4,2,5,7"
6964323114,404,3,1,"2,5,4,7"
7110397003,404,3,1,"4,2,5,7"
7110397177,404,3,8,"4,3,22,14"
9497796450,405,7,19,"3,4,14,53"
9497775538,405,7,19,"4,5,2,10"
2489649347,406,4,24,"3,4,2,14"
2489650041,406,4,24,"4,3,19,2"
2489650487,406,4,24,"4,3,19,28"
2489651131,406,4,24,"4,3,19,2"
2489651749,406,4,24,"4,19,2,3"
2489652193,406,4,24,"4,2,5,19"
2490471238,406,4,24,"4,3,19,27"
2490471774,406,4,24,"4,2,28,5"
2490472260,406,4,24,"4,28,3,19"
2489654161,406,4,24,"4,2,5,19"
2489654683,406,4,24,"4,19,2,5"
2489655021,406,4,24,"2,4,5,19"
2490473956,406,4,24,"4,2,5,19"
2489655813,406,4,24,"4,2,5,19"
2490474828,406,4,24,"4,2,19,5"
2490475310,406,4,24,"4,2,5,28"
2489657241,406,4,24,"4,2,5,28"
2490476330,406,4,24,"4,2,19,5"
2490477036,406,4,24,"4,3,19,27"
2490477690,406,4,24,"4,2,5,3"
2490478234,406,4,24,"4,2,5,28"
2490478748,406,4,24,"4,3,2,19"
2489660719,406,4,24,"4,19,3,2"
2489661347,406,4,24,"4,19,2,27"
2490480460,406,4,24,"4,3,19,28"
2489662459,406,4,24,"4,3,19,28"
2489662923,406,4,24,"4,3,19,28"
2489663367,406,4,24,"4,2,5,28"
2489663919,406,4,24,"4,3,19,28"
2490482880,406,4,24,"4,2,5,19"
4546049593,407,3,10,"4,5,15,3"
4546050721,407,3,21,"4,3,19,15"
4546051591,407,3,1,"5,2,13,4"
4546686890,407,3,13,"5,4,13,2"
4546687792,407,3,1,"5,2,4,13"
4546054719,407,3,1,"5,4,2,13"
71172188,408,11,0,"5,4,2,6"
5477308492,409,1,1,"2,5,4,7"
5476712553,409,1,7,"2,5,4,12"
5476716275,409,1,7,"4,2,5,10"
5477319018,409,1,7,"5,2,4,10"
5477323256,409,1,7,"4,5,2,7"
5477327730,409,1,7,"5,2,4,7"
7352255114,410,5,13,"0,17,1,3"
7167108595,410,5,1,"5,4,2,69"
12253004956,411,5,19,"2,4,5,7"
12253008126,411,5,19,"4,3,14,15"
12252445475,411,5,19,"4,2,5,10"
12252891194,411,5,19,"3,4,0,2"
12252630393,411,5,15,"4,3,2,14"
12252897324,411,5,15,"5,2,8,4"
12252946284,411,5,21,"5,2,4,7"
12253076076,411,5,21,"2,5,4,7"
12252517135,411,5,21,"5,2,4,7"
12252698703,411,5,21,"2,5,7,4"
12252720123,411,5,13,"2,5,4,7"
12253111626,411,5,13,"5,2,4,1"
12252988894,411,5,13,"5,2,4,1"
12252729983,411,5,13,"4,3,10,14"
12252734273,411,5,13,"2,5,4,7"
12252999544,411,5,13,"2,5,4,7"
12252563105,411,5,13,"5,2,4,12"
12252566225,411,5,13,"5,2,4,7"
12252570155,411,5,13,"5,2,4,7"
12253014484,411,5,13,"5,2,4,7"
12252867473,411,5,13,"14,3,4,15"
12252871183,411,5,13,"5,2,4,13"
12253263996,411,5,13,"5,2,4,13"
12253159954,411,5,21,"5,2,4,7"
12253289986,411,5,21,"5,2,4,0"
12252903183,411,5,21,"4,5,2,13"
12252729255,411,5,21,"5,4,2,13"
12252733345,411,5,21,"5,2,4,12"
12252770915,411,5,20,"2,3,4,5"
12253217754,411,5,20,"4,2,5,11"
12252956983,411,5,20,"5,2,4,7"
12253225164,411,5,20,"5,2,4,7"
12253228594,411,5,20,"5,2,4,7"
12253356116,411,5,20,"5,2,4,12"
12253004363,411,5,20,"5,2,3,9"
12253273174,411,5,20,"2,5,9,0"
12253402786,411,5,20,"5,2,4,7"
9302179270,412,3,1,"5,2,4,7"
8665267898,412,3,13,"4,5,2,13"
9302174302,412,3,1,"5,2,9,7"
8664260063,412,3,1,"4,3,14,2"
2848665936,413,8,4,"3,4,14,25"
2868447724,413,8,4,"15,14,3,4"
9085338073,414,5,8,"3,4,14,15"
4910744704,415,5,23,"4,3,2,10"
32034024,416,6,0,"3,14,4,22"
32034683,416,6,0,"14,3,4,22"
32035529,416,6,0,"3,4,14,22"
32035926,416,6,27,"2,5,4,7"
32036323,416,6,27,"4,3,2,5"
32036709,416,6,25,"4,5,2,11"
32037590,416,6,27,"3,4,14,15"
7965206404,417,8,25,"3,4,14,23"
7054408169,418,3,11,"4,5,2,10"
455133290,419,3,27,"5,2,7,4"
2932811266,420,8,15,"3,4,14,15"
2932813454,420,8,15,"3,14,4,15"
1972383119,421,10,0,"4,5,15,3"
2289691164,421,1,2,"3,4,14,25"
8293222481,422,4,30,"3,14,15,4"
8294276278,422,4,26,"3,14,4,15"
5699470561,422,4,22,"5,2,8,4"
5699471129,422,4,22,"4,2,5,25"
5700045960,422,4,22,"2,5,4,7"
5699476829,422,4,22,"5,2,8,17"
3425197274,423,3,21,"5,4,2,12"
2600185930,424,5,24,"4,2,5,3"
2398870737,425,6,3,"4,5,2,7"
2398869807,425,6,18,"4,5,2,7"
2398885643,425,6,18,"3,4,19,27"
2399714586,425,6,10,"3,4,24,2"
2399704618,425,6,18,"3,4,2,14"
3106592821,425,11,18,"3,2,4,17"
3106596991,425,11,18,"4,3,2,16"
3106602297,425,11,18,"3,14,15,9"
3106605827,425,11,19,"2,4,5,0"
3107444130,425,11,19,"4,2,5,3"
3106634367,425,11,18,"5,4,2,7"
10889731455,426,4,25,"5,2,4,7"
12031557836,427,6,27,"2,5,12,9"
4359759464,428,0,4,"4,5,2,19"
2310959411,429,2,17,"5,2,4,12"
1272796395,430,6,22,"5,2,4,6"
2214031854,431,7,31,"4,8,5,2"
7734131476,432,7,13,"4,5,2,10"
7734135404,432,7,0,"4,5,2,19"
7734139880,432,7,0,"5,8,2,4"
7734155256,432,7,14,"5,2,4,13"
2215845889,433,11,31,"14,3,15,4"
12440047444,434,7,10,"4,3,14,2"
2335248485,435,9,1,"2,5,7,1"
3338546952,436,1,7,"5,2,4,7"
3337718377,436,1,7,"4,3,10,11"
3338557362,436,1,7,"4,3,14,15"
3338558552,436,1,7,"3,22,4,14"
3337728571,436,1,7,"5,2,4,7"
7355335752,437,5,27,"3,4,14,15"
5234578963,438,8,29,"5,4,2,0"
5235167950,438,8,24,"4,15,5,3"
5235164468,438,8,24,"4,10,5,3"
5234558461,438,8,24,"4,5,15,3"
5234532121,438,8,17,"5,4,2,12"
5235104296,438,8,17,"4,5,2,10"
5235098740,438,8,17,"15,3,4,13"
5234498045,438,8,17,"4,5,2,10"
5234488583,438,8,0,"4,3,2,5"
2980138490,439,9,6,"3,14,4,15"
8428083008,440,7,13,"2,5,13,20"
8426994231,440,7,13,"5,2,12,13"
4974595925,441,8,11,"4,5,2,6"
4975212142,441,8,11,"4,5,2,3"
4974599693,441,8,11,"4,5,2,10"
4974601549,441,8,14,"13,2,4,5"
8249553197,442,11,4,"3,14,4,15"
8526085555,443,8,19,"4,5,2,10"
8527203398,443,8,19,"14,3,4,15"
8088975423,443,8,7,"4,5,2,10"
8088977791,443,8,7,"5,2,4,12"
8088980367,443,8,8,"5,4,2,13"
2098889608,444,11,2,"3,4,15,14"
9298596997,445,6,5,"4,13,5,2"
1541744420,446,7,27,"5,2,4,1"
2646373380,447,5,13,"4,15,3,5"
2645548625,447,5,13,"5,4,2,19"
2645551161,447,5,13,"4,3,5,15"
2645552263,447,5,13,"4,3,5,2"
2646380976,447,5,13,"4,3,5,2"
2645556819,447,5,13,"4,5,2,19"
2646387410,447,5,13,"3,4,15,1"
2645561863,447,5,13,"5,4,13,2"
2645564601,447,5,13,"3,4,15,14"
2645568929,447,5,13,"4,3,14,15"
8103215497,448,9,33,"3,4,15,14"
9267385405,448,6,8,"5,2,0,1"
9459065546,448,7,8,"4,2,5,3"
7939610460,449,7,8,"2,5,4,12"
7939612530,449,7,8,"4,2,5,3"
7939614822,449,7,8,"5,2,4,7"
7939616832,449,7,8,"5,2,7,12"
7939618864,449,7,8,"5,4,2,7"
7939620866,449,7,1,"4,5,2,10"
7939753120,449,7,1,"4,2,3,5"
7939754844,449,7,1,"5,2,12,4"
7939756608,449,7,1,"5,2,4,12"
7939758292,449,7,8,"4,3,2,5"
7945577204,449,7,8,"5,2,4,7"
7945581482,449,7,7,"5,2,4,10"
7945583542,449,7,7,"4,2,5,7"
7945585484,449,7,7,"5,4,2,10"
7945587442,449,7,7,"4,5,2,10"
7945589556,449,7,7,"5,4,2,6"
7945591754,449,7,7,"5,2,4,10"
8900968752,450,4,32,"4,3,2,5"
3092738256,451,11,32,"5,4,2,19"
10845135224,452,8,3,"4,2,3,5"
2699540644,453,6,4,"4,3,15,14"
2719987760,453,6,4,"3,4,15,14"
2698727607,453,6,20,"2,5,4,8"
2289272558,454,11,24,"4,5,19,2"
7943237882,455,7,26,"2,4,5,7"
7943238160,455,7,26,"2,5,4,7"
7943238678,455,7,26,"15,3,14,4"
7943239110,455,7,26,"15,3,14,4"
7943239554,455,7,26,"3,14,15,4"
7943241176,455,7,6,"4,3,14,15"
7943241640,455,7,6,"4,3,14,15"
7943242084,455,7,6,"14,15,3,4"
7943243880,455,7,7,"5,2,17,1"
7943244338,455,7,7,"5,2,4,17"
7943244618,455,7,7,"5,2,4,7"
7943244952,455,7,7,"2,5,4,0"
7943245288,455,7,7,"5,2,4,7"
536279314,456,0,19,"14,3,22,15"
8694823565,457,1,19,"3,4,49,56"
8694823705,457,1,19,"14,3,15,4"
8694829611,457,2,11,"4,3,22,15"
6775660327,458,0,13,"4,5,2,10"
6775660939,458,0,8,"4,5,15,3"
6775661527,458,0,8,"5,4,2,13"
6775662041,458,0,7,"4,5,10,11"
6775662537,458,0,17,"5,4,2,12"
6775663137,458,0,17,"5,4,2,12"
6775663611,458,0,17,"5,4,2,12"
2345771288,459,2,28,"5,2,4,37"
2345773172,459,2,12,"4,5,2,8"
2345773502,459,2,12,"3,4,14,18"
2345774074,459,2,12,"2,5,4,8"
6058737783,460,7,25,"14,3,4,22"
8572283858,461,2,29,"5,2,4,6"
2617247911,462,5,10,"2,13,5,20"
8155789085,463,10,1,"5,2,4,12"
12043297486,464,9,19,"4,5,2,10"
12042463245,464,9,10,"5,2,4,7"
12042466365,464,9,10,"4,5,2,10"
12042768913,464,9,10,"5,2,6,12"
12042771703,464,9,10,"5,2,6,4"
12042868154,464,9,10,"5,4,2,28"
12043336436,464,9,10,"4,5,2,28"
12042782133,464,9,21,"5,4,2,13"
12042785823,464,9,21,"4,5,2,31"
12042882644,464,9,21,"5,2,4,12"
12042885934,464,9,21,"5,4,13,2"
12042809953,464,9,13,"5,4,2,13"
12043370546,464,9,13,"4,5,2,13"
12042518095,464,9,13,"5,4,13,2"
12043376786,464,9,13,"4,5,2,10"
12043379636,464,9,13,"5,4,13,2"
12042548595,464,9,13,"5,4,13,2"
12042850083,464,9,13,"5,4,13,2"
12042556125,464,9,13,"4,5,2,13"
12042559825,464,9,13,"5,13,2,4"
12042563005,464,9,13,"5,4,2,13"
12042966374,464,9,20,"5,4,2,13"
12043433486,464,9,20,"5,4,2,13"
12043437216,464,9,20,"5,4,2,7"
12042907213,464,9,20,"4,5,13,2"
12042611345,464,9,20,"4,5,2,13"
12073048756,464,9,10,"4,3,10,2"
12072707773,464,9,10,"5,2,4,3"
12072711653,464,9,10,"2,5,4,0"
12072714563,464,9,10,"5,2,4,7"
12072828874,464,9,10,"5,4,2,0"
12072721463,464,9,10,"5,2,4,0"
12073069946,464,9,10,"4,5,2,6"
12072424575,464,9,10,"4,2,5,3"
12072730663,464,9,10,"5,2,4,0"
12072733423,464,9,10,"4,5,2,7"
12072434005,464,9,10,"5,2,4,7"
12072849804,464,9,10,"4,3,10,23"
12072852624,464,9,10,"4,10,3,2"
12072746723,464,9,10,"4,2,5,3"
12072447225,464,9,10,"5,2,4,6"
12072450345,464,9,10,"3,0,1,4"
12072453315,464,9,10,"5,2,4,7"
12072867724,464,9,10,"4,5,2,6"
12072761563,464,9,10,"5,2,4,0"
12072463295,464,9,10,"5,2,4,0"
12072466605,464,9,10,"4,2,3,5"
12072492445,464,9,25,"4,3,14,18"
12073142166,464,9,25,"3,4,14,25"
12072910874,464,9,25,"4,3,14,15"
12072501715,464,9,25,"4,3,19,2"
12073152076,464,9,25,"5,4,2,10"
12072920584,464,9,25,"4,5,2,10"
12072511545,464,9,25,"4,5,2,10"
12072927674,464,9,25,"4,3,14,30"
12072930944,464,9,25,"2,5,4,11"
12072933724,464,9,25,"4,2,5,10"
12073172906,464,9,25,"4,3,2,10"
12073176186,464,9,25,"4,3,10,14"
12072944284,464,9,25,"4,2,5,11"
12073190266,464,9,0,"4,3,2,14"
12073193026,464,9,0,"4,3,2,10"
12073195936,464,9,0,"4,2,5,19"
12073199106,464,9,0,"5,2,4,1"
12072966554,464,9,0,"5,2,12,7"
12072557785,464,9,0,"3,1,17,32"
12072974714,464,9,0,"5,2,4,7"
12072978684,464,9,0,"5,4,2,10"
12072871673,464,9,0,"5,2,4,8"
12072986154,464,9,0,"5,2,4,7"
12072989504,464,9,0,"5,2,4,7"
12073227326,464,9,0,"2,5,4,11"
12072884623,464,9,0,"5,2,4,7"
12072585195,464,9,0,"5,2,4,12"
12072588815,464,9,0,"5,2,13,12"
12073005624,464,9,13,"5,2,12,6"
8026269648,465,5,18,"5,2,4,1"
5679204937,466,4,26,"3,4,14,15"
2965576204,467,9,16,"3,14,4,15"
305662231,468,10,6,"4,15,5,3"
633717487,468,5,6,"2,4,5,7"
462967824,469,4,24,"3,4,2,5"
462967784,469,4,24,"6,5,2,9"
462966977,469,5,11,"5,2,4,12"
462967041,469,5,11,"5,2,13,4"
462966987,469,5,11,"5,4,2,7"
462966971,469,5,11,"5,4,2,13"
462966979,469,5,11,"5,2,12,6"
277299848,469,9,11,"4,5,15,13"
277299852,469,9,13,"4,3,5,2"
277299855,469,9,13,"4,5,28,2"
277299858,469,9,11,"4,3,14,15"
313144724,469,9,23,"0,1,17,32"
313144736,469,9,23,"3,4,0,2"
313144745,469,9,23,"3,14,4,25"
313144730,469,9,23,"0,1,3,2"
313155666,469,9,23,"3,1,0,32"
313144748,469,9,23,"3,4,0,1"
313144753,469,9,23,"5,2,7,12"
452984639,469,2,16,"4,10,2,5"
440163306,469,2,16,"4,3,31,10"
452984645,469,2,24,"4,2,10,3"
440173836,469,2,24,"3,2,4,5"
440165796,469,2,24,"5,6,2,4"
440173832,469,2,16,"4,5,2,10"
452984653,469,2,24,"3,9,2,5"
440165810,469,2,24,"3,4,14,2"
440165822,469,2,24,"4,3,14,31"
452988847,469,2,2,"3,2,0,1"
3803637511,470,7,13,"4,2,5,3"
3804461096,470,7,34,"3,14,15,4"
8729798656,470,4,29,"5,2,12,9"
8729798086,470,4,29,"5,2,12,4"
8728679663,470,4,29,"5,2,12,6"
8728679233,470,4,29,"4,5,13,2"
8729796290,470,4,29,"4,5,2,13"
8728677923,470,4,29,"5,4,2,7"
8729794996,470,4,29,"4,15,3,14"
8729794388,470,4,29,"4,3,15,14"
8809872418,471,4,11,"2,5,4,13"
8809868922,471,4,14,"2,5,3,9"
8809864664,471,4,14,"4,3,25,18"
8809859724,471,4,8,"3,4,15,14"
8799271993,471,4,8,"3,4,2,17"
3173809148,472,8,8,"4,5,2,3"
5461227284,473,0,25,"2,4,5,11"
5461227834,473,0,25,"4,2,11,5"
5461228504,473,0,25,"4,5,2,11"
5461228768,473,0,25,"5,2,4,11"
5460623193,473,0,25,"4,2,5,11"
5461229648,473,0,25,"2,5,4,7"
5460624187,473,0,25,"4,5,2,11"
5460624461,473,0,25,"4,5,2,11"
5460625213,473,0,25,"4,2,5,10"
5461231598,473,0,25,"4,2,5,11"
5461232446,473,0,25,"4,2,5,11"
5460627141,473,0,25,"4,15,3,14"
5460627645,473,0,25,"3,15,4,14"
5460627963,473,0,25,"4,3,14,15"
5461234288,473,0,25,"14,3,4,15"
5461234620,473,0,25,"3,4,15,14"
5460629137,473,0,25,"4,3,14,15"
5461235260,473,0,25,"3,14,4,15"
5461235688,473,0,25,"4,3,14,15"
5461235902,473,0,25,"3,4,15,14"
5461236134,473,0,25,"4,3,14,10"
5461236524,473,0,25,"3,4,14,15"
5461236776,473,0,25,"3,14,4,15"
5460631345,473,0,25,"3,4,15,14"
5461237326,473,0,25,"3,14,22,4"
5461237592,473,0,25,"3,4,14,15"
5460632189,473,0,25,"4,3,15,10"
5460632509,473,0,25,"4,3,15,14"
5460632857,473,0,25,"3,4,15,14"
5460633207,473,0,25,"4,3,14,15"
1304104365,474,0,19,"4,5,2,10"
1304103387,474,0,19,"4,2,5,3"
4799935229,475,6,4,"5,2,4,11"
4799935745,475,6,20,"4,5,2,7"
4799936245,475,6,5,"5,2,4,7"
4800570838,475,6,5,"2,5,12,4"
4800020183,475,6,27,"5,2,17,1"
4800020731,475,6,27,"5,4,2,10"
4800021445,475,6,27,"2,5,17,8"
4802241867,475,6,20,"2,13,5,12"
4802872516,475,6,20,"5,2,4,6"
4802243709,475,6,5,"4,2,5,7"
4804741314,475,6,21,"5,2,12,13"
4808647717,475,6,19,"4,3,2,5"
4809271178,475,6,19,"5,2,4,7"
4808650795,475,6,19,"4,3,2,10"
4809274118,475,6,19,"5,2,4,7"
4809275930,475,6,19,"5,2,4,7"
4809277340,475,6,19,"4,5,2,10"
4812732676,475,6,19,"4,3,14,15"
4947811208,476,5,32,"2,5,4,7"
4947811632,476,5,0,"4,2,5,7"
9816268644,477,8,25,"3,15,4,14"
4544237936,478,10,24,"4,5,2,7"
4543618629,478,10,24,"4,3,14,15"
4544254374,478,10,0,"4,2,5,42"
4543627407,478,10,13,"5,2,4,6"
4543616345,478,10,8,"3,14,4,15"
3117626080,479,5,25,"4,3,14,23"
8309185543,480,4,8,"2,5,1,4"
8309185377,480,4,8,"5,2,17,1"
8309185173,480,4,8,"5,2,4,7"
8310234004,480,4,8,"5,4,2,10"
8309184899,480,4,8,"3,4,2,25"
8310233486,480,4,8,"5,2,4,13"
8309184429,480,4,8,"4,5,2,7"
8310233226,480,4,8,"5,2,4,7"
8310233118,480,4,8,"5,2,4,7"
8309183969,480,4,8,"5,2,4,7"
10257601286,481,9,26,"4,2,3,5"
10257501734,481,9,31,"2,5,4,7"
10257605566,481,9,31,"2,5,4,7"
10257505634,481,9,31,"4,5,2,19"
10257507824,481,9,26,"5,2,4,10"
10257719053,481,9,26,"2,4,5,10"
10257620816,481,9,23,"4,2,5,10"
10257523534,481,9,4,"4,5,2,10"
10257733913,481,9,4,"5,2,13,4"
10257638345,481,9,4,"4,5,2,7"
10257737643,481,9,20,"5,2,12,6"
10257647995,481,9,10,"5,2,4,7"
7998325078,482,5,32,"2,5,4,7"
7998325410,482,5,4,"4,2,5,7"
7998921741,482,5,20,"2,5,4,12"
4224572241,483,11,10,"3,14,4,15"
4224566085,483,11,10,"3,22,14,4"
4224572473,483,11,10,"3,4,14,15"
4225341650,483,11,10,"3,5,4,2"
4224573035,483,11,10,"4,3,15,14"
4224573265,483,11,10,"3,14,4,15"
4224573613,483,11,10,"5,6,9,2"
159063272,484,4,1,"3,4,14,10"
8135776281,485,9,29,"4,2,3,5"
8139846360,485,9,4,"3,4,14,15"
8717172833,486,4,23,"4,3,15,10"
8712548393,486,4,34,"3,4,14,15"
8748291220,486,4,34,"4,3,14,15"
8734875096,486,4,10,"4,3,2,5"
9296028699,487,5,23,"4,2,5,7"
9298803244,487,5,19,"4,5,3,2"
9296016595,487,5,19,"14,3,4,15"
9295950201,487,5,19,"4,3,10,15"
9298725844,487,5,19,"3,4,15,10"
9298719634,487,5,19,"3,4,15,14"
9298716594,487,5,19,"4,3,15,14"
9298713474,487,5,19,"4,2,5,10"
9298710394,487,5,19,"3,4,14,10"
9295926009,487,5,19,"4,3,2,5"
9295921609,487,5,19,"4,5,2,7"
9298692838,487,5,19,"14,3,4,15"
9295911945,487,5,19,"4,3,23,14"
9295895889,487,5,23,"4,5,2,10"
3583023450,488,4,31,"2,4,5,19"
3582215227,488,4,31,"4,3,2,5"
3583024290,488,4,31,"4,5,2,10"
3582216497,488,4,31,"5,4,2,7"
3582217095,488,4,31,"4,5,2,10"
3583027564,488,4,31,"4,3,2,5"
3582222131,488,4,0,"4,5,2,19"
4053432164,489,6,7,"4,10,3,2"
231724471,490,7,27,"5,2,17,3"
231724507,490,7,27,"2,5,4,6"
5000644825,491,8,17,"5,2,4,7"
2827560869,492,7,33,"2,5,12,7"
7830945638,493,7,0,"3,14,4,15"
115349655,494,2,0,"4,5,2,13"
115349611,494,2,0,"4,2,5,37"
115349593,494,2,0,"2,5,4,12"
115351951,494,2,13,"4,2,31,5"
5655529506,495,3,29,"3,4,22,2"
2909815256,496,8,24,"4,5,2,27"
8750413061,497,11,31,"4,2,5,10"
8751535100,497,11,31,"4,2,5,19"
3086996490,498,10,7,"4,5,2,11"
3115787428,498,10,17,"5,2,4,7"
7972306552,499,8,0,"4,5,2,3"
2640786653,500,0,15,"4,3,2,5"
2679438871,500,6,15,"3,4,14,15"
2680517619,500,6,10,"13,5,2,12"
674891726,501,5,17,"2,5,4,12"
5589692822,502,2,10,"5,4,2,12"
5589103325,502,2,10,"4,3,2,5"
5589103907,502,2,10,"3,14,4,15"
4811927116,503,10,11,"5,4,2,10"
4811303339,503,10,11,"3,4,14,15"
4545958061,504,11,25,"14,15,3,4"
3571274604,505,4,8,"2,5,4,7"
3570469389,505,4,1,"4,2,5,7"
3916663997,506,7,10,"4,5,2,10"
3916662773,506,7,15,"3,4,14,15"
3916665515,506,7,15,"5,2,4,11"
1669566291,507,8,16,"3,4,2,5"
1670425062,507,8,24,"5,2,4,7"
1669604489,507,8,24,"4,2,5,3"
1670464310,507,8,16,"4,5,2,3"
1669621857,507,8,16,"2,5,4,7"
1670484604,507,8,24,"4,3,5,19"
1669646545,507,8,18,"5,4,2,8"
1669659603,507,8,25,"3,4,14,15"
1669725765,507,8,13,"3,4,22,14"
1669738199,507,8,31,"3,4,14,15"
2377432997,507,2,21,"5,4,2,12"
2377434349,507,2,25,"4,5,10,2"
3456196537,507,3,21,"4,19,2,27"
3456290957,507,3,21,"4,2,5,8"
3457111770,507,3,21,"4,2,5,12"
3456297847,507,3,21,"4,3,2,19"
3457121946,507,3,21,"4,3,2,19"
3456306367,507,3,21,"4,3,2,5"
3457129030,507,3,21,"4,2,3,19"
3456308919,507,3,21,"4,3,2,19"
3457131904,507,3,21,"4,3,2,5"
3457136648,507,3,21,"4,3,2,5"
3457134328,507,3,21,"4,2,3,5"
3457139122,507,3,21,"4,3,2,31"
3457141748,507,3,21,"3,4,14,15"
3457147248,507,3,21,"4,3,14,15"
3457144332,507,3,21,"3,4,14,15"
3457149302,507,3,21,"4,3,14,56"
3457151322,507,3,21,"4,5,2,3"
3456335371,507,3,21,"4,2,5,28"
3456340949,507,3,21,"4,2,5,31"
3456342339,507,3,21,"4,2,27,19"
3457161498,507,3,21,"4,2,5,3"
3457164676,507,3,21,"4,3,2,23"
3456347999,507,3,21,"4,2,5,27"
3456349439,507,3,21,"3,4,2,5"
3456351629,507,3,21,"4,2,19,5"
3456353773,507,3,21,"4,19,27,2"
3456355777,507,3,21,"4,2,19,27"
3456360465,507,3,21,"4,19,2,27"
3457176204,507,3,21,"4,2,5,27"
3457183342,507,3,21,"4,2,5,19"
3457188530,507,3,21,"4,2,5,19"
3456374203,507,3,21,"4,19,27,2"
42446087,508,7,1,"3,4,14,15"
3430323037,509,5,7,"3,14,4,15"
3431135256,509,5,7,"3,14,4,15"
10171920315,510,9,24,"4,5,2,7"
10171919495,510,9,24,"3,0,1,17"
10171806004,510,9,2,"4,2,5,11"
10171914185,510,9,3,"4,5,2,7"
10171913765,510,9,3,"4,3,21,20"
10171912825,510,9,3,"5,2,4,7"
10171799274,510,9,3,"5,2,4,20"
10171798874,510,9,3,"4,5,2,20"
10172042193,510,9,3,"3,4,2,14"
10171796374,510,9,3,"14,3,4,15"
10852489504,510,9,3,"5,2,4,13"
10852403406,510,9,6,"3,4,15,22"
10852673203,510,9,6,"3,4,22,14"
10852491264,510,9,6,"3,4,15,14"
10852674313,510,9,6,"4,3,5,2"
10852492524,510,9,6,"4,22,3,33"
10852675833,510,9,6,"3,4,14,22"
10852493824,510,9,6,"4,5,2,7"
10852494214,510,9,6,"3,4,33,15"
10852407946,510,9,6,"3,22,15,14"
10852408516,510,9,6,"3,4,22,33"
10852495584,510,9,6,"4,3,19,27"
10852679293,510,9,6,"3,4,14,15"
10852680103,510,9,6,"3,22,4,8"
10852497704,510,9,6,"3,4,22,33"
10852681583,510,9,6,"3,4,0,1"
10852412776,510,9,6,"3,4,22,33"
10852682873,510,9,6,"3,4,22,14"
10852350015,510,9,6,"3,15,14,4"
10852500384,510,9,6,"3,4,14,15"
10852351455,510,9,6,"3,22,4,15"
10852501894,510,9,6,"3,4,15,33"
10852416566,510,9,6,"3,22,14,15"
10852417416,510,9,6,"3,4,22,33"
10852354425,510,9,6,"4,3,15,14"
10852687843,510,9,6,"3,22,4,14"
10852688183,510,9,6,"3,4,14,29"
10852419536,510,9,6,"3,14,4,22"
10852356315,510,9,6,"3,4,15,24"
340666737,511,11,30,"3,4,14,15"
340806859,511,11,7,"4,2,3,5"
340847141,511,11,17,"4,5,2,10"
340847150,511,11,17,"5,2,4,6"
340869111,511,11,17,"3,4,2,25"
340869119,511,11,17,"3,4,25,2"
3876422935,512,2,13,"4,27,19,5"
3876423093,512,2,7,"5,4,2,10"
3877215122,512,2,7,"4,5,2,11"
3877213700,512,2,7,"4,5,2,19"
841629220,513,6,10,"4,3,10,2"
3137489692,514,2,27,"4,2,5,3"
9099875733,515,4,7,"5,2,4,6"
3410972799,516,7,14,"2,5,12,13"
3411782174,516,7,14,"5,2,12,4"
7542858036,517,6,10,"4,3,2,5"
8575013058,518,1,28,"4,2,5,7"
2199373567,519,11,24,"4,5,2,27"
2199377209,519,11,24,"4,5,2,7"
2200173700,519,11,16,"4,2,5,7"
2200181028,519,11,24,"4,5,2,19"
2199391495,519,11,24,"4,2,5,27"
2199395115,519,11,2,"5,2,4,11"
2199398451,519,11,3,"4,3,0,2"
7159738656,520,4,24,"5,4,2,6"
7159739016,520,4,16,"4,2,5,3"
14009673784,521,3,8,"4,3,2,28"
14005959972,521,3,6,"3,4,14,32"
14006039331,521,3,6,"3,5,0,2"
245216494,522,8,8,"3,14,4,25"
10894439275,523,4,2,"3,4,0,1"
7957183446,524,8,17,"3,14,4,15"
4102816893,525,7,27,"5,2,4,7"
4102820021,525,7,11,"5,2,4,8"
4102822421,525,7,13,"5,2,1,0"
4111635271,525,7,7,"4,3,14,2"
8999801267,526,5,14,"5,2,13,12"
4955376296,527,8,25,"4,15,3,14"
4955612224,527,8,25,"4,11,10,5"
4954795557,527,8,0,"3,4,14,2"
4955388142,527,8,0,"4,5,2,31"
9468684196,528,9,24,"4,5,2,10"
9465901759,528,9,24,"4,5,3,10"
9465899023,528,9,16,"4,5,15,3"
9468674518,528,9,2,"4,5,2,10"
9465891737,528,9,2,"4,3,15,14"
9465885993,528,9,2,"4,3,5,10"
8868810093,529,10,25,"4,10,11,30"
8869425426,529,10,25,"4,5,11,2"
8889280340,529,10,13,"4,5,13,2"
13361759515,529,10,11,"4,5,2,10"
8855255787,530,8,4,"3,4,15,14"
1380268175,531,6,24,"4,5,2,10"
3767231071,532,6,25,"4,10,11,2"
12826642574,533,8,25,"14,3,15,4"
12389502134,533,8,25,"3,14,4,15"
822628025,534,6,8,"2,5,4,12"
878972529,534,6,8,"3,4,1,0"
823504570,534,6,8,"2,5,4,12"
822630621,534,6,8,"5,2,7,4"
823506686,534,6,8,"4,2,5,7"
822632629,534,6,8,"5,2,4,12"
822633639,534,6,8,"5,2,4,12"
823509372,534,6,8,"5,2,4,12"
823510350,534,6,8,"2,5,12,4"
822636449,534,6,8,"2,5,12,9"
822637385,534,6,8,"2,5,12,17"
822638611,534,6,8,"5,2,4,8"
822639719,534,6,8,"2,5,12,4"
879821774,534,6,8,"5,2,12,6"
878975309,534,6,8,"5,2,4,7"
878977121,534,6,8,"2,5,4,1"
879826582,534,6,8,"5,2,12,17"
878980613,534,6,8,"2,4,5,7"
823515872,534,6,8,"4,2,5,3"
823516726,534,6,8,"5,2,8,17"
878982231,534,6,8,"4,2,5,7"
878984845,534,6,8,"5,4,2,7"
822643221,534,6,8,"2,5,4,1"
878997085,534,6,8,"4,3,2,5"
822879571,534,6,13,"4,2,5,19"
3483454451,535,4,7,"4,2,5,7"
3483455959,535,4,17,"5,2,4,7"
5780465943,536,2,8,"3,4,0,1"
5781021726,536,2,8,"4,3,10,5"
5781025458,536,2,8,"4,5,2,10"
5780485703,536,2,8,"14,3,4,15"
5498675317,537,2,11,"3,4,15,14"
5498675823,537,2,11,"4,3,15,14"
5498676425,537,2,11,"4,15,3,5"
5499271064,537,2,11,"3,14,15,4"
5498677477,537,2,11,"4,3,15,5"
5498678085,537,2,11,"4,3,15,5"
5499272762,537,2,11,"3,15,14,4"
5498679551,537,2,11,"3,14,15,4"
5498679939,537,2,11,"3,15,4,0"
5498680285,537,2,11,"3,4,15,14"
5509502359,537,2,11,"4,3,19,36"
5510104044,537,2,11,"3,4,0,15"
3584002970,538,4,29,"3,4,15,14"
3584046480,538,4,29,"3,4,14,15"
3583240079,538,4,29,"15,3,14,4"
3583242307,538,4,29,"15,4,3,14"
3584052840,538,4,29,"15,3,4,14"
797692215,539,3,25,"4,5,11,2"
798653118,539,3,27,"5,2,4,8"
798653538,539,3,27,"5,2,12,17"
797771649,539,3,27,"5,2,12,13"
797695513,539,5,8,"4,15,10,3"
798590664,539,5,1,"5,4,2,15"
797750233,539,5,1,"3,15,4,5"
798577774,539,5,13,"4,15,3,5"
798591148,539,5,1,"4,5,2,3"
798591494,539,5,1,"4,3,15,5"
797716735,539,5,1,"4,5,2,15"
798599758,539,5,1,"4,5,3,2"
797717391,539,5,1,"4,5,2,3"
798600474,539,5,1,"4,5,3,10"
797717967,539,5,1,"4,15,3,14"
798601050,539,5,1,"4,5,15,3"
798601314,539,5,1,"4,5,15,2"
798660422,539,5,1,"2,5,17,7"
797779339,539,5,1,"5,2,4,7"
797779689,539,5,1,"5,2,7,12"
798661706,539,5,1,"5,2,12,4"
798662024,539,5,1,"5,2,12,6"
797780609,539,5,1,"5,12,2,6"
798602414,539,5,17,"4,5,15,2"
797719827,539,5,7,"4,5,10,2"
797732243,539,7,21,"3,15,4,5"
798615046,539,7,21,"3,15,9,14"
798615682,539,7,21,"4,3,0,15"
798615912,539,7,21,"3,15,4,0"
798616180,539,7,21,"3,15,14,0"
797734211,539,7,21,"3,15,14,1"
798616944,539,7,21,"3,9,15,5"
797734919,539,7,21,"3,15,9,14"
798617746,539,7,21,"4,3,15,10"
797735669,539,7,21,"15,3,4,14"
797736247,539,7,21,"3,15,9,14"
797736515,539,7,21,"4,5,15,3"
797736773,539,7,21,"15,4,3,5"
798620010,539,7,21,"3,15,4,14"
798620394,539,7,21,"4,15,3,10"
797738305,539,7,21,"4,5,15,2"
797738581,539,7,21,"3,4,15,14"
797738831,539,7,21,"15,4,5,3"
798621694,539,7,21,"3,15,14,9"
797793489,539,8,5,"4,5,2,3"
798680696,539,8,5,"4,5,3,2"
798675232,539,8,5,"4,3,2,5"
797794149,539,8,5,"4,3,14,18"
798675920,539,8,5,"4,5,2,3"
6009735404,540,6,0,"5,2,4,12"
2254022350,541,10,25,"4,5,10,2"
2254022878,541,10,0,"5,4,2,3"
2254024068,541,10,0,"4,15,3,13"
2292592873,541,10,19,"3,15,14,4"
9117582334,542,5,16,"4,5,2,7"
3651520550,543,5,10,"3,4,14,34"
3650722197,543,5,10,"3,4,14,39"
3651526054,543,5,0,"4,5,2,3"
3650727353,543,5,0,"4,2,5,7"
3651548936,543,5,0,"4,3,2,39"
3650734501,543,5,14,"4,2,5,3"
3650736503,543,5,11,"4,2,5,11"
3651539292,543,5,11,"4,3,10,2"
3651546412,543,5,35,"5,2,4,8"
3651565348,543,5,25,"4,3,10,2"
3650767223,543,5,25,"2,5,4,8"
3650769853,543,5,25,"3,4,14,39"
3650807361,543,5,25,"4,3,15,14"
3650810377,543,5,25,"3,14,4,15"
3650813083,543,5,25,"4,5,2,10"
3651615936,543,5,25,"3,4,14,25"
3651635608,543,5,4,"3,4,25,15"
3651733012,543,5,21,"5,2,4,13"
3652079444,543,5,29,"3,4,14,18"
3651288571,543,5,29,"17,1,3,32"
3653698608,543,5,27,"5,2,7,6"
3653698760,543,5,27,"2,5,3,4"
3653698904,543,5,27,"2,5,17,1"
3653699078,543,5,27,"4,2,5,3"
3653699248,543,5,27,"4,2,5,3"
3653699364,543,5,5,"3,4,14,15"
3653699504,543,5,5,"3,4,14,25"
3652904599,543,5,5,"2,5,4,7"
3653699738,543,5,5,"3,4,14,31"
3652904807,543,5,5,"3,4,14,15"
3653699972,543,5,5,"3,14,4,15"
3652905061,543,5,5,"3,14,4,8"
3653700254,543,5,5,"4,3,15,14"
3653700404,543,5,5,"3,5,39,2"
3652905499,543,5,5,"14,3,15,4"
3653700678,543,5,5,"4,3,14,15"
3652905745,543,5,5,"14,3,4,15"
3653700936,543,5,5,"3,4,15,14"
3652906031,543,5,5,"4,3,14,31"
3652906153,543,5,5,"4,3,2,14"
3653701244,543,5,28,"4,5,2,7"
3653701646,543,5,12,"2,4,5,18"
2236194939,544,1,30,"4,3,15,14"
9950165974,545,8,10,"2,4,5,7"
9950154645,545,8,25,"4,5,10,2"
9950181376,545,8,2,"5,2,4,7"
252537912,546,8,27,"2,5,4,7"
