268535960,0,9,0,"0,2,1,3"
284505324,0,9,1,"0,1,3,2"
285538933,0,10,0,"0,2,3,1"
289494173,0,10,2,"0,1,2,3"
289494204,0,10,3,"1,5,8,18"
289494280,0,10,3,"1,5,18,8"
294574920,0,10,4,"1,5,0,8"
294574988,0,10,5,"1,8,5,0"
7357471068,1,5,2,"5,8,1,0"
4999703206,2,8,5,"1,5,8,13"
4999712928,2,8,8,"1,5,0,18"
4999714564,2,8,5,"0,1,2,3"
4999113371,2,8,5,"1,2,0,3"
7965790134,2,8,9,"1,8,5,18"
7965794142,2,8,9,"1,0,18,2"
7965795006,2,8,9,"8,1,5,18"
7965796156,2,8,9,"1,18,8,5"
7965797746,2,8,9,"1,8,5,18"
11278364473,3,9,5,"1,0,5,8"
11278366393,3,9,2,"1,8,5,0"
8646428666,4,3,2,"0,30,31,33"
5845445471,5,5,10,"2,0,1,3"
5845452249,5,5,10,"1,0,5,8"
5846010060,5,5,10,"1,18,0,2"
5845461079,5,5,10,"1,0,2,3"
5846059372,5,5,10,"8,5,1,30"
4044336184,6,9,11,"8,1,5,10"
4044336630,6,9,11,"8,5,1,10"
4044337296,6,9,11,"1,3,0,8"
12107989923,7,0,6,"2,0,3,1"
12108083564,7,0,6,"2,0,3,1"
12130197305,7,0,1,"8,5,1,16"
12130863566,7,0,6,"2,1,0,3"
12130478053,7,0,6,"2,0,3,1"
12130202625,7,0,6,"2,0,1,3"
12130612084,7,0,6,"2,0,1,3"
12130205165,7,0,6,"2,0,1,3"
12130615774,7,0,6,"2,0,3,1"
12130616994,7,0,6,"2,0,3,1"
12130206325,7,0,6,"2,0,1,3"
12130210015,7,0,6,"2,0,3,1"
12130875156,7,0,6,"2,0,1,3"
12130876186,7,0,6,"2,0,1,40"
12114590706,7,0,3,"0,1,3,2"
12113936705,7,0,3,"0,1,3,2"
5435836,8,1,13,"8,5,1,9"
161860463,8,5,13,"8,5,9,48"
220034092,8,7,13,"4,5,8,1"
251211474,8,8,14,"0,1,2,3"
251212111,8,8,1,"8,5,1,11"
251213075,8,8,10,"0,1,30,5"
251214010,8,8,10,"8,1,5,28"
251215434,8,8,10,"1,0,2,3"
251216117,8,8,10,"0,2,1,3"
4719568095,9,5,17,"0,1,5,31"
2310299337,10,2,9,"1,0,2,8"
3897396414,11,2,12,"1,5,4,8"
3897396506,11,2,12,"8,5,1,4"
8786917920,12,8,0,"1,5,8,16"
8786920852,12,8,0,"8,5,1,16"
8780348221,12,8,0,"1,5,8,18"
8780361101,12,8,12,"0,1,2,3"
8780363953,12,8,12,"0,2,1,3"
8786942920,12,8,12,"1,0,2,5"
8780371543,12,8,12,"2,0,1,3"
6936381925,13,1,2,"1,0,5,12"
4831976759,14,6,1,"1,0,2,3"
3409379769,15,3,18,"0,54,2,1"
2069533881,16,10,16,"0,1,3,2"
2069535371,16,10,16,"1,0,3,2"
2069538001,16,10,10,"0,1,2,4"
2069539647,16,10,10,"1,0,8,4"
2070337272,16,10,10,"1,0,2,3"
2069545573,16,10,10,"1,8,5,0"
2069550159,16,10,10,"1,0,8,18"
2069547711,16,10,10,"1,0,8,18"
2070347086,16,10,10,"1,0,8,3"
2069555683,16,10,10,"1,0,2,4"
3364135988,16,2,2,"10,8,45,2"
3363319369,16,2,2,"0,2,3,1"
3363322685,16,2,2,"0,1,2,3"
3364145494,16,2,2,"0,2,1,6"
3709348279,16,6,9,"0,4,3,30"
3710162368,16,6,9,"2,0,3,1"
3710163590,16,6,9,"0,2,3,1"
3710164890,16,6,9,"0,3,1,2"
3710172190,16,6,9,"0,2,3,1"
3709362909,16,6,9,"2,0,3,1"
3710176236,16,6,9,"2,0,3,1"
3710177838,16,6,9,"0,2,3,1"
3710181096,16,6,9,"0,2,3,22"
3710183966,16,6,9,"0,3,1,22"
3710185756,16,6,9,"0,2,3,22"
3709376609,16,6,9,"0,3,1,2"
3710189690,16,6,9,"0,2,3,1"
3709380169,16,6,9,"0,2,3,1"
3710193490,16,6,9,"0,3,2,1"
3709384255,16,6,9,"0,2,3,22"
3710206082,16,6,9,"0,1,3,2"
3710207552,16,6,9,"0,3,1,2"
3710211570,16,6,9,"0,3,2,1"
3710213490,16,6,9,"0,2,3,1"
3710221858,16,6,9,"3,0,2,1"
3710223896,16,6,9,"0,2,3,1"
3710225270,16,6,9,"2,3,0,1"
3709416101,16,6,9,"0,3,2,1"
3710228286,16,6,9,"0,2,3,1"
3710229718,16,6,9,"0,2,1,3"
3710231816,16,6,9,"0,3,2,1"
3709422375,16,6,9,"2,0,3,1"
3710234506,16,6,9,"3,0,2,1"
3710235974,16,6,9,"2,3,0,1"
3710237148,16,6,9,"0,2,3,1"
3709427969,16,6,9,"2,0,3,1"
3710242788,16,6,9,"0,2,3,1"
3710244228,16,6,9,"2,0,3,1"
3709434799,16,6,9,"2,0,3,1"
3710246692,16,6,9,"1,3,0,2"
3709439043,16,6,9,"3,0,2,1"
3709443395,16,6,9,"2,0,3,1"
3732360055,17,6,1,"8,1,5,16"
3733160122,17,6,1,"1,0,5,8"
3732362053,17,6,2,"0,2,1,3"
8255182722,18,11,4,"0,3,1,2"
10164522,19,3,6,"8,5,1,4"
11488226,19,3,15,"8,5,1,16"
12616347,19,4,6,"1,5,8,51"
12616314,19,4,6,"8,5,1,16"
138650213,19,4,9,"0,1,3,8"
138650404,19,4,9,"1,0,3,13"
138650633,19,4,9,"0,3,2,32"
138650927,19,4,9,"3,0,2,1"
138651173,19,4,9,"3,0,1,2"
138651473,19,4,9,"0,3,2,22"
138651720,19,4,9,"3,0,2,1"
138651972,19,4,9,"3,0,2,33"
138652174,19,4,9,"0,3,1,2"
138652456,19,4,9,"3,0,1,2"
138652744,19,4,9,"3,0,1,2"
138652958,19,4,9,"3,0,1,2"
138653308,19,4,9,"0,1,3,2"
138653538,19,4,9,"0,3,2,1"
138653764,19,4,9,"3,1,2,0"
138653909,19,4,9,"3,0,2,1"
138654282,19,4,9,"0,3,1,2"
138654698,19,4,9,"3,2,0,1"
138654952,19,4,9,"3,0,1,2"
2635087340,20,5,4,"0,2,1,3"
2634264019,20,6,4,"1,5,8,13"
2639331623,20,6,6,"4,8,30,5"
2624345138,21,5,2,"0,1,2,3"
2624346976,21,5,2,"0,1,3,2"
4024064823,22,9,0,"1,5,8,0"
7568767758,23,8,0,"0,2,1,3"
2774687789,24,7,12,"1,8,5,4"
6596831687,25,8,9,"1,0,2,22"
6827241454,26,2,13,"0,8,5,26"
8035664690,27,8,7,"1,8,5,18"
8035661035,27,8,7,"8,1,5,18"
4950053408,28,7,4,"1,0,8,5"
4950054426,28,7,1,"8,1,5,16"
7140218279,29,3,2,"0,2,1,37"
7140218285,29,3,3,"1,5,8,13"
11654053676,29,1,9,"1,0,5,2"
5084341536,30,2,14,"1,0,2,53"
2906846381,31,6,9,"1,8,5,18"
40538696,32,10,3,"1,3,8,0"
6109976619,33,6,10,"1,5,8,16"
6109977517,33,6,10,"1,5,8,18"
6109978103,33,6,10,"0,4,8,30"
6110522862,33,6,10,"0,2,1,3"
6110523276,33,6,10,"0,2,1,3"
6110523664,33,6,10,"1,0,2,3"
6110524134,33,6,10,"0,2,1,3"
6110524550,33,6,10,"2,0,1,3"
6109980601,33,6,10,"0,2,1,3"
6110525318,33,6,10,"0,2,1,3"
6109981437,33,6,10,"2,0,1,3"
6114468154,33,6,10,"0,2,1,18"
6114468698,33,6,10,"2,0,1,3"
3931314808,34,8,10,"1,8,5,18"
3930533749,34,8,10,"1,8,5,16"
3931317878,34,8,10,"1,0,2,18"
3931319258,34,8,10,"1,0,2,3"
3930537511,34,8,10,"0,2,1,3"
3931321234,34,8,10,"0,2,1,18"
342366723,35,11,2,"0,2,22,3"
2408773053,36,5,1,"1,8,5,18"
5544166922,37,2,15,"5,8,4,30"
7609576994,38,6,13,"8,5,9,10"
3474966357,39,3,12,"0,30,31,26"
3474968423,39,3,17,"8,5,30,33"
3493845192,39,3,12,"0,5,8,1"
3487096636,39,3,12,"0,2,22,1"
3486287101,39,3,12,"1,0,2,3"
5016707249,40,7,1,"1,8,5,16"
5016708421,40,7,1,"1,5,8,28"
4339039274,41,8,6,"0,1,2,3"
4338991788,41,8,6,"0,2,1,22"
4338315113,41,8,6,"0,1,2,22"
4338262279,41,8,6,"0,2,1,3"
4339010320,41,8,6,"0,2,1,3"
4339054796,41,8,6,"1,0,22,3"
4338303477,41,8,6,"2,0,1,3"
4338997378,41,8,6,"0,2,1,3"
4338307797,41,8,6,"0,2,1,3"
4339023552,41,8,6,"0,2,1,3"
4338242919,41,8,6,"0,2,1,3"
4338290431,41,8,6,"0,2,1,3"
4148620328,41,0,6,"1,0,2,3"
4147859225,41,0,6,"0,1,2,3"
4147864285,41,0,6,"0,2,3,1"
4147858419,41,0,6,"0,2,3,1"
4346772592,41,8,6,"0,2,1,3"
4346760148,41,8,6,"0,1,2,3"
4346774714,41,8,6,"0,1,22,4"
4346020511,41,8,6,"2,0,1,3"
4346777456,41,8,6,"1,5,8,0"
4346769610,41,8,6,"0,1,2,4"
4346766804,41,8,6,"2,1,0,3"
4346037105,41,8,6,"0,2,3,1"
4147813009,41,0,6,"0,2,1,3"
4148572142,41,0,6,"0,2,1,3"
4148569438,41,0,6,"2,0,3,1"
4148569218,41,0,6,"2,0,3,1"
4148570754,41,0,6,"0,2,22,3"
4148570910,41,0,6,"22,1,0,5"
4147811359,41,0,6,"2,0,1,3"
4201415688,41,0,6,"0,2,3,1"
4147219577,41,1,6,"0,2,3,1"
4147977772,41,1,6,"0,2,1,3"
4147976810,41,1,6,"0,2,3,1"
4147219033,41,1,6,"0,2,1,3"
4147219529,41,1,6,"0,2,3,1"
4147219699,41,1,6,"0,1,2,3"
4147977706,41,1,6,"0,2,3,1"
4147978096,41,1,6,"0,2,1,3"
4147976906,41,1,6,"0,1,3,2"
4147219325,41,1,6,"0,2,1,3"
4147219115,41,1,6,"0,1,3,2"
4147977584,41,1,6,"0,2,1,3"
4147976862,41,1,6,"0,2,1,3"
4147977168,41,1,6,"0,2,1,3"
4147977090,41,1,6,"0,2,3,1"
4147218917,41,1,6,"0,2,1,3"
4147977478,41,1,6,"0,2,1,3"
4147219747,41,1,6,"0,2,3,1"
4147976996,41,1,6,"0,2,3,1"
4147977822,41,1,6,"0,2,3,1"
4147977234,41,1,6,"0,2,1,3"
4147977530,41,1,6,"0,2,3,1"
4147218473,41,1,6,"0,2,3,1"
4147218713,41,1,6,"0,1,3,2"
4147219631,41,1,6,"0,2,3,1"
4147977326,41,1,6,"0,2,3,1"
4147978136,41,1,6,"1,0,2,3"
4147219893,41,1,6,"0,2,1,3"
4148003964,41,9,6,"0,1,2,5"
4148004038,41,9,6,"1,0,2,5"
4148004122,41,9,6,"0,1,2,3"
4147245905,41,10,6,"0,1,2,5"
4148569564,41,0,6,"2,0,3,22"
4148571042,41,0,6,"0,2,1,22"
4147813161,41,0,6,"2,0,3,1"
4147811839,41,0,6,"2,0,1,22"
4148568926,41,0,6,"2,0,22,3"
4147812371,41,0,6,"0,2,22,1"
4147812473,41,0,6,"2,0,22,3"
4148569674,41,0,6,"0,2,1,3"
4148569322,41,0,6,"2,0,1,3"
4147813449,41,0,6,"0,2,1,3"
4150720830,41,8,4,"0,2,1,3"
4150722048,41,8,4,"0,3,1,2"
4149964029,41,8,4,"2,0,3,1"
4150721436,41,8,4,"0,3,2,1"
4149964617,41,8,4,"0,2,3,1"
4150722694,41,8,4,"0,3,2,1"
4300288160,41,9,9,"0,1,3,22"
4172113688,41,9,9,"3,0,2,1"
4172114086,41,9,9,"0,2,3,1"
4171357841,41,9,9,"0,2,3,1"
4172114714,41,9,9,"1,3,0,2"
4172115074,41,9,9,"0,2,1,3"
4171358863,41,9,9,"0,1,3,2"
4172115654,41,9,9,"0,2,1,3"
4172115964,41,9,9,"0,2,1,3"
4171359829,41,9,9,"3,1,0,2"
4171360119,41,9,9,"0,3,2,1"
4172116978,41,9,9,"0,2,3,22"
4172117270,41,9,9,"0,2,3,22"
4171361065,41,9,9,"0,3,2,32"
4172117964,41,9,9,"3,2,1,0"
4171361845,41,9,9,"0,3,1,2"
4172118574,41,9,9,"0,3,2,19"
4172118972,41,9,9,"0,2,3,22"
4172119304,41,9,9,"3,0,2,22"
4171363249,41,9,9,"0,2,3,22"
4171363543,41,9,9,"2,0,22,3"
4172120234,41,9,9,"0,2,3,22"
4171364209,41,9,9,"0,2,22,3"
4171364499,41,9,9,"0,2,3,19"
4171364797,41,9,9,"0,3,1,2"
4172121490,41,9,9,"0,2,3,1"
4171365485,41,9,9,"0,2,3,22"
4171365849,41,9,9,"0,3,2,1"
4172122544,41,9,9,"1,3,0,2"
4172123258,41,9,9,"0,2,3,1"
4171367611,41,9,9,"0,2,3,1"
4171368241,41,9,9,"0,1,3,2"
4171368981,41,9,9,"0,2,3,1"
4172126016,41,9,9,"0,2,1,3"
4172126840,41,9,9,"0,8,1,2"
4172127574,41,9,9,"0,8,26,31"
4171371741,41,9,9,"0,1,3,8"
4171372439,41,9,9,"0,2,22,3"
4172129572,41,9,9,"3,0,2,1"
4172130176,41,9,9,"0,3,1,2"
4172130978,41,9,9,"0,3,2,32"
4172131748,41,9,9,"3,2,0,1"
4171375873,41,9,9,"3,1,8,32"
4172133132,41,9,9,"0,2,3,22"
4171377173,41,9,9,"0,3,2,32"
4171377731,41,9,9,"3,0,2,1"
4171378309,41,9,9,"0,1,3,2"
4172135734,41,9,9,"0,3,2,1"
4171379665,41,9,9,"0,2,1,22"
4171380531,41,9,9,"0,1,3,2"
4171381215,41,9,9,"3,0,1,2"
4172138862,41,9,9,"3,0,1,2"
4172139608,41,9,9,"2,0,3,1"
4172231300,41,1,9,"2,0,3,1"
4171475891,41,1,9,"0,3,2,1"
4172232462,41,1,9,"0,2,3,1"
4171476725,41,1,9,"0,1,2,3"
4172233138,41,1,9,"0,1,2,3"
4172233496,41,1,9,"0,2,3,1"
4171477699,41,1,9,"0,2,22,1"
4171478089,41,1,9,"0,2,3,1"
4172234520,41,1,9,"3,1,0,2"
4172234874,41,1,9,"0,2,1,3"
4172235360,41,1,9,"0,26,1,31"
4171479595,41,1,9,"3,1,0,2"
4171479943,41,1,9,"0,3,2,1"
4171480293,41,1,9,"0,3,2,1"
4172236676,41,1,9,"0,2,3,1"
4172237018,41,1,9,"0,1,3,2"
4171481307,41,1,9,"3,1,0,2"
4172237708,41,1,9,"0,2,3,1"
4171481969,41,1,9,"0,3,2,1"
4171482313,41,1,9,"0,2,3,1"
4171482623,41,1,9,"0,1,3,2"
4171482989,41,1,9,"0,3,2,1"
4171483325,41,1,9,"0,2,3,22"
4171483683,41,1,9,"0,2,1,3"
4172240034,41,1,9,"3,0,1,2"
4171484449,41,1,9,"3,0,2,1"
4299558229,41,3,9,"3,1,0,8"
4299558173,41,3,9,"3,0,2,1"
4300304938,41,3,9,"3,0,2,32"
4300304890,41,3,9,"0,2,3,22"
4299557991,41,3,9,"0,2,3,22"
4300304728,41,3,9,"0,2,3,22"
4299557873,41,3,9,"0,2,3,22"
4299557821,41,3,9,"0,2,3,1"
4300304532,41,3,9,"0,2,3,1"
4300304460,41,3,9,"0,2,3,22"
4299557627,41,3,9,"3,2,0,32"
4300304334,41,3,9,"0,2,3,22"
4299557513,41,3,9,"0,2,3,22"
4299557427,41,3,9,"0,3,30,2"
4300304138,41,3,9,"0,3,1,2"
4299557269,41,3,9,"0,2,3,1"
4300303984,41,3,9,"0,2,3,1"
4299557143,41,3,9,"0,2,3,1"
4299557071,41,3,9,"3,1,0,2"
4300303776,41,3,9,"0,2,3,1"
4300303634,41,3,9,"1,3,0,2"
4299556865,41,3,9,"0,3,2,1"
4299556789,41,3,9,"0,2,3,1"
4299556723,41,3,9,"0,3,2,1"
4299556645,41,3,9,"0,2,3,22"
4300303208,41,3,9,"3,0,1,2"
4299556483,41,3,9,"0,2,3,19"
4300303034,41,3,9,"0,2,3,1"
4300302978,41,3,9,"0,2,3,22"
4299556321,41,3,9,"0,3,2,1"
4299556265,41,3,9,"2,0,3,1"
4299556191,41,3,9,"0,2,3,1"
4300302770,41,3,9,"3,0,2,1"
4299556093,41,3,9,"2,0,3,22"
4300302616,41,3,9,"2,0,3,22"
4300302532,41,3,9,"3,2,0,1"
4300302474,41,3,9,"3,2,0,1"
4299555785,41,3,9,"3,2,0,1"
4299555721,41,3,9,"2,0,3,1"
4300302294,41,3,9,"3,2,0,1"
4300302230,41,3,9,"2,3,0,1"
4300302150,41,3,9,"2,0,3,1"
4299555441,41,3,9,"0,2,3,30"
4299555379,41,3,9,"0,3,2,1"
4300301948,41,3,9,"0,3,2,1"
4299555183,41,3,9,"0,3,2,1"
4299555095,41,3,9,"0,1,3,2"
4299555015,41,3,9,"3,0,2,1"
4299554963,41,3,9,"0,2,3,1"
4300301562,41,3,9,"0,2,3,22"
4299554825,41,3,9,"0,2,3,1"
4300301436,41,3,9,"3,0,2,1"
4299554721,41,3,9,"0,2,3,1"
4299554685,41,3,9,"0,2,3,1"
4300301242,41,3,9,"0,2,3,22"
4299554525,41,3,9,"0,3,1,2"
4299554465,41,3,9,"0,3,2,1"
4300301010,41,3,9,"0,2,3,1"
4299554331,41,3,9,"2,3,0,1"
4299554269,41,3,9,"0,2,3,1"
4299554201,41,3,9,"0,2,3,22"
4300300696,41,3,9,"0,2,3,1"
4299554087,41,3,9,"0,2,3,1"
4299554019,41,3,9,"0,2,3,1"
4300300514,41,3,9,"0,3,2,1"
4299553899,41,3,9,"0,3,2,1"
4299553815,41,3,9,"3,0,2,1"
4299553757,41,3,9,"0,2,3,22"
4300300244,41,3,9,"0,2,3,1"
4300300190,41,3,9,"0,2,3,1"
4299553521,41,3,9,"0,2,3,1"
4300300056,41,3,9,"0,2,3,22"
4300299988,41,3,9,"0,2,3,1"
4300299888,41,3,9,"2,0,3,1"
4300299820,41,3,9,"0,1,3,2"
3975418439,41,8,4,"0,2,1,3"
3975418493,41,8,4,"0,3,1,2"
3975418555,41,8,4,"0,2,3,1"
3976180058,41,8,4,"0,3,2,1"
3975418663,41,8,4,"0,1,3,8"
3975418727,41,8,4,"0,3,2,31"
3976180248,41,8,4,"1,0,3,8"
3976180300,41,8,4,"0,1,3,2"
3976180340,41,8,4,"0,3,2,1"
3976180408,41,8,4,"0,30,31,43"
3975419013,41,8,4,"0,1,3,2"
3975419085,41,8,4,"0,1,2,3"
3976180574,41,8,4,"0,31,3,1"
3976180598,41,8,4,"3,0,2,1"
3976180682,41,8,4,"0,2,3,1"
3976180726,41,8,4,"0,3,2,1"
3975419367,41,8,4,"0,3,2,1"
3975419431,41,8,4,"0,1,2,3"
3975419473,41,8,4,"0,2,3,1"
3975419527,41,8,4,"0,3,2,1"
3976181022,41,8,4,"0,1,3,2"
3975419639,41,8,4,"2,0,3,1"
3975419689,41,8,4,"0,1,8,31"
3975419753,41,8,4,"0,3,1,2"
3975419799,41,8,4,"0,3,1,2"
3975419867,41,8,4,"0,2,3,1"
3975419907,41,8,4,"0,3,2,1"
3975419939,41,8,4,"0,3,2,1"
3976181400,41,8,4,"0,1,8,5"
3975420057,41,8,4,"0,3,30,31"
3975420095,41,8,4,"0,2,3,1"
3976181558,41,8,4,"0,1,2,3"
3975420197,41,8,4,"0,3,1,2"
3975420265,41,8,4,"0,3,1,2"
3976181678,41,8,4,"0,2,3,1"
3976181728,41,8,4,"0,3,2,22"
3975420403,41,8,4,"0,3,2,22"
3976181852,41,8,4,"0,3,1,2"
3976181910,41,8,4,"0,3,2,1"
3976181980,41,8,4,"0,1,8,3"
3976182030,41,8,4,"0,30,3,31"
3975420637,41,8,4,"1,0,3,8"
3976182162,41,8,4,"0,3,31,1"
3976182224,41,8,4,"0,1,3,2"
3976182276,41,8,4,"0,3,1,2"
3975420875,41,8,4,"0,1,3,8"
4172402960,41,0,6,"0,2,22,1"
4300407314,41,1,9,"0,2,3,1"
4300407372,41,1,9,"3,1,0,19"
4299660875,41,1,9,"0,2,3,1"
4300407606,41,1,9,"0,3,2,1"
4299660949,41,1,9,"1,0,3,2"
4300407672,41,1,9,"3,0,1,2"
4300407738,41,1,9,"1,0,8,3"
4299661243,41,1,9,"3,1,2,0"
4300407850,41,1,9,"3,2,0,19"
4299661399,41,1,9,"0,2,3,22"
4299661477,41,1,9,"0,3,1,11"
4299661535,41,1,9,"3,0,2,1"
4300408086,41,1,9,"3,1,0,8"
4299661711,41,1,9,"0,2,1,3"
4299661797,41,1,9,"0,2,3,1"
4299661871,41,1,9,"0,2,3,1"
4300408332,41,1,9,"0,3,2,33"
4299661995,41,1,9,"3,1,0,32"
4299662071,41,1,9,"0,2,3,1"
4300408526,41,1,9,"0,3,2,1"
4300408570,41,1,9,"2,1,3,0"
4299662283,41,1,9,"0,2,3,1"
4300408714,41,1,9,"3,2,0,1"
4300408810,41,1,9,"0,2,3,1"
4299662485,41,1,9,"3,0,2,1"
4300408972,41,1,9,"0,3,2,1"
4300409040,41,1,9,"0,2,3,22"
4299662701,41,1,9,"0,1,2,3"
4299662771,41,1,9,"0,1,3,2"
4300409236,41,1,9,"3,0,1,2"
4299662923,41,1,9,"0,3,2,1"
4300409382,41,1,9,"3,0,2,1"
4299663043,41,1,9,"1,0,3,32"
4300409526,41,1,9,"3,0,2,1"
4299663149,41,1,9,"0,1,3,2"
4300409678,41,1,9,"1,0,3,2"
4299663301,41,1,9,"0,3,1,2"
4300409828,41,1,9,"1,8,0,3"
4299663427,41,1,9,"2,0,1,3"
4299663503,41,1,9,"0,22,2,1"
4299663547,41,1,9,"0,3,1,2"
4299663621,41,1,9,"1,0,2,3"
4300410198,41,1,9,"1,8,0,3"
4299663781,41,1,9,"0,22,2,1"
4299663993,41,1,9,"1,0,8,3"
4299664103,41,1,9,"2,3,0,1"
4300410728,41,1,9,"0,2,39,3"
4299664285,41,1,9,"0,2,3,1"
4300410884,41,1,9,"1,3,0,2"
4299664543,41,1,9,"0,2,3,22"
4300411078,41,1,9,"0,2,1,3"
4300411236,41,1,9,"0,2,22,3"
4300411328,41,1,9,"0,1,2,22"
4300411430,41,1,9,"0,1,2,3"
4300411532,41,1,9,"0,2,3,22"
4299665227,41,1,9,"2,0,3,22"
4299665333,41,1,9,"0,1,2,8"
4300411850,41,1,9,"3,0,2,1"
4300411944,41,1,9,"2,3,0,1"
4300412018,41,1,9,"0,2,3,1"
4300412076,41,1,9,"22,0,2,3"
4286730503,41,1,9,"22,0,2,3"
4287470548,41,1,9,"0,1,3,2"
4300332942,41,5,9,"1,0,3,2"
4300333000,41,5,9,"0,1,2,3"
4300333060,41,5,9,"3,1,0,2"
4300333112,41,5,9,"1,3,0,2"
4299586329,41,5,9,"1,0,3,2"
4300333264,41,5,9,"3,1,0,2"
4300333336,41,5,9,"0,1,3,2"
4300333402,41,5,9,"0,1,3,2"
4299586629,41,5,9,"0,2,22,3"
4299586719,41,5,9,"0,3,2,22"
4299586815,41,5,9,"3,0,2,1"
5652912001,42,3,2,"1,0,3,2"
6312911446,42,10,7,"0,3,2,1"
6640984983,42,0,9,"2,0,1,3"
6998469282,42,4,0,"0,2,1,3"
7144698347,42,4,0,"1,0,3,2"
7374491212,42,5,3,"0,2,3,1"
7189383465,42,5,1,"1,8,5,18"
7561580592,42,6,3,"2,0,1,3"
7561585156,42,6,3,"0,2,3,22"
8211555397,43,10,3,"1,5,0,8"
3015466458,44,9,12,"30,31,26,4"
3015480788,44,9,12,"5,8,16,54"
3016346503,44,9,12,"5,8,16,31"
2984149267,44,9,12,"8,5,1,18"
3099020690,44,10,1,"0,1,3,2"
3086537845,44,10,6,"0,1,5,2"
3107351972,44,10,15,"1,0,5,18"
3086927864,44,10,6,"0,2,1,3"
3068138734,44,10,3,"2,0,3,1"
3078263204,44,10,3,"0,1,3,8"
3084598659,44,10,1,"1,0,3,8"
3054048124,44,10,6,"0,5,1,8"
3083071182,44,10,3,"0,33,3,1"
3068573826,44,10,3,"1,0,8,3"
3067340791,44,10,3,"1,0,3,13"
3089673146,44,10,3,"0,1,2,3"
3088091776,44,10,3,"1,0,2,3"
3121205136,44,10,3,"0,1,3,32"
3108167180,44,10,3,"1,0,2,3"
3086992572,44,10,1,"1,0,3,2"
3069140302,44,10,3,"1,0,8,3"
4380005012,44,0,17,"0,31,30,43"
4077551591,44,3,19,"8,5,4,30"
4040953068,44,9,12,"33,0,8,31"
4198880482,44,10,12,"2,0,1,3"
4174412053,44,10,3,"0,1,2,18"
4181132849,44,10,2,"3,0,2,1"
4177638418,44,10,3,"0,2,1,3"
4172664852,44,10,3,"0,2,1,3"
4177797612,44,10,3,"0,1,3,8"
4174929358,44,10,3,"0,2,1,3"
4168927839,44,10,3,"0,1,2,3"
4209489592,44,10,12,"1,0,2,3"
8927708284,45,5,4,"0,2,1,3"
8927051585,45,5,6,"8,5,1,30"
8926892429,45,5,6,"1,8,5,16"
3293722572,46,1,3,"1,0,13,23"
5850080605,47,5,9,"0,2,1,3"
8625573860,48,3,12,"0,1,2,3"
4325594069,49,0,13,"8,1,9,5"
70925353,50,10,2,"0,1,3,2"
70925364,50,10,2,"0,3,1,2"
79935176,50,11,2,"0,2,1,3"
79935387,50,11,2,"2,0,3,1"
79935686,50,11,5,"2,0,3,1"
85336015,50,0,9,"2,3,0,1"
85336014,50,0,9,"0,2,1,3"
92284340,50,0,10,"1,0,13,2"
4386693373,51,1,1,"1,0,2,12"
7021613625,51,2,6,"1,8,5,0"
5328382984,52,6,14,"1,0,5,12"
4530996420,53,3,3,"0,5,8,56"
1434205940,54,8,12,"2,0,3,1"
1434206832,54,8,12,"0,2,22,1"
1433330825,54,8,12,"0,2,1,22"
1436843896,54,8,12,"2,0,1,6"
2593178877,55,2,12,"0,1,3,2"
3928038875,56,8,2,"1,5,8,0"
6946041827,57,2,1,"0,2,1,3"
4033464498,58,8,14,"1,0,13,23"
4032714771,58,8,14,"1,0,13,23"
4032781065,58,8,14,"0,2,3,1"
4033789680,58,8,14,"0,2,1,3"
8169666944,59,9,10,"1,8,5,13"
8169638803,59,9,10,"1,0,5,8"
8169666226,59,9,10,"1,0,34,2"
8169637929,59,9,10,"1,8,5,4"
3072438888,60,10,13,"1,5,8,7"
48174590,61,8,12,"4,8,5,1"
2679999497,62,6,2,"5,1,8,18"
2684090184,62,6,3,"1,0,22,5"
1020228897,63,7,2,"1,8,5,10"
1020233069,63,7,2,"5,1,8,16"
2091016205,63,11,7,"2,0,1,3"
4548305242,64,3,2,"1,0,2,3"
2697066344,65,6,5,"1,8,5,18"
4061460203,66,9,6,"0,1,22,19"
4061460903,66,9,6,"0,1,22,19"
4589235281,66,4,5,"0,1,2,22"
4589854478,66,4,5,"0,1,2,3"
4589854624,66,4,5,"0,1,2,3"
4589235897,66,4,5,"0,1,2,3"
4589855074,66,4,5,"0,1,2,3"
4589855294,66,4,5,"0,2,1,22"
4589236423,66,4,5,"0,2,1,3"
4589236637,66,4,5,"0,1,2,22"
4589236783,66,4,5,"0,2,1,22"
4589855938,66,4,5,"0,2,1,22"
4589237107,66,4,5,"0,2,1,22"
4589237257,66,4,5,"0,2,3,22"
4589856454,66,4,5,"0,2,22,3"
4589856616,66,4,5,"2,0,3,22"
4589237763,66,4,5,"2,0,1,3"
4589237993,66,4,5,"2,0,3,1"
4589857106,66,4,5,"0,2,1,3"
1814450723,67,0,14,"0,2,1,3"
1838529859,67,0,14,"0,2,17,4"
7261170126,68,4,6,"1,8,5,0"
7264015902,68,4,3,"1,0,2,5"
3304025217,69,8,6,"8,5,1,11"
2735421898,70,3,9,"1,0,5,18"
2734589465,70,3,9,"1,0,5,8"
7706432220,71,6,3,"1,0,18,2"
7706431030,71,6,1,"8,1,5,18"
7706429942,71,6,1,"5,1,8,28"
7706428816,71,6,1,"1,5,8,18"
7706427672,71,6,1,"8,1,5,28"
7706426530,71,6,1,"0,1,2,3"
3938461140,72,8,2,"0,1,2,3"
8282371572,73,11,1,"1,8,0,18"
8281308941,73,11,3,"1,8,5,13"
3271222615,74,1,1,"1,8,18,5"
8931333033,75,2,9,"5,1,8,10"
8931333639,75,2,9,"1,5,8,16"
8931947170,75,2,9,"1,5,8,0"
8931336675,75,2,9,"1,0,18,12"
8931953002,75,2,0,"0,1,2,3"
8931953546,75,2,0,"1,0,5,2"
8931957768,75,2,12,"8,4,5,30"
8931958280,75,2,12,"4,8,5,1"
8931959218,75,2,12,"8,5,1,28"
8931347877,75,2,12,"1,5,8,18"
8931961210,75,2,12,"1,28,5,8"
8931962158,75,2,12,"1,5,0,8"
8931963214,75,2,12,"1,5,8,0"
8931352029,75,2,12,"1,0,2,3"
8931965492,75,2,12,"0,2,1,3"
8931966578,75,2,12,"0,2,1,15"
8931967736,75,2,12,"0,2,3,1"
8931968388,75,2,12,"0,2,3,1"
6184867986,76,8,5,"1,5,8,9"
112002921,77,0,0,"1,0,2,5"
6414097957,78,10,12,"0,26,30,31"
2891050624,79,8,17,"0,1,2,3"
2891117116,79,8,17,"1,0,3,2"
2891272401,79,8,6,"0,1,18,2"
2894569073,79,8,7,"1,0,18,3"
2895531864,79,8,7,"0,1,2,6"
2966423875,79,9,0,"1,5,8,0"
2978967975,79,9,11,"0,18,2,1"
2986526953,79,9,15,"0,30,43,31"
3001800623,79,10,7,"0,1,2,34"
3024106637,79,10,4,"0,1,2,53"
3045899274,79,10,4,"8,1,5,18"
3056068016,79,10,4,"0,1,2,12"
3062437360,79,10,4,"1,0,2,6"
3203381954,79,0,14,"1,8,5,13"
3314317487,79,1,4,"1,0,3,18"
3873514375,79,7,4,"0,1,2,3"
4145505608,79,10,4,"1,8,5,18"
4147263947,79,10,4,"1,3,8,0"
4187548210,79,11,15,"8,5,1,4"
4281770154,79,0,14,"1,0,18,25"
4279246359,79,0,14,"1,5,8,0"
4342683607,79,0,14,"1,5,8,0"
4297776142,79,0,11,"0,1,2,6"
4291747694,79,0,1,"8,1,5,18"
4310240374,79,0,14,"1,0,18,2"
4332786422,79,1,14,"1,0,2,3"
4339259352,79,1,14,"0,1,2,6"
4332124201,79,1,14,"0,1,2,53"
4338641127,79,1,14,"0,1,2,18"
4343515964,79,1,0,"1,8,5,0"
4335564280,79,1,0,"1,0,2,3"
4332793951,79,1,0,"1,0,5,12"
4349091509,79,1,6,"8,1,5,18"
4348610402,79,1,0,"1,0,18,3"
4348329021,79,1,14,"1,8,0,5"
4346656730,79,1,14,"1,0,3,18"
4401393528,79,2,6,"1,8,18,5"
4419146713,79,2,0,"1,0,3,8"
4419180993,79,2,0,"1,0,2,18"
4419957808,79,2,0,"1,0,2,3"
4460938866,79,2,15,"1,0,5,8"
4464167119,79,2,7,"1,0,3,18"
4464242757,79,2,7,"1,0,18,3"
4464265703,79,2,7,"0,1,2,25"
4487895972,79,3,2,"1,0,2,3"
4569439974,79,3,4,"1,0,18,2"
4567782271,79,3,6,"1,8,5,0"
4567917027,79,3,6,"0,2,1,3"
4568406823,79,3,6,"1,0,2,20"
4569136488,79,3,6,"0,2,1,3"
4569205338,79,3,6,"0,1,2,20"
4568650339,79,3,6,"0,1,2,3"
4575938627,79,3,6,"1,0,8,5"
4647307560,79,4,15,"1,0,6,2"
4611513504,79,4,4,"1,8,5,4"
4629564306,79,4,4,"1,8,5,0"
4629825970,79,4,4,"1,0,4,5"
4667364566,79,5,15,"1,0,18,2"
4846695597,79,6,0,"0,1,2,12"
4855702718,79,6,14,"2,1,0,3"
4855802026,79,6,0,"1,18,0,2"
8444510549,80,0,1,"1,0,7,2"
2913779998,81,8,2,"0,2,1,3"
2913780120,81,8,2,"1,5,18,2"
134312161,82,3,1,"1,8,5,28"
3220246784,83,0,1,"0,3,1,8"
4791981139,84,5,1,"1,0,3,12"
4792617130,84,5,1,"1,5,8,18"
448837841,85,3,13,"1,8,9,3"
448837839,85,3,13,"1,8,9,58"
539479789,85,5,4,"1,0,5,8"
539372626,85,5,4,"1,5,0,8"
539468495,85,5,4,"0,1,2,3"
3675641831,86,5,1,"1,0,13,23"
3685914566,86,6,1,"2,0,1,3"
3686005054,86,6,12,"1,0,2,3"
3685916508,86,6,12,"0,1,2,3"
3685918104,86,6,12,"0,2,1,3"
5439578190,87,1,21,"1,0,5,28"
5676679969,87,1,21,"0,2,1,20"
5439584522,87,1,21,"8,5,1,16"
5915732527,87,6,21,"0,1,30,5"
6267337177,87,9,0,"2,0,1,33"
6838376638,87,2,23,"2,0,1,12"
6985330789,87,2,23,"1,0,5,8"
6839210870,87,2,23,"1,5,8,0"
6839211924,87,2,23,"1,8,5,16"
6881026520,87,2,0,"2,0,3,1"
7027125869,87,2,0,"2,0,1,22"
6975521264,87,3,3,"2,0,1,3"
7129880363,87,3,1,"0,1,2,18"
7121600275,87,3,2,"1,5,8,0"
7121599181,87,3,2,"1,5,8,0"
7121597819,87,3,2,"8,5,1,16"
6975517412,87,3,2,"5,8,1,16"
7121596509,87,3,2,"8,1,5,16"
6975514388,87,3,2,"8,5,1,11"
7121594163,87,3,2,"0,1,2,6"
6975512498,87,3,2,"0,1,2,25"
6975511568,87,3,2,"1,0,2,3"
6975515996,87,3,2,"0,2,1,3"
3068270346,88,10,3,"1,0,8,3"
3067435085,88,10,3,"0,3,2,1"
8689176281,89,3,1,"1,0,18,5"
8690305350,89,3,10,"1,8,5,13"
3270306266,90,1,1,"2,1,0,3"
3269497716,91,1,5,"2,0,1,22"
3269498736,91,1,5,"0,2,22,3"
3268675949,91,1,5,"2,0,22,3"
674110546,92,5,1,"8,5,1,11"
2436731169,93,3,10,"0,1,5,2"
7717667396,94,5,2,"1,5,8,0"
2097330647,95,6,1,"8,5,1,16"
2097328369,95,6,1,"1,5,8,11"
2097333571,95,6,1,"5,8,1,51"
179613909,95,6,1,"1,8,5,18"
11716966416,96,11,2,"0,3,2,1"
3978199760,97,8,9,"1,5,8,18"
2477346870,98,4,13,"1,0,2,5"
2476533685,98,4,13,"1,8,5,6"
2477347126,98,4,13,"1,8,5,11"
2476533881,98,4,13,"1,8,5,11"
2587045113,99,5,10,"8,5,1,16"
2587884034,99,5,10,"0,1,2,18"
2619325078,99,5,10,"0,2,1,3"
2587887972,99,5,10,"1,0,2,3"
2587891480,99,5,10,"0,2,1,47"
5982106361,100,6,1,"1,8,18,5"
6064880824,100,7,1,"0,1,2,3"
835283,101,9,9,"2,0,1,24"
835289,101,9,2,"2,0,1,33"
835317,101,9,14,"0,1,2,3"
9275869856,102,6,3,"2,0,1,22"
8069850889,103,9,5,"0,2,1,12"
8818330474,104,4,4,"0,3,1,2"
505798209,105,4,18,"1,0,2,3"
4836716475,106,8,4,"1,5,8,7"
4836717669,106,8,4,"5,1,8,13"
4410723659,106,2,2,"1,0,13,5"
4473566718,106,2,12,"0,2,1,3"
4631466031,106,4,15,"1,0,12,2"
4631466719,106,4,12,"0,2,1,3"
4632064170,106,4,6,"0,2,1,3"
4681104261,106,4,6,"4,30,57,0"
4681105029,106,4,6,"1,2,0,3"
4707215366,106,5,6,"1,0,2,3"
4706574429,106,5,6,"1,0,2,3"
4706575641,106,5,6,"3,0,2,1"
4706576449,106,5,4,"2,0,1,3"
4707218282,106,5,6,"1,0,2,18"
4727703002,106,5,4,"1,5,8,13"
4727703408,106,5,4,"1,8,5,13"
4727059923,106,5,4,"1,5,8,13"
4727060375,106,5,4,"1,5,8,13"
4727704944,106,5,4,"1,5,8,0"
4727705350,106,5,4,"1,8,5,13"
4727707678,106,5,6,"8,5,1,26"
4727063923,106,5,6,"5,8,26,1"
4727708490,106,5,6,"0,1,26,31"
4727708904,106,5,6,"31,8,26,30"
4727709282,106,5,6,"1,5,8,30"
4727709692,106,5,6,"1,5,0,8"
4727065935,106,5,6,"1,0,2,3"
4727710438,106,5,6,"1,5,8,13"
4727710834,106,5,6,"5,8,1,16"
4727067087,106,5,6,"0,1,2,3"
4727711672,106,5,6,"2,0,1,3"
4727712102,106,5,6,"8,1,5,4"
4727712518,106,5,6,"2,0,1,3"
4727068605,106,5,6,"0,2,1,3"
4727068965,106,5,6,"0,2,1,3"
4727069347,106,5,6,"0,2,1,3"
4727713980,106,5,6,"1,0,2,40"
4727714474,106,5,6,"0,2,1,53"
4727714930,106,5,6,"1,8,5,13"
4727071009,106,5,6,"1,0,2,3"
4727715736,106,5,6,"5,8,1,31"
4727716148,106,5,6,"1,5,8,13"
4727716574,106,5,6,"26,31,8,5"
4727073053,106,5,4,"1,5,0,13"
18546561,107,5,12,"30,31,43,26"
2233178300,108,4,6,"1,8,5,0"
2233178512,108,11,0,"0,2,3,1"
1183510381,109,7,1,"1,8,5,16"
73882430,110,9,0,"1,5,8,18"
104194065,110,11,6,"26,0,31,43"
1406005821,110,4,6,"1,5,8,16"
1406009357,110,4,6,"3,1,2,0"
1406897256,110,4,6,"1,2,0,3"
1406899974,110,4,6,"0,2,3,1"
1406901678,110,4,6,"0,2,1,3"
1406022965,110,4,6,"0,2,1,3"
295228338,110,7,6,"5,30,8,31"
295228343,110,7,6,"8,5,30,33"
295228337,110,7,6,"5,8,33,30"
100567613,110,1,9,"0,2,3,1"
100567681,110,1,9,"1,0,2,3"
100567788,110,1,9,"0,1,2,3"
100567752,110,1,9,"0,2,3,1"
100567727,110,1,9,"0,3,1,2"
100567643,110,1,9,"0,1,2,3"
134747960,110,3,4,"0,2,1,3"
136587611,110,3,9,"1,8,5,7"
161073137,110,5,14,"1,8,5,16"
214429861,110,7,12,"0,2,1,3"
214429863,110,7,12,"0,2,1,3"
214405186,110,7,12,"0,2,1,3"
4538096551,111,3,9,"1,8,5,13"
13677806293,112,3,3,"1,5,8,0"
13678113734,112,3,3,"1,5,0,8"
13678114964,112,3,2,"1,0,5,7"
13678115944,112,3,2,"1,0,5,13"
13677769645,112,3,2,"1,5,8,0"
13677771305,112,3,9,"1,0,23,13"
13677771725,112,3,9,"1,13,23,5"
13678118604,112,3,9,"1,5,13,8"
13678130544,112,3,12,"8,5,1,4"
13678131224,112,3,12,"0,4,1,30"
13677831903,112,3,15,"4,1,5,0"
13677833143,112,3,15,"1,5,8,20"
13677794265,112,3,15,"1,5,8,13"
13677795345,112,3,15,"1,5,8,34"
13677835643,112,3,15,"1,5,8,18"
13677836603,112,3,15,"1,5,8,28"
13677837603,112,3,15,"5,8,1,16"
13677799425,112,3,15,"1,5,8,0"
13677839663,112,3,15,"1,5,8,18"
13678148054,112,3,15,"1,5,8,21"
13677841943,112,3,15,"4,30,5,8"
13678150604,112,3,15,"1,8,5,18"
5086461230,113,9,2,"1,0,2,3"
5089264508,113,9,14,"1,0,5,8"
5104666804,113,9,3,"0,2,1,17"
5166124715,113,10,9,"0,1,2,3"
5171232555,113,10,9,"0,1,2,17"
11993199,114,4,2,"1,0,5,21"
18336572,114,5,4,"1,13,23,7"
21657441,114,5,3,"1,0,3,8"
27148771,114,6,10,"5,8,1,11"
91859531,114,0,17,"0,1,2,3"
329495674,114,11,1,"0,5,8,1"
317842672,114,11,1,"1,5,8,28"
317843058,114,11,1,"0,1,3,2"
476645587,114,3,3,"2,0,1,3"
476646149,114,3,3,"2,0,1,3"
476647601,114,3,3,"2,0,1,3"
476635132,114,3,3,"0,2,1,3"
476635458,114,3,3,"1,5,0,18"
2536391858,114,4,10,"1,0,3,2"
2536393236,114,4,10,"0,2,33,3"
2535579759,114,4,10,"8,1,5,16"
2654875013,114,6,21,"2,0,1,3"
2655701444,114,6,21,"1,19,5,0"
2658498888,114,6,10,"1,8,0,18"
2658498320,114,6,10,"1,8,5,0"
7732521226,115,7,2,"0,3,2,1"
8109201578,116,9,14,"0,1,2,3"
178936027,117,0,2,"1,0,8,5"
4144996261,118,10,6,"0,2,3,1"
7650110998,119,4,2,"0,1,2,38"
4282832943,120,0,6,"2,0,1,40"
2095022555,121,11,15,"0,1,2,5"
2095886540,121,11,15,"0,3,1,2"
2095044667,121,11,15,"1,3,0,2"
230510961,122,7,0,"1,0,5,18"
230510963,122,7,0,"1,5,18,0"
230510965,122,7,0,"1,5,8,18"
832555324,123,6,4,"1,0,13,5"
4909214426,124,1,16,"1,5,8,18"
4909214602,124,1,16,"8,1,5,16"
4908619505,124,1,1,"1,8,5,13"
249357568,125,3,18,"1,5,8,0"
4564266022,126,4,2,"1,8,5,11"
5397950657,127,11,1,"8,1,5,16"
5397949657,127,11,1,"1,8,5,28"
5397948625,127,11,1,"8,1,5,16"
5397947503,127,11,1,"8,1,5,16"
5397946841,127,11,2,"1,8,5,18"
5394480178,127,0,1,"1,0,2,13"
5394480676,127,0,1,"1,0,2,3"
5394481128,127,0,1,"1,5,8,7"
5393884869,127,0,1,"0,1,3,2"
5393885321,127,0,1,"0,1,2,3"
5394482456,127,0,1,"0,1,2,3"
8297727183,128,11,2,"0,2,3,1"
8297764953,128,11,14,"2,0,3,19"
375952734,129,0,3,"0,1,2,3"
315098331,130,11,2,"0,2,1,3"
7989288833,131,8,12,"0,1,22,26"
7989289757,131,8,12,"0,22,31,26"
7989290545,131,8,12,"0,1,2,4"
7989296594,131,8,12,"26,31,30,4"
7989297316,131,8,12,"0,1,22,5"
7989298284,131,8,12,"0,1,26,8"
8409934028,132,2,2,"1,0,2,5"
532127943,133,4,5,"0,1,2,5"
5930324467,134,6,12,"0,1,2,3"
5930882484,134,6,12,"0,2,1,3"
5930328247,134,6,12,"2,0,3,1"
5930886320,134,6,12,"0,2,1,34"
5930332115,134,6,12,"2,0,1,40"
5930334055,134,6,12,"2,1,0,3"
5930335937,134,6,12,"1,0,2,8"
3916063743,135,7,24,"1,4,8,5"
2732842403,136,7,14,"1,5,8,18"
4001110693,137,1,6,"1,8,0,3"
4001875714,137,3,4,"8,5,1,18"
4001111787,137,3,4,"1,8,5,11"
5524592430,137,1,6,"0,1,3,2"
5524548646,137,2,6,"3,2,0,1"
4977609852,137,4,15,"0,2,3,1"
4976999417,137,4,15,"2,0,1,3"
4977611848,137,4,15,"2,0,1,3"
4977001621,137,4,15,"0,22,2,1"
4977614064,137,4,15,"0,2,1,3"
4977614582,137,4,15,"2,0,1,24"
4977003657,137,4,15,"2,0,3,1"
2269585668,138,1,12,"1,0,2,3"
2268795341,138,1,12,"0,2,3,1"
2670867776,139,3,10,"1,8,5,18"
2670868358,139,3,10,"8,5,1,11"
2670045045,139,3,10,"0,2,1,3"
9248707488,140,6,2,"1,8,0,5"
4371748703,141,5,5,"1,0,5,18"
167641647,142,5,9,"1,5,8,11"
367885166,142,0,0,"3,0,32,1"
2928125371,142,9,0,"1,3,8,0"
2928988126,142,9,0,"3,1,0,32"
3101360016,142,11,12,"0,2,3,1"
3167113454,142,0,1,"0,2,1,3"
3619138082,142,5,2,"0,2,1,3"
8977502900,143,5,2,"0,2,1,3"
6656356241,144,7,18,"1,3,0,2"
7734483858,145,11,1,"1,0,3,2"
4752005573,146,6,2,"2,0,3,1"
10808225325,147,10,10,"8,5,26,31"
10808354484,147,10,10,"0,31,5,26"
10808347784,147,10,10,"5,26,8,31"
10808204155,147,10,10,"8,5,1,31"
2442936545,148,3,12,"0,2,1,3"
7593230534,149,6,13,"1,5,8,7"
8077179369,149,7,12,"0,1,2,3"
284548734,150,9,25,"0,2,1,3"
7214736166,151,3,16,"2,0,1,3"
7214740606,151,3,16,"1,0,2,3"
7214731620,151,3,16,"2,0,3,1"
7214745384,151,3,16,"2,0,3,1"
7214750038,151,3,16,"2,0,3,1"
7214754646,151,3,16,"2,1,0,3"
7214759496,151,3,16,"2,0,1,3"
7214764944,151,3,16,"2,0,1,3"
7214770602,151,3,16,"2,0,3,1"
7214775972,151,3,16,"2,0,3,1"
7214781202,151,3,16,"2,0,1,3"
7214785916,151,3,16,"2,1,0,24"
7214790552,151,3,16,"2,0,1,3"
7214795014,151,3,16,"2,0,1,3"
7214800130,151,3,16,"2,0,1,24"
4929221777,152,7,1,"1,8,5,11"
4929236881,152,7,1,"0,2,1,3"
4929237283,152,7,5,"1,0,3,2"
4929237877,152,7,12,"4,8,5,1"
9288668770,153,5,2,"0,1,2,3"
8813877306,154,4,1,"1,5,0,8"
5209356512,155,10,3,"1,8,5,11"
3083052788,156,11,1,"1,0,5,6"
2383783674,157,3,1,"0,2,1,3"
577874126,158,0,16,"0,1,3,8"
577838205,158,0,16,"1,3,0,8"
577874518,158,0,16,"0,3,2,1"
577838795,158,0,16,"0,1,3,2"
577874858,158,0,16,"0,3,2,1"
577839379,158,0,16,"1,0,3,2"
577875200,158,0,16,"3,0,1,19"
577840103,158,0,16,"0,2,1,3"
577875620,158,0,16,"0,1,2,3"
577840545,158,0,16,"0,3,2,1"
577875900,158,0,16,"0,3,1,2"
577841087,158,0,16,"0,2,3,1"
577876220,158,0,16,"0,2,3,1"
577841595,158,0,16,"0,1,3,2"
577876518,158,0,16,"0,2,3,1"
577842043,158,0,16,"0,2,3,1"
4260574593,159,0,9,"8,5,1,10"
5673318004,160,3,0,"1,0,2,18"
11496577296,161,11,10,"4,8,5,1"
2546700233,162,3,10,"5,1,8,28"
2547524146,162,3,10,"0,5,1,8"
2547524526,162,3,10,"0,1,5,2"
2546701537,162,3,10,"0,2,1,18"
2547525284,162,3,10,"0,2,1,20"
2546702365,162,3,10,"0,1,18,3"
2547526020,162,3,10,"0,1,20,5"
2203193411,163,5,4,"0,2,3,1"
2203985866,163,5,4,"1,8,5,23"
1183616721,163,7,2,"1,0,5,8"
1231299759,163,7,2,"0,1,19,12"
1231303299,163,7,2,"0,1,19,5"
1232171102,163,7,2,"0,1,19,3"
1232174500,163,7,2,"0,1,3,2"
1422935965,163,8,5,"1,0,13,5"
1294095131,164,6,3,"1,5,8,11"
2809052104,165,7,6,"0,2,1,22"
2809052422,165,7,6,"2,0,22,1"
2809052494,165,7,6,"2,0,1,22"
2808202603,165,7,6,"0,2,1,22"
2809052660,165,7,6,"0,2,3,22"
2809052714,165,7,6,"0,2,1,22"
2808202871,165,7,6,"0,2,1,17"
2808202957,165,7,6,"0,2,1,17"
2808203007,165,7,6,"2,0,1,3"
6933593921,166,1,5,"0,22,2,1"
6787479862,166,1,5,"1,3,0,2"
7125737187,166,3,7,"0,2,3,1"
6982063182,166,3,7,"0,1,2,22"
7514132588,166,5,7,"2,0,1,3"
7514128532,166,5,7,"0,2,3,1"
7514123796,166,5,7,"2,22,0,3"
7514118358,166,5,7,"2,0,3,1"
7514112956,166,5,7,"0,2,3,22"
7514107492,166,5,7,"0,2,22,3"
7514102282,166,5,7,"0,2,22,3"
6455706383,167,11,4,"0,1,3,2"
394725423,168,1,10,"0,1,5,2"
394725422,168,1,10,"1,5,8,6"
395698704,168,1,10,"0,2,33,51"
9199328783,169,6,10,"1,0,2,3"
9202086642,169,6,10,"0,2,1,3"
9199279681,169,6,10,"0,1,2,3"
9202043560,169,6,10,"1,0,2,18"
10899480675,170,10,13,"30,0,31,43"
6751312631,171,0,5,"2,0,1,3"
13627253504,172,9,4,"0,2,3,1"
4315660311,173,0,24,"1,8,5,7"
5221443871,174,10,6,"8,1,5,26"
5222048382,174,10,6,"1,8,3,0"
5221455023,174,10,6,"1,8,5,3"
5258364497,174,11,6,"1,0,5,8"
5258977856,174,11,6,"0,33,8,5"
5258982312,174,11,6,"1,5,8,0"
5258989220,174,11,6,"0,1,5,26"
5258389077,174,11,6,"0,5,1,18"
5258394959,174,11,6,"8,5,1,18"
5259009392,174,11,6,"8,5,16,1"
5259024174,174,11,6,"0,1,5,8"
5258425197,174,11,6,"0,1,5,8"
5259040520,174,11,6,"1,5,8,0"
5259049442,174,11,6,"8,5,16,10"
5258450659,174,11,6,"5,0,8,1"
5259065062,174,11,6,"0,1,5,8"
5259072204,174,11,6,"0,8,5,1"
5259079874,174,11,6,"0,1,2,40"
5371704180,174,0,6,"0,2,3,1"
5371103025,174,0,6,"2,0,22,3"
5371713558,174,0,6,"0,2,3,1"
5371717862,174,0,6,"0,3,2,1"
5371722806,174,0,6,"1,0,2,3"
5371727586,174,0,6,"0,1,2,3"
5371732588,174,0,6,"2,0,3,1"
5371130345,174,0,6,"0,2,1,3"
5371134469,174,0,6,"2,3,0,1"
5373671500,174,0,6,"1,8,5,3"
5373077975,174,0,6,"1,8,13,23"
5373083015,174,0,6,"1,8,3,0"
5373089067,174,0,6,"1,8,5,18"
5373094047,174,0,15,"1,8,13,23"
5373099699,174,0,15,"1,8,5,18"
5373703584,174,0,15,"1,8,5,0"
5377314077,174,0,7,"0,1,2,3"
5377319297,174,0,7,"0,1,2,3"
5377324953,174,0,7,"2,0,1,3"
5377929684,174,0,7,"0,2,3,1"
5377935764,174,0,7,"2,0,1,3"
5377941076,174,0,7,"2,0,1,3"
5377346005,174,0,7,"0,1,3,2"
5377350569,174,0,7,"3,1,0,2"
5377955790,174,0,7,"1,0,3,2"
5377961112,174,0,7,"0,2,3,1"
5377367819,174,0,7,"0,2,3,1"
5377372299,174,0,7,"3,1,0,2"
5377976832,174,0,7,"0,2,3,1"
5377382079,174,0,7,"3,1,0,2"
5377985926,174,0,7,"0,2,3,1"
5377390659,174,0,7,"0,19,22,1"
5377992864,174,0,7,"3,0,2,1"
5377996274,174,0,7,"0,2,3,27"
5378000176,174,0,7,"2,0,22,3"
5377405429,174,0,7,"2,0,22,19"
5378008968,174,0,7,"0,2,3,1"
5378013450,174,0,7,"0,2,3,22"
5377418309,174,0,7,"0,2,3,22"
5378021214,174,0,7,"0,3,2,1"
5377426503,174,0,7,"0,2,1,22"
5378029482,174,0,7,"0,2,3,22"
5377434627,174,0,7,"0,2,3,1"
5377438893,174,0,7,"0,2,1,3"
5378041504,174,0,7,"3,0,2,1"
5378045180,174,0,7,"0,2,3,1"
5378049102,174,0,7,"0,2,3,1"
5378052562,174,0,7,"0,2,3,19"
5377456699,174,0,7,"0,2,3,1"
5378059770,174,0,7,"0,2,3,1"
5377463659,174,0,7,"0,2,1,3"
5377467361,174,0,7,"0,2,3,19"
5377470889,174,0,7,"0,2,22,3"
5377474561,174,0,7,"0,2,3,1"
5377478073,174,0,7,"0,2,3,22"
5377482685,174,0,7,"0,3,2,1"
5378086834,174,0,7,"0,2,3,1"
5378090148,174,0,7,"0,2,3,1"
5377496457,174,0,7,"0,3,2,1"
5399158512,174,0,6,"2,0,1,24"
5398562441,174,0,6,"1,0,2,3"
5399171388,174,0,6,"0,2,1,3"
5399178552,174,0,6,"0,1,2,3"
5438198307,174,1,4,"0,1,2,3"
5438812026,174,1,4,"0,1,2,18"
5438213277,174,1,4,"1,0,2,3"
5438295061,174,1,6,"1,0,5,4"
5438301025,174,1,6,"1,5,8,0"
5436970750,174,1,4,"1,0,3,2"
5436368491,174,1,4,"2,0,3,1"
5436381591,174,1,4,"0,3,2,1"
5436387335,174,1,4,"0,3,2,1"
5436393409,174,1,4,"0,3,2,1"
5437009972,174,1,4,"1,0,2,3"
5437016310,174,1,4,"3,1,0,8"
5436410809,174,1,4,"0,3,1,30"
5437028944,174,1,4,"0,3,2,1"
5437034254,174,1,4,"0,3,1,2"
5437039534,174,1,4,"0,2,1,3"
5436433465,174,1,4,"0,3,2,19"
5437049588,174,1,4,"0,3,2,1"
5436443749,174,1,4,"0,3,1,2"
5436449707,174,1,4,"1,0,3,2"
5436455881,174,1,4,"0,3,2,1"
5437072962,174,1,4,"0,3,2,1"
5436468151,174,1,4,"0,2,3,1"
5436473025,174,1,4,"3,0,2,1"
5437090362,174,1,4,"0,1,2,3"
5436485943,174,1,4,"0,3,2,30"
5436492191,174,1,4,"0,2,3,15"
5451419304,174,1,6,"1,13,0,23"
5450809715,174,1,6,"1,8,5,13"
5451420688,174,1,6,"1,0,23,13"
5451422904,174,1,6,"1,0,5,14"
5450813777,174,1,6,"1,0,5,8"
5451425966,174,1,6,"1,8,5,13"
5450816987,174,1,6,"1,8,5,13"
5450818307,174,1,15,"1,5,8,13"
5451430156,174,1,15,"1,5,8,13"
5450820465,174,1,15,"1,0,15,5"
5451432582,174,1,15,"1,5,8,0"
5451434944,174,1,15,"1,4,0,5"
5451435426,174,1,15,"1,0,4,8"
5451436292,174,1,15,"5,8,4,1"
5451437628,174,1,15,"1,4,0,8"
5451438674,174,1,15,"1,0,5,13"
5451439654,174,1,15,"1,5,8,28"
5450838049,174,1,6,"1,0,5,15"
5450839017,174,1,6,"0,2,1,15"
5451452614,174,1,6,"1,0,5,8"
5450842903,174,1,6,"1,8,5,18"
5450843471,174,1,6,"1,0,5,8"
5450844919,174,1,6,"1,0,5,8"
5450845611,174,1,6,"1,0,2,13"
5451457624,174,1,6,"0,1,2,5"
5451458658,174,1,6,"0,1,5,2"
5451461656,174,1,6,"1,0,5,8"
5450851865,174,1,6,"0,1,2,3"
5451463868,174,1,6,"0,1,5,4"
5451464740,174,1,6,"0,1,2,18"
5450854665,174,1,6,"1,0,5,8"
5450855179,174,1,6,"0,1,2,4"
5451467050,174,1,6,"0,1,3,2"
5450856687,174,1,6,"0,1,3,2"
5451468194,174,1,6,"1,5,8,0"
5451468624,174,1,6,"1,5,8,31"
5451469724,174,1,6,"1,5,8,18"
5450859775,174,1,6,"5,1,8,11"
5450861675,174,1,6,"1,0,2,18"
5450862423,174,1,6,"0,1,2,3"
5451473536,174,1,6,"2,0,1,3"
5451474276,174,1,6,"0,2,1,3"
5451475972,174,1,6,"0,2,3,1"
5450867203,174,1,6,"1,0,5,4"
5450868031,174,1,6,"0,2,1,3"
5451479756,174,1,6,"0,1,2,3"
5450870165,174,1,6,"0,1,3,4"
5451481760,174,1,6,"0,1,2,22"
5451482766,174,1,6,"0,2,1,3"
5450872971,174,1,6,"1,0,2,15"
5451485764,174,1,6,"0,2,1,3"
5451486736,174,1,6,"0,2,1,3"
5450876977,174,1,6,"0,2,1,15"
5451489570,174,1,6,"0,2,22,1"
5450880191,174,1,6,"0,1,15,2"
5451493026,174,1,6,"0,1,2,15"
5450882777,174,1,6,"0,1,2,15"
5451494808,174,1,6,"0,2,1,22"
5451496758,174,1,6,"0,1,2,12"
5451497698,174,1,6,"0,1,15,2"
5450887571,174,1,6,"0,2,1,15"
5450888603,174,1,6,"0,1,2,15"
5450889413,174,1,6,"0,2,22,3"
5450890013,174,1,6,"0,1,2,22"
5450891117,174,1,6,"0,2,1,3"
5450892229,174,1,6,"0,2,1,3"
3016001351,175,9,2,"8,5,1,11"
6863229815,176,1,9,"1,8,5,13"
6863246149,176,1,9,"0,2,1,3"
6863247169,176,1,2,"0,1,2,3"
6863248667,176,1,2,"8,1,5,16"
5763959901,177,3,10,"5,8,30,26"
8913541482,178,4,6,"5,1,8,26"
8912921033,178,4,6,"5,1,8,13"
9823299306,179,8,13,"8,5,1,11"
7828127796,180,7,1,"1,0,8,5"
9429778273,181,6,9,"1,0,2,26"
8371769533,182,0,2,"0,1,2,3"
8436705513,182,0,3,"1,5,8,11"
8437786280,182,0,1,"8,5,1,16"
8436704391,182,0,1,"1,8,5,16"
8436702107,182,0,13,"1,3,0,2"
8436701669,182,0,13,"1,3,0,18"
8436701223,182,0,13,"1,0,3,2"
8436700259,182,0,13,"1,8,3,10"
8437782212,182,0,13,"1,3,7,8"
8158100996,183,10,4,"0,30,5,8"
8158099452,183,10,4,"0,1,30,8"
7315723886,184,2,3,"1,0,18,2"
6898891104,185,2,21,"0,1,2,20"
780764538,186,6,13,"8,5,1,11"
5845748289,187,9,1,"8,5,1,18"
5845748593,187,9,1,"8,1,5,11"
5846302814,187,9,1,"1,5,8,18"
5845760451,187,9,1,"1,5,8,0"
5845760587,187,9,1,"1,8,5,18"
5846314592,187,9,1,"1,0,5,18"
5846314796,187,9,1,"1,5,8,13"
5845761291,187,9,1,"1,0,5,59"
5846315132,187,9,1,"1,5,18,8"
5846320540,187,9,1,"1,8,5,28"
5845767123,187,9,1,"5,1,8,16"
5845767359,187,9,1,"5,1,8,18"
5845767535,187,9,1,"1,5,8,0"
9484998278,188,3,2,"0,1,2,6"
6961598734,189,3,20,"4,5,30,8"
9114404381,190,10,10,"8,5,1,11"
3821389313,191,4,12,"1,0,3,8"
2424264874,192,3,0,"8,5,1,4"
4140256726,193,7,14,"1,0,2,3"
263091186,194,8,13,"8,5,1,9"
5955549089,195,5,0,"1,0,2,12"
8229262709,195,8,10,"1,0,2,3"
8235240424,195,8,10,"1,0,2,3"
2726189605,196,6,1,"1,8,5,0"
378350967,197,0,12,"1,0,3,2"
2911279163,198,7,17,"8,5,30,31"
2912127980,198,7,12,"0,1,2,3"
2912128496,198,7,12,"0,2,1,3"
3617811026,198,4,12,"0,2,1,3"
3616993081,198,4,12,"0,1,2,15"
3616994675,198,4,12,"0,1,2,3"
3616996321,198,4,12,"0,1,2,31"
3616997963,198,4,12,"0,2,1,3"
3617819282,198,4,12,"0,2,3,1"
3617001065,198,4,12,"0,2,1,15"
3617822866,198,4,12,"0,1,2,3"
3617824806,198,4,12,"2,0,3,1"
3617826232,198,4,12,"0,1,2,3"
3617008023,198,4,12,"2,0,3,1"
3617009847,198,4,12,"0,1,3,15"
3617831784,198,4,12,"0,2,3,1"
3617833470,198,4,12,"0,2,1,3"
3617835230,198,4,12,"0,2,1,3"
3617017017,198,4,12,"0,3,2,1"
3617018623,198,4,12,"2,0,3,1"
3617020189,198,4,12,"2,3,0,1"
3617021819,198,4,12,"0,3,1,2"
3617843612,198,4,12,"3,2,0,1"
3617025275,198,4,12,"3,0,2,1"
3617847166,198,4,12,"0,3,2,1"
3617849044,198,4,12,"0,1,3,2"
5360049408,199,11,3,"1,0,2,12"
3133352155,200,11,4,"0,1,2,3"
8347596009,201,6,3,"1,5,8,0"
6686991287,202,1,25,"0,1,2,3"
6686988109,202,1,25,"0,2,1,3"
6686994163,202,1,25,"1,0,3,18"
6687035381,202,1,25,"1,0,3,2"
6687019203,202,1,3,"1,0,3,2"
6687005549,202,1,3,"2,0,3,1"
6687009589,202,1,3,"1,0,3,2"
6687015399,202,1,3,"1,0,18,3"
6687022535,202,1,2,"0,2,1,3"
6687001785,202,2,13,"1,5,8,9"
6687032123,202,2,13,"0,5,30,31"
6687012263,202,2,13,"1,5,8,11"
5874142438,203,5,4,"0,1,5,2"
6829834097,204,1,21,"5,1,10,8"
6974770352,204,3,5,"1,0,2,60"
3620762856,205,7,12,"0,2,3,1"
3620763768,205,1,2,"2,0,1,17"
3620766526,205,3,2,"0,5,1,2"
3619947859,205,3,2,"1,0,5,21"
3659149337,205,5,2,"0,2,1,15"
3695004586,205,6,2,"2,0,1,3"
3726841337,205,6,1,"1,0,2,3"
3783144738,205,7,12,"2,1,0,3"
3783146594,205,7,21,"5,8,1,16"
3796387476,205,7,2,"1,0,2,3"
3796387920,205,7,2,"1,0,12,5"
3823809521,205,7,2,"1,5,12,0"
3823810019,205,7,12,"2,1,0,3"
3824611348,205,7,12,"0,2,1,3"
3824611790,205,7,12,"0,3,1,2"
7497050964,206,5,14,"0,1,2,7"
8594198824,207,5,1,"2,1,0,3"
8669957685,207,5,20,"3,2,0,1"
2888195950,208,8,13,"1,5,8,0"
4162740721,208,11,3,"0,2,1,3"
4618719858,209,4,14,"0,1,2,3"
2621546370,210,7,9,"1,5,8,7"
2620795321,210,7,0,"1,0,2,12"
3881197271,211,7,14,"0,2,33,3"
2823060288,212,7,12,"1,8,5,13"
2822225431,212,7,12,"8,5,1,16"
3832754675,213,7,3,"0,2,1,3"
3833549062,213,7,3,"2,3,0,1"
3833556438,213,7,3,"1,0,3,2"
3803686664,213,7,2,"2,1,0,3"
3805600470,213,7,5,"0,1,2,15"
385917059,214,1,12,"2,0,1,3"
403961988,214,1,14,"1,0,2,18"
420453646,214,2,5,"1,8,5,18"
2556386869,214,5,7,"1,0,3,2"
2906889040,214,8,5,"2,0,1,3"
2936753201,214,9,3,"1,0,3,2"
2936755587,214,9,2,"1,0,3,2"
5034113821,214,8,13,"3,0,1,2"
7047265677,214,3,5,"0,2,1,3"
7047266687,214,3,5,"0,3,2,1"
6901173626,214,3,5,"0,3,2,1"
7047269409,214,3,5,"3,0,1,2"
7047271319,214,3,5,"0,2,3,1"
6901178724,214,3,5,"0,3,1,32"
6901180796,214,3,5,"0,3,32,2"
6901184936,214,3,5,"3,2,0,1"
6901187102,214,3,5,"3,0,1,32"
6901188062,214,3,5,"0,3,1,2"
6901189020,214,3,5,"0,3,1,18"
6901190974,214,3,5,"3,0,2,1"
6901192158,214,3,5,"3,1,0,32"
2115018524,215,11,17,"2,0,1,3"
6838464945,216,4,9,"1,0,2,44"
131330436,217,3,1,"2,1,0,3"
131330437,217,3,1,"0,1,4,2"
131330438,217,3,1,"2,0,3,1"
131330435,217,3,1,"0,2,3,1"
8036434509,217,8,21,"4,8,5,1"
8036436456,217,8,21,"4,8,5,30"
4178386335,218,11,6,"0,2,3,1"
4203654681,218,11,15,"0,1,2,3"
4209369926,218,11,0,"3,2,0,1"
4251602505,218,0,15,"1,8,5,18"
2207298533,219,0,1,"1,0,2,53"
4697465064,220,4,1,"0,1,2,3"
5805459756,221,5,9,"0,1,2,5"
7419976402,222,8,14,"0,3,2,1"
7229163756,223,8,14,"0,2,3,1"
7229159292,223,8,14,"0,1,2,3"
7229154448,223,8,14,"0,2,1,3"
7229149724,223,8,14,"0,2,1,22"
7229135554,223,8,14,"1,0,2,3"
7229145966,223,8,14,"0,1,2,3"
7229140962,223,8,14,"1,2,0,3"
7229130372,223,8,14,"1,0,3,2"
7229124454,223,8,14,"2,0,1,3"
7229121102,223,8,14,"0,1,3,2"
7229116078,223,8,14,"2,1,0,3"
7229111476,223,8,14,"2,0,1,3"
3934426285,223,8,0,"0,1,2,3"
7702769150,224,7,13,"1,5,0,8"
5411131605,225,0,13,"1,8,0,3"
2050135859,225,10,2,"1,0,3,5"
2776281902,225,6,1,"1,0,2,3"
3999065753,225,9,9,"1,0,4,5"
5502799372,225,2,23,"1,39,44,4"
454553612,226,8,18,"8,5,1,11"
454553602,226,8,18,"8,5,1,11"
454553594,226,8,18,"1,5,0,12"
454553714,226,8,18,"5,8,30,1"
2665427624,226,6,3,"1,0,13,23"
2665429162,226,6,3,"0,1,3,2"
2665430258,226,6,3,"0,3,1,2"
2664606987,226,6,3,"2,3,0,19"
2665431466,226,6,3,"2,0,1,3"
2664608035,226,6,3,"3,2,1,0"
2664608709,226,6,3,"3,2,0,1"
2664609433,226,6,3,"3,2,0,1"
2664610235,226,6,3,"2,3,0,1"
2664610887,226,6,3,"3,0,2,1"
2664611441,226,6,3,"1,0,3,18"
2664612109,226,6,3,"1,0,3,2"
2814756035,226,7,9,"1,5,8,13"
2814757341,226,7,9,"1,13,5,23"
2815609900,226,7,9,"1,0,5,8"
2815611142,226,7,9,"0,2,1,22"
2814761031,226,7,9,"1,0,41,15"
2814761937,226,7,9,"0,2,22,1"
2814763283,226,7,9,"0,2,1,3"
2814764601,226,7,9,"0,22,2,1"
2814765985,226,7,3,"0,2,1,3"
2814767063,226,7,3,"0,1,15,2"
2815619238,226,7,3,"0,22,1,2"
2815620230,226,7,3,"0,1,2,22"
2815621638,226,7,3,"0,22,1,19"
2815623062,226,7,3,"0,22,2,27"
2814772783,226,7,3,"0,22,2,1"
2815632428,226,7,1,"8,1,5,11"
2814773543,226,7,1,"0,1,21,22"
2815625396,226,7,1,"0,1,2,22"
2814775047,226,7,1,"22,27,0,2"
2188751419,227,9,17,"1,8,13,23"
2076658715,228,11,13,"0,1,2,3"
2887608869,229,8,13,"3,1,0,2"
2888444434,229,8,13,"1,0,2,22"
2888444080,229,8,13,"1,0,2,22"
2888444892,229,8,13,"1,0,2,25"
2888445086,229,8,13,"0,3,1,2"
2888445290,229,8,13,"0,3,1,2"
2887610555,229,8,13,"0,1,2,3"
5522884188,230,2,2,"3,0,1,2"
7606976472,231,11,9,"2,0,3,1"
7538567592,231,1,9,"0,19,3,22"
7917820214,231,1,9,"0,26,22,33"
8105706328,231,2,9,"0,3,1,2"
7701170982,231,2,9,"3,0,2,1"
7621687978,231,2,9,"0,1,3,2"
7514466442,231,2,7,"0,1,2,3"
8142704575,231,3,9,"0,2,1,3"
7565664006,231,3,9,"0,2,3,22"
4713261777,232,5,12,"1,0,2,3"
7032258813,233,2,3,"1,0,5,8"
1555552888,234,8,11,"8,1,5,10"
1559627357,234,8,10,"8,5,1,31"
1559761273,234,8,10,"8,5,1,16"
1598870160,234,8,10,"5,1,8,16"
1598874914,234,8,10,"0,1,2,3"
1598880836,234,8,10,"1,0,18,2"
8627932576,235,2,1,"1,8,5,18"
2736515424,236,6,1,"1,8,5,18"
6058682449,237,7,12,"1,0,2,3"
6058685111,237,7,12,"0,1,2,3"
6058687515,237,7,12,"0,1,2,3"
1658612922,238,8,15,"8,1,5,4"
7804874110,239,7,7,"0,2,1,3"
7136963727,240,4,1,"1,0,8,18"
7165978533,240,5,1,"1,0,5,6"
8112539151,241,9,1,"8,1,0,3"
2474501250,242,4,17,"2,0,1,3"
2528229433,243,4,9,"0,3,2,1"
2529049934,243,4,9,"3,2,0,1"
2528230249,243,4,9,"0,2,3,22"
2529050822,243,4,9,"3,2,0,1"
2551948369,243,5,6,"8,1,5,16"
2588893690,243,5,12,"8,5,1,16"
2588894258,243,5,12,"1,8,0,5"
2588058711,243,5,12,"8,1,5,16"
2588058931,243,5,12,"1,8,5,11"
2588059569,243,5,12,"1,0,22,8"
2588893928,243,5,12,"1,0,8,5"
2588059093,243,5,12,"8,5,1,16"
400910007,244,1,1,"8,5,1,4"
2728342073,244,7,1,"1,0,2,3"
4929488613,244,7,2,"1,0,2,5"
4930090594,244,7,6,"2,0,1,3"
8192087071,244,10,3,"1,8,13,21"
8193172374,244,10,2,"1,8,0,5"
8193170916,244,10,3,"1,0,8,5"
8193169442,244,10,3,"0,1,3,2"
8193167740,244,10,3,"0,1,3,8"
8193124018,244,10,2,"1,0,3,2"
8193122628,244,10,2,"1,3,0,8"
3265580763,245,1,21,"8,5,33,10"
2328856791,246,2,12,"2,0,3,1"
365792302,247,10,13,"3,0,1,2"
365792329,247,10,13,"3,0,1,2"
365792353,247,10,13,"3,0,2,32"
365792395,247,10,13,"0,3,1,32"
4364565723,248,1,3,"1,0,2,3"
4367208963,248,1,3,"2,0,1,3"
4369758723,248,1,3,"1,8,5,18"
4378413955,248,1,3,"2,0,1,3"
4384912284,248,1,3,"2,0,1,3"
4384987370,248,1,5,"1,8,2,5"
4386730833,248,1,2,"1,2,0,3"
4390216659,248,1,3,"2,0,1,3"
4397690293,248,2,3,"0,2,1,25"
4402409896,248,2,3,"8,1,5,11"
4401648475,248,2,3,"1,0,8,18"
4401652015,248,2,1,"8,5,16,11"
4860823195,249,6,1,"1,0,2,5"
4860822147,249,6,6,"1,8,5,11"
4840031503,249,6,10,"1,0,18,8"
4847263048,249,6,6,"1,0,2,18"
759768667,250,5,3,"1,0,2,18"
760624198,250,5,2,"0,1,2,3"
1237860917,250,7,2,"1,0,2,3"
1237879417,250,7,2,"1,0,3,2"
1238757460,250,7,2,"1,0,3,2"
1238764212,250,7,2,"0,2,1,3"
1228031352,250,7,2,"3,2,0,1"
1228031498,250,7,2,"1,0,2,3"
7229514578,251,4,9,"1,0,26,53"
7393960842,252,5,3,"0,2,38,22"
2400617882,253,7,9,"5,8,1,10"
2400618036,253,7,9,"5,1,8,10"
2400618210,253,7,9,"5,1,8,9"
2400618450,253,7,9,"2,0,1,3"
2400618640,253,7,13,"0,3,1,2"
2400618798,253,7,13,"0,3,33,8"
2400618924,253,7,13,"1,0,3,2"
2400619100,253,7,13,"3,2,0,1"
2400619270,253,7,13,"2,0,3,1"
2399784889,253,7,13,"0,1,2,3"
2104455461,254,3,10,"1,0,13,2"
2104455553,254,3,10,"2,1,0,18"
5601454020,255,3,10,"1,8,5,16"
5600877377,255,3,10,"1,8,5,16"
5601479736,255,3,10,"8,5,1,4"
5600899843,255,3,10,"1,8,18,5"
5601503920,255,3,10,"1,18,8,3"
5601437522,255,3,10,"0,1,2,3"
5654108373,255,3,4,"1,5,8,0"
5654676222,255,3,4,"1,0,5,8"
5654124107,255,3,4,"0,1,5,2"
5654117203,255,3,4,"0,1,5,21"
8124658955,256,9,7,"3,2,0,1"
4901957359,257,7,9,"0,1,2,3"
3910303391,258,7,3,"1,5,8,18"
3910306513,258,7,2,"5,1,8,9"
3911106012,258,7,2,"0,1,2,3"
5942131945,259,3,2,"1,8,5,16"
5942132389,259,3,2,"1,0,13,23"
5942132713,259,3,5,"0,22,2,1"
1231143358,260,7,2,"1,0,5,18"
1231148592,260,7,2,"1,5,0,8"
1230290731,260,7,2,"0,1,3,19"
1230296805,260,7,2,"1,5,0,8"
1230302381,260,7,2,"0,1,22,2"
1230306725,260,7,2,"0,1,2,22"
1231171882,260,7,2,"1,0,2,3"
1228869885,260,7,2,"5,8,1,29"
11265399273,261,10,4,"1,0,2,3"
11265389855,261,10,6,"8,1,5,18"
5182920232,262,9,2,"0,1,2,24"
6876524217,263,1,3,"1,10,11,8"
10462220934,264,9,2,"0,2,3,1"
13957141293,265,3,6,"0,1,5,2"
13957090843,265,3,6,"8,1,5,10"
13933846741,265,3,6,"8,5,1,26"
13941318462,265,3,6,"4,5,1,8"
13933793231,265,3,6,"1,0,2,35"
13964392193,265,3,6,"2,0,1,3"
13964342693,265,3,6,"0,1,2,20"
13956802043,265,3,6,"2,3,0,1"
13933580672,265,3,6,"2,0,1,3"
13933518792,265,3,6,"1,5,0,4"
13933459921,265,3,6,"0,1,2,18"
5100411806,266,9,11,"1,0,3,2"
5099818169,266,9,11,"1,3,0,2"
5100490130,266,9,11,"3,0,8,2"
5100490312,266,9,11,"0,3,2,1"
5099900325,266,9,11,"3,0,2,1"
6778210130,266,1,4,"3,0,2,1"
6778210508,266,1,4,"1,0,3,8"
6924327179,266,1,4,"0,1,8,3"
6778211314,266,1,4,"0,3,1,8"
6924327893,266,1,4,"1,3,0,8"
6924328275,266,1,4,"0,1,3,32"
6778212716,266,1,4,"1,3,0,2"
6924329229,266,1,4,"1,3,0,8"
6924329635,266,1,4,"3,1,0,2"
6924330035,266,1,4,"0,3,1,2"
6924330375,266,1,4,"0,3,1,2"
6924330771,266,1,4,"0,1,3,8"
6924331141,266,1,4,"1,0,8,3"
6924331531,266,1,4,"3,0,1,2"
6778237880,266,1,4,"3,0,1,2"
6924354629,266,1,4,"3,1,0,2"
6778239422,266,1,4,"3,1,0,2"
6778239880,266,1,4,"1,0,3,2"
6924356225,266,1,4,"3,1,0,2"
6924356789,266,1,4,"3,0,1,2"
6924357309,266,1,4,"1,3,8,0"
9222995885,267,5,9,"1,0,2,3"
344474988,268,0,18,"1,0,3,2"
3427953962,269,3,9,"1,0,3,6"
3427145217,269,3,9,"1,0,7,6"
3427145649,269,3,9,"1,0,6,2"
8322539451,270,8,3,"1,8,5,18"
2362296818,271,2,9,"1,3,0,18"
331915038,272,11,2,"1,0,2,18"
7643705136,273,6,5,"1,0,2,3"
3402340176,274,2,2,"0,2,1,24"
3406709845,274,3,2,"2,0,1,3"
3426994059,274,3,1,"0,2,1,3"
2362920521,275,2,19,"8,5,1,16"
2363752364,275,2,19,"0,2,1,53"
2363752988,275,2,19,"0,1,5,2"
2363753596,275,2,19,"1,8,5,16"
2363754162,275,2,19,"4,8,5,30"
2362924637,275,2,19,"0,30,31,43"
2362923917,275,2,19,"0,30,31,33"
2362925487,275,2,19,"1,5,8,4"
2362925907,275,2,19,"2,1,3,0"
2362926447,275,2,19,"2,1,0,3"
2363757858,275,2,19,"2,1,0,3"
3658479680,276,5,9,"0,1,2,3"
4095709,277,1,0,"1,0,3,2"
4104373,277,1,0,"1,0,2,3"
5267393,277,1,0,"1,3,0,2"
27998901,277,6,0,"0,2,1,3"
242295325,277,6,2,"2,0,1,3"
242295323,277,6,2,"2,0,1,22"
242295310,277,6,2,"0,2,3,22"
242295316,277,6,2,"0,2,1,3"
242295312,277,6,2,"0,3,2,1"
629319779,278,4,1,"1,0,3,2"
630227696,278,4,1,"1,5,8,18"
629364721,278,4,1,"1,5,8,18"
630187418,278,4,1,"1,8,5,18"
630232500,278,4,1,"1,8,5,18"
629368775,278,4,1,"8,5,1,28"
629370903,278,4,3,"1,5,8,55"
630238326,278,4,9,"8,5,1,11"
630240538,278,4,9,"5,8,1,11"
629376827,278,4,9,"1,0,3,2"
629378825,278,4,9,"1,5,8,13"
630246678,278,4,9,"0,1,12,2"
630189372,278,4,9,"2,0,3,1"
630249512,278,4,9,"0,1,3,2"
4398667973,279,2,13,"1,8,5,16"
8748434450,280,4,3,"1,0,13,22"
8815178524,280,4,3,"1,0,18,12"
8815189846,280,4,3,"2,3,0,1"
8815191904,280,4,2,"0,1,2,3"
8804620097,280,4,9,"2,0,3,1"
10479340653,281,9,5,"1,0,3,13"
2618217562,282,5,2,"1,0,5,8"
2617395637,282,5,2,"1,0,5,8"
2617396269,282,5,2,"1,0,8,5"
2126126891,283,10,9,"0,2,1,3"
2495041396,284,8,13,"8,1,5,4"
2494221055,284,8,13,"1,0,5,6"
3758817060,284,2,1,"1,8,5,18"
3758022185,284,2,1,"1,0,5,8"
3758022725,284,2,1,"0,1,5,53"
2416723876,285,3,18,"1,4,5,13"
2655601555,285,6,13,"8,5,9,48"
2656429420,285,6,13,"5,8,1,9"
2656429908,285,6,13,"5,8,1,9"
2655602949,285,6,13,"5,8,1,11"
7353695878,286,5,0,"2,0,1,3"
7164051255,286,5,0,"1,0,2,3"
7164044525,286,5,0,"1,0,2,3"
7349257570,286,5,0,"1,5,8,20"
7164048677,286,5,0,"0,1,2,12"
7349233752,286,5,0,"1,0,2,5"
7164042209,286,5,0,"2,0,1,17"
7164040077,286,5,0,"8,1,5,16"
7349240614,286,5,0,"1,8,5,7"
2240223306,287,1,10,"1,0,3,2"
3101783507,288,10,10,"8,5,26,31"
3101784589,288,10,10,"0,1,3,2"
3101785425,288,10,10,"8,5,1,18"
175602481,289,5,9,"1,0,2,3"
3953161066,290,8,8,"0,1,2,13"
