8636126004,0,3,0,"0,2,4,1"
7909379802,1,9,2,"0,2,3,4"
7909378764,1,9,2,"2,5,6,7"
7909378182,1,9,2,"5,2,6,4"
7909377748,1,9,2,"5,6,2,33"
7909377308,1,9,2,"0,2,1,6"
7909376910,1,9,2,"2,4,0,3"
7909376692,1,9,2,"6,5,16,33"
7909376086,1,9,2,"5,6,33,7"
7909375574,1,9,2,"2,0,1,3"
7909375086,1,9,2,"0,2,1,3"
7909374538,1,9,2,"0,2,13,8"
7909371670,1,9,3,"2,5,6,17"
7909371090,1,9,3,"13,8,0,22"
7909370428,1,9,3,"17,16,0,47"
7909369918,1,9,3,"2,5,6,7"
7909368464,1,9,3,"0,2,1,41"
7909368106,1,9,3,"2,5,17,6"
7909367508,1,10,4,"2,0,3,1"
7909367024,1,9,4,"2,5,6,21"
7909366560,1,9,4,"0,1,2,9"
7909365596,1,9,4,"2,0,5,13"
7909365056,1,9,5,"2,6,5,7"
7909364570,1,9,5,"6,5,2,7"
7909364258,1,9,5,"2,5,6,7"
7909363810,1,9,6,"2,5,6,33"
7909363454,1,9,6,"6,5,2,7"
7909401588,1,9,0,"5,2,6,4"
7909401274,1,9,0,"6,5,2,7"
7909400786,1,9,0,"6,5,2,7"
7909400390,1,9,1,"5,6,2,7"
7909399934,1,9,1,"6,5,2,7"
7909399322,1,9,1,"0,2,1,15"
7909398878,1,9,1,"5,6,2,17"
6338782949,2,9,10,"6,5,2,33"
6339536304,2,9,5,"2,6,5,4"
5389825796,3,11,10,"5,6,2,33"
5389221469,3,11,10,"17,5,6,16"
5389221499,3,11,10,"5,6,17,16"
5389825900,3,11,10,"17,2,6,5"
5389221567,3,11,10,"2,17,5,0"
5389221609,3,11,10,"5,17,6,16"
5389221643,3,11,10,"17,5,6,7"
5389221693,3,11,10,"6,5,2,7"
5389826088,3,11,10,"0,2,32,15"
5760941831,4,2,3,"17,5,6,2"
5761488200,4,2,3,"2,0,6,1"
5761489648,4,2,3,"2,5,6,7"
5761497454,4,2,3,"2,6,5,20"
5761499014,4,2,7,"2,6,5,8"
11609416596,5,11,2,"2,5,6,4"
12352443994,5,11,2,"2,4,21,5"
12406721723,5,11,1,"2,0,15,4"
3279655790,6,9,3,"2,5,6,17"
3279634770,6,9,3,"2,0,1,4"
327682858,7,8,5,"2,6,5,4"
327683278,7,8,5,"6,5,2,17"
327683722,7,8,5,"2,5,6,7"
7171038427,8,1,2,"0,2,6,14"
12604657264,9,1,3,"0,2,1,3"
12604667914,9,1,3,"2,5,6,7"
12604354693,9,1,2,"6,5,2,7"
12604272775,9,1,2,"2,5,6,4"
2071287142,10,8,2,"2,6,5,10"
2071287528,10,8,2,"0,2,1,14"
2071288020,10,8,2,"0,1,2,3"
2070494091,10,8,2,"0,2,1,17"
2070494507,10,8,2,"0,2,1,27"
2071289442,10,8,2,"0,2,1,3"
2071289892,10,8,2,"0,2,1,3"
2070496145,10,8,2,"0,2,1,6"
2071291108,10,8,2,"0,6,29,9"
2071291548,10,8,2,"0,2,1,3"
2071291990,10,8,2,"0,1,2,3"
2070498003,10,8,2,"0,2,1,3"
2070498435,10,8,2,"0,1,2,3"
2070498849,10,8,2,"0,2,1,46"
2070499355,10,8,2,"2,0,6,3"
2071294268,10,8,2,"0,2,1,6"
2071294712,10,8,2,"0,1,2,3"
2070500677,10,8,2,"0,1,2,3"
2071295444,10,8,2,"2,0,10,3"
2071295982,10,8,2,"0,1,2,3"
2071296646,10,8,2,"0,14,2,3"
2070502829,10,8,2,"0,2,1,3"
2070503141,10,8,2,"2,5,6,7"
2070503835,10,8,2,"0,1,2,3"
2071298920,10,8,2,"0,1,2,9"
2070505815,10,8,2,"2,6,5,4"
2070506221,10,8,2,"2,5,6,4"
2071300992,10,8,2,"12,6,5,28"
2070507039,10,8,2,"5,6,29,0"
2071301844,10,8,2,"0,1,2,9"
2070507601,10,8,2,"0,5,6,29"
2070508119,10,8,2,"0,1,2,3"
2071303052,10,8,2,"2,0,5,6"
2070509059,10,8,2,"2,5,6,7"
2071303684,10,8,2,"2,5,6,4"
2070509719,10,8,2,"2,6,5,4"
2070510161,10,8,2,"2,5,6,7"
2070510573,10,8,2,"2,6,5,4"
2071305316,10,8,2,"2,6,5,7"
2070511597,10,8,2,"2,5,6,4"
2070512005,10,8,2,"2,0,6,15"
2071306846,10,8,2,"0,8,16,22"
2071307288,10,8,2,"5,6,16,33"
2071307592,10,8,2,"0,2,1,3"
2071308010,10,8,2,"0,1,3,2"
2070514405,10,8,2,"0,2,1,3"
2071308990,10,8,2,"2,5,6,4"
2071309408,10,8,2,"5,2,6,4"
2071309642,10,8,2,"2,0,1,4"
3028694441,11,10,5,"5,6,2,9"
4122101127,12,10,3,"5,6,13,2"
4122880882,12,10,3,"2,0,6,10"
4122123215,12,10,3,"17,5,16,6"
4122132523,12,10,3,"0,2,5,6"
4122143737,12,10,3,"2,6,5,0"
4122930896,12,10,3,"2,0,1,18"
4122936956,12,10,3,"2,5,14,6"
4122171615,12,10,3,"2,5,6,7"
2157430441,13,11,9,"5,2,6,26"
2659616523,13,6,0,"6,5,2,7"
2663690454,13,6,1,"2,0,1,15"
3718188270,13,6,1,"2,0,6,32"
2661309464,13,6,1,"2,4,0,6"
2663690468,13,6,1,"2,6,5,4"
2663690498,13,6,0,"2,5,6,7"
3285360959,14,4,2,"2,6,5,7"
3285371379,14,4,4,"6,5,2,33"
6226184636,15,9,3,"2,0,6,4"
6225665417,15,9,3,"5,6,17,7"
6225665887,15,9,3,"2,0,1,32"
3350423827,16,10,9,"5,17,6,16"
3350235631,16,10,5,"2,5,6,10"
3350422771,16,10,9,"13,8,16,5"
4450689927,17,2,5,"2,5,6,7"
4451464248,17,2,5,"2,6,5,7"
4450694281,17,2,5,"2,6,5,7"
4450695839,17,2,5,"2,5,6,7"
4450697817,17,2,5,"2,6,5,4"
4450699473,17,2,5,"2,6,5,7"
4450703635,17,2,5,"2,6,4,5"
4450706573,17,2,5,"2,4,6,0"
4450709919,17,2,5,"2,0,1,6"
4451486144,17,2,5,"2,4,1,0"
4450716237,17,2,5,"2,0,5,4"
4450717437,17,2,5,"2,5,6,4"
4450719215,17,2,5,"2,1,14,0"
4451492894,17,2,5,"2,1,14,0"
4450723003,17,2,5,"5,6,13,8"
4451497678,17,2,5,"2,0,1,6"
4451499546,17,2,5,"2,6,5,4"
4451501302,17,2,5,"2,6,5,0"
4450730901,17,2,5,"2,6,5,4"
4451503746,17,2,5,"2,6,4,5"
4451509098,17,2,5,"2,6,5,4"
4451512650,17,2,5,"6,5,2,8"
4450743269,17,2,5,"2,6,4,0"
4451515840,17,2,5,"1,2,0,38"
4451517340,17,2,5,"2,6,5,7"
4450747215,17,2,5,"2,6,4,5"
4451521478,17,2,5,"2,6,5,37"
4450756889,17,2,5,"6,2,5,4"
4450762657,17,2,5,"2,6,5,0"
4451537720,17,2,5,"2,0,1,3"
4450767421,17,2,5,"2,6,5,0"
4451543154,17,2,5,"2,6,5,7"
4450772193,17,2,5,"2,6,5,7"
4450773125,17,2,5,"2,6,5,7"
4451546640,17,2,5,"2,0,6,5"
4451547702,17,2,5,"2,6,5,7"
4451548902,17,2,5,"2,6,5,4"
4451550376,17,2,5,"5,6,16,17"
4451551568,17,2,5,"2,6,5,4"
4450780013,17,2,5,"2,6,5,7"
4451554380,17,2,5,"2,0,6,5"
4450783411,17,2,5,"6,5,2,7"
4451557496,17,2,5,"2,6,5,4"
4450787183,17,2,5,"2,6,5,4"
4450788349,17,2,5,"2,0,1,4"
4451563460,17,2,5,"2,6,5,4"
4451566138,17,2,5,"2,6,5,7"
4450796337,17,2,5,"0,1,2,3"
4451570886,17,2,5,"5,6,2,7"
4450800511,17,2,5,"5,6,2,33"
4450802375,17,2,5,"2,6,4,5"
4450805685,17,2,5,"2,6,5,4"
4451580386,17,2,5,"2,5,6,7"
4450808541,17,2,5,"2,4,0,1"
4451582448,17,2,5,"2,0,1,4"
4450811035,17,2,5,"2,4,6,5"
4450812701,17,2,5,"2,6,4,5"
4451588160,17,2,5,"2,6,4,5"
4450914995,17,2,5,"2,1,4,0"
4450915895,17,2,5,"2,5,6,7"
4450828779,17,2,5,"2,5,6,7"
4451603064,17,2,5,"2,0,13,3"
4451604896,17,2,5,"0,2,3,1"
4451606088,17,2,5,"2,5,6,7"
4451607930,17,2,5,"5,2,6,17"
4450837155,17,2,5,"5,2,6,17"
4451611264,17,2,5,"5,2,6,17"
4450840563,17,2,5,"6,16,5,29"
4450872091,17,2,5,"5,6,2,7"
4450873483,17,2,5,"5,2,6,7"
4450875171,17,2,5,"5,6,2,7"
4450878169,17,2,5,"2,5,6,7"
4451651864,17,2,5,"2,5,6,7"
4451653506,17,2,5,"2,5,6,7"
4451655070,17,2,5,"2,6,5,4"
4450884455,17,2,5,"2,6,5,7"
4451657608,17,2,5,"5,2,6,7"
4450887099,17,2,5,"2,5,6,0"
4450888681,17,2,5,"2,5,6,7"
4450890233,17,2,5,"2,0,3,1"
4451663592,17,2,5,"2,0,3,5"
4450892981,17,2,5,"2,0,6,5"
4450893927,17,2,5,"5,2,6,13"
4451667206,17,2,5,"2,3,5,0"
4450895827,17,2,5,"5,2,6,26"
4450896681,17,2,5,"2,5,6,4"
4450897383,17,2,5,"2,5,6,4"
4451670632,17,2,5,"1,0,2,3"
4451414496,17,2,5,"2,0,1,3"
4770436219,17,6,12,"1,0,3,2"
4770436671,17,6,12,"1,0,2,3"
4770436955,17,6,12,"2,10,50,0"
4771073670,17,6,12,"2,5,3,6"
4770437419,17,6,12,"2,5,3,10"
4771074166,17,6,12,"5,2,6,10"
4770437767,17,6,12,"5,2,6,33"
4770437931,17,6,12,"2,5,6,10"
4771074722,17,6,12,"2,0,5,3"
4770438353,17,6,12,"2,5,3,10"
4770434265,17,6,12,"2,10,5,11"
4830222342,17,6,1,"5,2,6,7"
4830223370,17,6,1,"5,6,2,17"
4829612803,17,6,1,"17,6,5,2"
4830225412,17,6,1,"2,6,5,15"
4829614699,17,6,1,"5,6,2,17"
4829615995,17,6,1,"5,2,6,7"
4829616933,17,6,1,"5,6,2,4"
4829617815,17,6,1,"5,17,6,2"
4829619259,17,6,1,"17,5,6,2"
4829620079,17,6,1,"5,2,6,4"
4830232728,17,6,1,"5,6,17,2"
4830233226,17,6,1,"17,5,2,6"
4829623143,17,6,1,"0,2,8,13"
4830235906,17,6,1,"2,5,6,17"
4829624739,17,6,1,"5,2,6,7"
4829625761,17,6,1,"2,6,5,0"
4829626909,17,6,1,"0,2,1,6"
4830239532,17,6,1,"2,0,1,6"
4830241836,17,6,1,"5,6,2,7"
4830243510,17,6,1,"2,6,5,24"
4829633267,17,6,1,"5,6,16,8"
4830245622,17,6,1,"6,2,5,7"
4830246150,17,6,1,"6,2,5,24"
4829635955,17,6,1,"6,5,17,16"
4830248962,17,6,1,"6,5,2,7"
4830250178,17,6,1,"6,5,2,24"
4830252294,17,6,1,"0,2,1,15"
4830253326,17,6,1,"6,5,2,24"
4829642489,17,6,1,"5,6,2,7"
4830255296,17,6,1,"6,5,2,7"
4829644419,17,6,1,"5,2,6,17"
4829645385,17,6,1,"6,17,5,16"
4830259192,17,6,1,"17,13,8,16"
4829648711,17,6,1,"17,5,6,16"
4829649627,17,6,1,"17,5,6,47"
4829650107,17,6,1,"2,5,6,17"
4830262494,17,6,0,"2,5,6,17"
4829651539,17,6,1,"5,6,2,26"
4830263532,17,6,1,"2,5,6,4"
4829652565,17,6,1,"2,5,6,4"
4829652891,17,6,1,"5,6,2,4"
4830265150,17,6,1,"2,6,5,17"
4829653971,17,6,1,"17,5,6,16"
4830266522,17,6,0,"17,2,5,6"
3256290756,18,0,11,"0,2,1,3"
3256210012,18,0,11,"0,2,1,6"
3255551851,18,0,11,"0,1,2,63"
3247364625,18,0,11,"5,8,13,16"
4571938920,19,3,3,"2,6,5,0"
4571303239,19,3,3,"2,0,6,16"
5736099352,20,3,10,"17,5,6,2"
5735550065,20,3,10,"6,5,2,7"
5736100960,20,3,10,"1,0,2,3"
5725546308,20,3,2,"2,0,1,51"
5725547268,20,3,2,"0,2,1,3"
5725083569,20,3,2,"2,5,6,4"
5725084493,20,3,2,"2,0,1,6"
5725085281,20,3,2,"6,5,2,17"
5725086017,20,3,2,"2,5,6,4"
5725086747,20,3,2,"5,2,6,4"
5724991893,20,3,2,"2,5,6,10"
5725549326,20,3,2,"2,0,4,3"
5724994059,20,3,2,"0,2,6,9"
5735563067,20,3,3,"2,5,17,6"
5735564029,20,3,3,"0,1,2,36"
5735565119,20,3,3,"0,2,32,1"
5735565935,20,3,3,"0,2,1,3"
8444960395,21,10,2,"2,6,5,21"
8444960677,21,10,2,"2,5,6,4"
8444960977,21,10,2,"2,5,6,4"
8444961261,21,10,2,"2,5,6,4"
8446051152,21,10,2,"2,5,6,7"
8446051448,21,10,2,"2,5,6,4"
8444962193,21,10,2,"2,5,6,7"
8444962579,21,10,2,"2,5,6,4"
8444962901,21,10,2,"2,5,6,4"
8446052882,21,10,2,"2,5,6,4"
8444963575,21,10,2,"2,6,5,0"
8444964003,21,10,2,"2,5,6,4"
8446053982,21,10,2,"2,6,5,7"
8444964609,21,10,2,"2,6,5,9"
8444965027,21,10,2,"0,2,1,3"
8444965511,21,10,2,"2,6,5,0"
8446055504,21,10,2,"2,5,6,7"
8444966195,21,10,2,"2,1,0,4"
8446056178,21,10,2,"2,0,1,3"
8446056564,21,10,2,"2,6,5,0"
8446056914,21,10,2,"2,5,6,7"
8444967825,21,10,2,"2,5,6,4"
8444968123,21,10,2,"0,1,2,36"
8446060670,21,10,7,"2,0,3,5"
8446061260,21,10,7,"0,2,1,27"
8444971989,21,10,7,"2,5,6,26"
8444972449,21,10,7,"0,2,1,3"
8444973067,21,10,7,"2,0,6,5"
8446063422,21,10,7,"0,2,3,1"
8444974027,21,10,7,"0,1,2,3"
8444974779,21,10,7,"2,0,1,3"
8446065136,21,10,7,"0,2,1,3"
8444975817,21,10,7,"0,1,2,3"
8446066074,21,10,7,"2,0,6,27"
8446066484,21,10,7,"0,2,1,3"
8444977197,21,10,7,"2,6,0,5"
8444977501,21,10,7,"2,6,0,5"
8446067900,21,10,7,"2,0,6,5"
8446068254,21,10,7,"2,6,5,7"
8444978811,21,10,7,"2,0,1,3"
8446069032,21,10,7,"0,1,3,14"
8444980597,21,10,7,"2,0,5,6"
8446070836,21,10,7,"0,2,1,3"
8446100864,21,10,3,"2,5,17,6"
8446101242,21,10,3,"2,6,0,17"
8446101656,21,10,3,"17,5,6,2"
8446101992,21,10,3,"2,5,6,0"
8445012537,21,10,3,"0,1,2,3"
8446102990,21,10,3,"5,17,6,2"
8446103432,21,10,3,"2,5,6,7"
8446104276,21,10,3,"6,5,2,17"
8446104778,21,10,3,"2,0,1,21"
8445015093,21,10,3,"2,0,1,3"
8445015469,21,10,3,"2,0,1,6"
8446105862,21,10,3,"0,2,6,9"
8445016255,21,10,3,"5,2,6,17"
8445016653,21,10,3,"5,17,2,6"
8445017079,21,10,3,"2,5,6,4"
8446107654,21,10,3,"5,6,2,7"
9605901743,22,7,5,"2,5,6,7"
9597779105,22,7,9,"5,6,2,26"
9600572298,22,7,9,"6,5,2,16"
5274437151,23,11,8,"0,2,1,4"
6114668207,24,5,6,"0,1,3,2"
6115214770,24,5,6,"0,1,2,3"
6115215202,24,5,6,"1,0,2,3"
6115213106,24,5,6,"0,1,2,3"
6114669375,24,5,6,"0,1,2,3"
6115215620,24,5,6,"0,1,2,3"
6115216132,24,5,6,"2,0,1,3"
6351815604,24,5,8,"6,5,2,13"
6351074547,24,5,3,"2,6,5,7"
6351075439,24,5,3,"0,2,1,14"
6351076405,24,5,3,"2,5,6,17"
7553324976,25,5,5,"2,5,6,7"
7553327904,25,5,5,"5,6,13,7"
7553320812,25,5,5,"0,2,1,3"
7559438454,25,5,2,"0,1,2,3"
7559435172,25,5,2,"2,6,5,4"
3260423818,26,0,11,"6,5,16,8"
3259591709,26,0,11,"0,25,24,6"
3259592001,26,0,11,"0,6,5,29"
3259592591,26,0,11,"0,16,8,29"
3259615499,26,0,11,"5,6,2,17"
3260449814,26,0,11,"2,5,6,4"
3259619167,26,0,11,"5,6,7,2"
3259622667,26,0,11,"13,8,29,6"
3259624661,26,0,11,"13,8,6,5"
3260459110,26,0,11,"13,8,6,5"
3259628749,26,0,11,"0,16,29,8"
3408482267,26,2,0,"6,2,5,17"
3409291920,26,2,1,"6,2,5,7"
3409294634,26,2,1,"5,6,2,7"
3409368630,26,2,1,"2,6,5,4"
3409293422,26,2,1,"0,2,24,15"
3409380042,26,2,1,"5,6,2,4"
3408487031,26,2,1,"2,5,6,7"
3409297758,26,2,0,"6,5,4,2"
3408491635,26,2,0,"6,0,24,5"
3409301930,26,2,0,"6,5,7,9"
3408495031,26,2,0,"2,0,6,4"
3409397732,26,2,0,"2,6,5,7"
3408496545,26,2,0,"2,6,5,7"
3409444714,26,2,0,"2,6,5,7"
3408640057,26,2,0,"0,1,9,2"
3409306822,26,2,0,"2,0,6,36"
3408500759,26,2,0,"17,5,6,16"
3409415220,26,2,0,"6,5,7,9"
3409311468,26,2,1,"6,5,2,8"
5271429923,27,11,8,"0,1,2,3"
5271436291,27,11,8,"0,1,3,2"
7473849648,28,5,7,"0,2,1,3"
7473856948,28,5,7,"0,2,1,3"
7473862152,28,5,7,"0,2,3,1"
3570513016,29,4,15,"2,0,4,6"
3569711265,29,4,15,"2,0,13,8"
3569715553,29,4,15,"2,5,6,21"
3570556340,29,4,15,"2,6,5,0"
3569739099,29,4,15,"2,1,0,3"
3842461097,30,2,3,"0,2,42,43"
3843248172,30,2,3,"5,6,17,2"
3842463041,30,2,3,"0,1,2,9"
3842464589,30,2,2,"2,5,6,4"
409851063,31,2,16,"2,5,6,7"
3789356576,31,7,2,"2,5,6,21"
3793743963,31,7,2,"5,2,6,26"
3794920039,31,7,2,"5,2,6,7"
5604836834,32,3,8,"2,0,6,13"
5604254387,32,3,8,"0,2,1,4"
5604840410,32,3,8,"0,2,1,3"
5604841990,32,3,8,"2,0,1,3"
5604843294,32,3,8,"2,0,6,32"
5604260445,32,3,8,"5,6,2,7"
5604270973,32,3,8,"2,0,6,5"
5604857366,32,3,8,"2,5,6,7"
5604846954,32,3,8,"2,5,6,7"
11124162225,33,7,13,"2,6,4,0"
11124168625,33,7,13,"2,6,5,7"
5510706680,34,2,5,"5,2,6,17"
5522245313,35,2,1,"0,2,1,3"
5522254353,35,2,1,"0,2,15,1"
5522259887,35,2,1,"2,5,13,8"
5522263999,35,2,1,"2,13,0,8"
5522863188,35,2,1,"2,4,6,0"
5522276237,35,2,1,"2,0,1,3"
5522869144,35,2,1,"0,2,1,3"
5522873258,35,2,1,"2,5,6,7"
5522877478,35,2,1,"2,4,0,6"
5522884108,35,2,1,"2,5,6,0"
5522887858,35,2,1,"5,6,2,0"
5522891934,35,2,1,"0,1,2,14"
5522896156,35,2,1,"0,1,2,3"
5522899630,35,2,1,"6,2,5,7"
5522312587,35,2,1,"2,6,5,4"
5522315969,35,2,1,"5,6,2,4"
5522323269,35,2,1,"1,0,2,3"
5522917562,35,2,1,"0,1,2,3"
5522921466,35,2,1,"1,0,2,3"
5522925400,35,2,1,"0,1,9,2"
5522929700,35,2,1,"0,1,9,49"
5522934560,35,2,1,"0,1,2,3"
5522347499,35,2,1,"0,2,1,3"
5522351613,35,2,1,"2,5,6,15"
5522948410,35,2,1,"5,6,2,12"
5522358685,35,2,1,"5,6,2,33"
5522953636,35,2,1,"2,5,6,15"
7844967192,36,5,3,"2,0,1,15"
7844967722,36,5,0,"6,5,9,7"
7844968260,36,5,1,"6,5,2,7"
7453410244,37,10,3,"5,2,6,7"
7453410612,37,10,3,"2,0,1,6"
7453410784,37,10,2,"2,5,6,4"
7453410730,37,10,2,"2,5,4,6"
1357450936,38,8,8,"13,8,16,0"
1356560581,38,8,8,"5,6,2,17"
1356561169,38,8,8,"5,6,2,7"
1357452632,38,8,8,"0,13,8,2"
1357453004,38,8,8,"0,2,4,13"
1357453422,38,8,8,"0,2,51,6"
1356563043,38,8,8,"5,6,2,10"
1356563689,38,8,8,"5,6,2,7"
1357455118,38,8,8,"13,8,5,17"
1357455692,38,8,8,"6,5,2,7"
1356565315,38,8,8,"6,5,2,7"
1357456774,38,8,8,"0,2,1,14"
1357457350,38,8,8,"5,6,2,17"
1357457928,38,8,8,"2,6,5,7"
1356567829,38,8,8,"2,6,5,0"
1357459218,38,8,8,"0,2,1,3"
1357459880,38,8,8,"6,5,2,13"
1357460536,38,8,8,"2,0,6,5"
1356570457,38,8,8,"2,5,6,7"
1357461730,38,8,8,"0,2,1,3"
1356571677,38,8,8,"5,6,2,7"
1356572197,38,8,8,"2,6,5,0"
1356572749,38,8,8,"2,0,1,3"
1357464090,38,8,8,"2,1,0,3"
1357464654,38,8,8,"2,5,6,4"
1356574501,38,8,8,"5,17,6,2"
1357466044,38,8,8,"5,6,17,2"
2586516498,39,5,5,"2,6,5,21"
2862460797,40,4,8,"2,0,1,6"
2906477521,40,7,11,"0,2,13,3"
5233619627,41,11,3,"5,6,8,2"
2254049575,42,1,6,"0,2,1,3"
2498978998,42,4,12,"0,2,1,3"
2745583131,42,7,16,"0,1,2,3"
2746387494,42,7,16,"0,2,1,3"
2746419958,42,7,16,"0,2,1,3"
2745584437,42,7,16,"2,6,5,0"
2746420938,42,7,16,"0,1,2,3"
2746421474,42,7,16,"2,0,1,30"
4324288540,43,5,9,"2,5,6,26"
4578410771,44,2,3,"0,2,1,3"
4584202857,44,2,8,"5,6,2,7"
4584917996,44,2,8,"6,5,2,26"
4461786976,44,2,8,"5,6,2,17"
4461786982,44,2,8,"6,5,2,26"
4753368483,44,5,0,"6,2,5,4"
4753368485,44,5,0,"5,6,2,8"
5238303810,45,11,16,"2,0,10,1"
5237711147,45,11,16,"0,2,6,1"
5238308612,45,11,16,"2,0,1,46"
5238310212,45,11,16,"0,2,1,3"
5238311906,45,11,16,"0,1,2,3"
5237718321,45,11,16,"2,6,0,5"
5237721811,45,11,0,"0,2,4,1"
5238318848,45,11,0,"0,2,1,4"
5237725437,45,11,0,"2,0,1,14"
5237727883,45,11,0,"0,2,1,3"
5237731655,45,11,0,"2,4,6,0"
5238329038,45,11,0,"6,5,24,9"
5238331244,45,11,0,"2,5,6,7"
5238333214,45,11,0,"0,2,1,4"
7402017936,46,8,3,"2,6,5,32"
7402017362,46,8,3,"2,0,1,3"
7402016616,46,8,3,"2,0,1,3"
7402015656,46,8,3,"2,6,5,7"
6831114872,47,1,2,"2,6,5,12"
167797662,48,5,8,"5,2,6,7"
169575490,48,5,1,"2,0,6,5"
1466714377,49,8,10,"2,17,0,5"
1466773589,49,8,10,"0,1,2,9"
1472591908,49,8,5,"2,6,5,7"
1472595690,49,8,1,"0,6,16,17"
1471745491,49,8,0,"2,6,5,13"
1472596752,49,8,0,"6,5,2,7"
5208096074,50,10,4,"2,5,6,12"
5207495861,50,10,4,"2,5,6,12"
5207496071,50,10,1,"17,5,6,16"
5207498823,50,10,1,"6,2,0,52"
5207498687,50,10,1,"2,6,5,7"
5207497485,50,10,1,"6,2,5,7"
5208095550,50,10,1,"0,2,1,15"
5207497947,50,10,1,"6,5,2,9"
5207497341,50,10,1,"0,2,6,15"
6941847396,51,2,5,"2,5,6,7"
7087920169,51,2,5,"2,6,5,7"
7087920353,51,2,5,"2,6,5,7"
7087920585,51,2,5,"2,6,5,10"
7087920841,51,2,5,"5,2,6,7"
6941848544,51,2,5,"5,6,12,13"
6941848778,51,2,5,"5,2,6,7"
7087924969,51,2,18,"5,6,2,7"
7087925215,51,2,18,"2,5,6,3"
7091334205,51,2,9,"5,17,6,16"
7091333497,51,2,9,"6,5,2,17"
7091332355,51,2,9,"6,2,5,28"
6945264168,51,2,9,"2,1,0,6"
6945264594,51,2,9,"2,0,6,1"
6945263788,51,2,9,"2,5,6,1"
6945264810,51,2,9,"6,5,2,12"
7091333937,51,2,9,"5,6,2,17"
7091334551,51,2,9,"5,6,17,16"
6945266510,51,2,9,"5,6,33,7"
7099534523,51,2,2,"2,6,5,4"
7099534621,51,2,2,"2,6,5,7"
7099534759,51,2,2,"5,2,6,4"
6953464926,51,2,2,"2,5,6,7"
6953465260,51,2,10,"5,6,2,7"
7099535535,51,2,10,"2,6,5,10"
6953465676,51,2,10,"5,6,17,2"
12807102504,52,1,2,"2,0,6,1"
12809241514,52,1,2,"2,5,6,33"
6264249900,53,9,1,"6,5,2,4"
6264252480,53,9,1,"5,6,2,4"
6263732207,53,9,1,"0,2,1,4"
6405270323,54,10,12,"6,5,17,2"
6405298841,54,10,8,"0,2,1,3"
6405303605,54,10,8,"2,6,5,7"
6405309501,54,10,8,"2,0,6,5"
6405314743,54,10,8,"0,6,9,2"
6405319761,54,10,8,"0,2,1,3"
6405323881,54,10,8,"2,6,5,7"
6405329455,54,10,8,"0,1,2,3"
6405334207,54,10,8,"0,2,1,9"
6405339903,54,10,8,"0,2,1,3"
6405345639,54,10,8,"2,0,3,4"
6405350761,54,10,8,"6,0,2,4"
6405356901,54,10,8,"2,0,10,50"
6405364025,54,10,8,"0,2,1,9"
6405371207,54,10,8,"2,0,1,36"
6405377365,54,10,8,"0,2,1,3"
6405382585,54,10,8,"0,1,2,3"
6405387417,54,10,8,"2,5,6,7"
6405392569,54,10,8,"5,2,6,7"
6405397653,54,10,8,"2,6,5,8"
6405403541,54,10,8,"3,1,0,14"
6405571459,54,10,4,"2,6,5,7"
6405579651,54,10,4,"2,5,6,33"
6405585405,54,10,4,"5,6,12,2"
6405591861,54,10,4,"5,6,12,2"
6405598309,54,10,4,"0,6,1,23"
6413179355,54,10,3,"5,6,2,17"
6413209087,54,10,3,"2,0,1,10"
6416083245,54,10,3,"0,2,1,3"
6416118083,54,10,3,"2,0,1,32"
6416164137,54,10,3,"2,0,1,3"
6416188319,54,10,3,"2,5,6,7"
6416210513,54,10,3,"0,2,1,3"
6416228559,54,10,3,"2,0,6,4"
6416275935,54,10,3,"5,2,6,7"
6416284587,54,10,3,"2,0,6,4"
6416307701,54,10,3,"5,6,2,17"
6416358893,54,10,3,"5,17,6,2"
6431702835,54,10,14,"5,6,2,7"
8371920192,55,11,7,"2,5,6,7"
8371920572,55,11,7,"6,2,5,0"
3090020561,56,10,13,"13,5,2,8"
3090861950,56,10,13,"5,17,16,13"
3090022315,56,10,13,"0,2,1,17"
3090863106,56,10,13,"0,1,16,29"
3090023537,56,10,13,"2,5,6,21"
5202529547,57,3,5,"5,6,7,9"
4556989299,57,3,0,"6,2,0,17"
4557620804,57,3,0,"5,6,17,2"
4556991331,57,3,1,"2,6,5,9"
4557622744,57,3,1,"2,0,1,4"
4557623580,57,3,1,"2,0,1,21"
3345748474,58,1,1,"2,0,1,6"
6819881204,59,1,2,"2,5,6,7"
6966003833,59,1,2,"0,2,1,4"
6285146966,59,1,3,"2,17,5,6"
6285140378,59,1,2,"2,5,6,33"
6110512581,59,1,2,"2,5,6,0"
6943503445,60,1,2,"6,2,5,0"
6943503971,60,1,2,"0,2,6,5"
6797389336,60,1,7,"0,2,6,5"
6943504719,60,1,7,"0,2,1,3"
3083636184,61,9,7,"0,2,3,1"
3083639108,61,9,7,"0,2,13,8"
3083629352,61,9,7,"2,3,0,18"
3083642904,61,9,7,"0,1,2,46"
3083647372,61,9,7,"0,2,1,3"
1091021089,62,6,8,"5,6,2,7"
1091881330,62,6,8,"2,0,1,3"
1091878728,62,6,8,"0,2,1,14"
1091876392,62,6,8,"17,2,6,16"
1091875860,62,6,8,"2,5,6,17"
1091010975,62,6,8,"2,17,6,0"
1091008451,62,6,8,"5,6,2,17"
1091868180,62,6,8,"2,0,6,5"
1091003089,62,6,8,"0,2,6,5"
1091000587,62,6,8,"2,6,5,17"
1091860374,62,6,8,"2,0,1,15"
1090995269,62,6,8,"2,0,1,3"
1091855280,62,6,8,"17,5,2,13"
1091852344,62,6,8,"17,13,0,5"
1090986667,62,6,8,"17,2,6,5"
1089881603,62,6,4,"2,5,6,12"
1089875917,62,6,4,"0,1,2,3"
1090736602,62,6,4,"0,2,1,3"
1090733500,62,6,4,"5,6,2,56"
1090742286,62,6,4,"2,5,6,21"
1090196013,62,6,6,"10,39,50,5"
1091063638,62,6,6,"39,10,50,5"
1092457320,62,6,6,"6,5,2,17"
1091592631,62,6,6,"2,0,6,5"
1091590011,62,6,6,"17,0,16,2"
1092449506,62,6,6,"0,1,2,3"
1091584293,62,6,6,"1,0,3,2"
1092831872,62,6,6,"2,1,0,4"
1091576593,62,6,6,"1,2,0,6"
1092437426,62,6,6,"0,1,2,3"
1091572411,62,6,6,"1,2,0,3"
1092432580,62,6,6,"2,1,0,3"
1092429402,62,6,6,"0,2,1,3"
1091561361,62,6,6,"0,1,2,36"
1091564073,62,6,6,"1,0,3,2"
1091558105,62,6,6,"0,1,2,3"
1091555569,62,6,6,"1,3,0,2"
1091553111,62,6,6,"0,1,2,3"
1091550439,62,6,6,"0,1,2,3"
1092410770,62,6,6,"0,2,1,14"
1091546417,62,6,6,"1,0,3,2"
1092406586,62,6,6,"0,1,2,3"
1091541971,62,6,6,"0,1,2,3"
1092402352,62,6,6,"0,1,2,3"
1092398888,62,6,6,"0,2,1,3"
1091535979,62,6,6,"0,1,2,58"
1091535535,62,6,6,"1,0,3,2"
1083484811,62,6,9,"2,0,1,3"
5253925465,63,10,4,"2,5,6,21"
5255272454,63,10,4,"2,0,1,3"
5254661581,63,10,4,"2,0,3,5"
5255274570,63,10,4,"0,2,3,1"
5254663271,63,10,4,"2,5,6,21"
5254663873,63,10,4,"0,2,3,1"
5259006302,63,10,4,"0,2,1,45"
5259005860,63,10,4,"0,2,1,45"
5259005246,63,10,4,"0,1,2,3"
5259004844,63,10,4,"0,14,1,2"
5258397033,63,10,4,"0,2,1,3"
5258396565,63,10,4,"0,2,1,41"
5264607088,63,10,9,"5,6,2,26"
5269810408,63,10,9,"0,29,3,16"
5271708743,63,10,3,"0,1,2,36"
5271708143,63,10,3,"0,1,2,36"
5271709425,63,10,3,"2,17,0,5"
5274179250,63,10,3,"2,0,1,15"
5274179916,63,10,3,"0,1,2,3"
5273573379,63,10,3,"0,2,32,1"
5274181052,63,10,3,"0,1,14,9"
5280932322,63,10,2,"0,1,2,36"
5280931916,63,10,2,"2,6,5,4"
8644641599,64,3,2,"2,6,5,4"
13088710105,65,2,6,"2,5,6,13"
13088763715,65,2,5,"2,5,6,7"
5414313754,66,0,0,"0,1,2,15"
5419493503,66,0,19,"0,1,2,3"
5420113308,66,0,19,"2,1,0,4"
5419523435,66,0,19,"1,0,2,3"
5529754609,66,0,19,"2,0,1,15"
8410894872,67,11,7,"2,6,5,11"
8409793607,67,11,7,"2,5,6,4"
8409786597,67,11,7,"2,5,6,21"
8410498741,67,11,2,"2,5,6,43"
8411565688,67,11,2,"2,5,6,4"
8410461839,67,11,2,"2,5,4,6"
8411546858,67,11,2,"2,5,4,6"
8411575832,67,11,2,"2,5,6,7"
8410359223,67,11,2,"0,1,2,3"
8411538036,67,11,2,"5,2,6,4"
8410434343,67,11,2,"2,5,6,4"
8410412195,67,11,2,"2,0,4,6"
8411492228,67,11,2,"2,6,4,5"
8410302771,67,11,2,"5,6,2,7"
8411388014,67,11,2,"5,6,2,13"
8411463088,67,11,2,"2,5,6,4"
8410320775,67,11,2,"2,5,21,6"
8411438702,67,11,2,"5,2,6,4"
8410349953,67,11,2,"0,1,9,49"
8410327983,67,11,2,"2,5,6,4"
8410334007,67,11,2,"2,5,6,4"
8410227023,67,11,2,"2,5,6,4"
8410266893,67,11,2,"0,2,1,3"
8410251089,67,11,2,"2,0,1,3"
8410241921,67,11,2,"2,5,6,7"
8410234041,67,11,2,"2,5,6,7"
8410220125,67,11,2,"6,5,2,4"
8411307942,67,11,2,"2,6,0,52"
8410187667,67,11,2,"2,5,6,4"
8411290638,67,11,2,"2,5,6,7"
8411274926,67,11,2,"2,5,6,0"
8410172213,67,11,2,"2,0,1,3"
8411249732,67,11,2,"0,2,1,3"
8409389133,67,11,3,"2,5,6,7"
8410446886,67,11,3,"5,6,2,17"
8410477766,67,11,3,"2,4,0,6"
8410467114,67,11,3,"2,6,5,9"
8409360049,67,11,3,"2,0,4,21"
8409341521,67,11,3,"2,5,6,17"
8410429628,67,11,3,"5,2,6,17"
8409397781,67,11,3,"2,5,6,17"
8410419608,67,11,3,"2,0,1,21"
8410407890,67,11,3,"2,0,1,3"
8409299343,67,11,3,"2,0,6,21"
8410378314,67,11,3,"0,2,1,32"
8409274743,67,11,3,"2,0,1,4"
8409262263,67,11,3,"2,0,1,4"
8410350338,67,11,3,"0,2,1,3"
8409241659,67,11,3,"0,2,1,15"
8410330676,67,11,3,"2,0,6,1"
8409223189,67,11,3,"0,2,1,3"
4897862718,68,1,6,"3,0,2,5"
3819948065,68,4,17,"6,5,2,16"
5479175660,68,0,13,"2,0,1,15"
5537478647,68,0,13,"8,13,16,22"
5411169046,68,0,13,"5,6,2,7"
5410506819,68,0,13,"5,33,6,2"
5885674468,68,0,15,"2,5,6,4"
5885676692,68,0,15,"2,5,6,4"
3413590819,69,3,12,"2,6,5,4"
4575171495,69,3,8,"2,0,6,5"
4575966620,69,3,8,"0,2,14,18"
4575174023,69,3,8,"0,14,2,1"
4575810740,69,3,8,"0,2,14,8"
4885975708,69,7,8,"0,14,18,2"
1177612441,70,1,12,"2,0,26,5"
2927178665,71,8,3,"2,0,1,6"
2927181929,71,8,3,"0,29,5,34"
2928040658,71,8,3,"0,1,2,3"
2927186195,71,8,3,"2,5,6,17"
379444839,72,7,2,"2,6,5,4"
379446778,72,7,2,"2,5,4,6"
379448490,72,7,2,"0,2,1,3"
379450111,72,7,2,"0,1,2,3"
379458653,72,7,3,"2,6,17,5"
379460535,72,7,3,"2,6,0,5"
379462175,72,7,3,"2,6,17,5"
5676646979,73,3,1,"2,5,6,7"
2096735293,74,8,10,"0,16,6,8"
2097513114,74,8,10,"5,6,16,17"
2097513878,74,8,10,"17,5,6,16"
2097514518,74,8,10,"5,6,16,33"
2096738439,74,8,10,"17,0,19,16"
2097556990,74,8,13,"5,6,2,17"
2096780399,74,8,13,"2,0,1,15"
6254346545,75,10,5,"0,14,2,1"
6255043174,75,10,5,"2,5,4,6"
6258220875,75,10,3,"5,2,6,7"
13650515155,76,9,13,"5,6,2,17"
13650528843,76,9,13,"5,2,0,6"
13650859014,76,9,13,"5,6,17,7"
13651066745,76,9,5,"0,2,6,8"
13651418944,76,9,5,"5,6,2,17"
13651063925,76,9,5,"2,5,6,14"
13651063255,76,9,5,"2,5,6,7"
13652863414,76,9,4,"0,1,2,45"
13652517315,76,9,4,"2,0,1,44"
13652861554,76,9,4,"0,1,2,3"
13652514785,76,9,4,"0,2,1,14"
13653630155,76,9,4,"2,5,6,21"
13652858934,76,9,4,"2,6,5,21"
8615637079,77,3,5,"2,5,4,6"
139358816,78,3,15,"2,5,6,7"
139358818,78,3,15,"2,21,5,6"
139358819,78,3,15,"2,6,5,21"
139358820,78,3,15,"0,2,1,3"
139360404,78,3,13,"0,2,6,16"
139360406,78,3,13,"2,5,6,17"
141354322,78,3,3,"2,0,1,6"
139365162,78,3,0,"5,2,6,4"
8611204949,79,2,2,"5,2,6,7"
1416940337,80,8,9,"2,0,3,5"
1417817790,80,8,9,"0,1,2,3"
4005028111,81,9,3,"2,0,4,6"
4005031061,81,9,3,"2,0,4,1"
4005034725,81,9,3,"2,0,6,1"
4005037959,81,9,3,"0,1,2,4"
4005806636,81,9,3,"0,9,1,15"
4005045693,81,9,3,"6,5,2,7"
4005813268,81,9,3,"0,29,5,6"
7060141803,82,2,10,"2,6,5,0"
6914057894,82,2,10,"2,5,6,7"
7060142837,82,2,10,"0,2,1,10"
7060143519,82,2,10,"2,5,6,4"
7060143931,82,2,10,"2,6,5,11"
7060144379,82,2,10,"2,6,0,21"
6914060438,82,2,10,"2,5,6,17"
7060145265,82,2,10,"2,5,6,7"
6914061344,82,2,10,"2,0,1,3"
7060146397,82,2,10,"2,17,6,5"
6914062396,82,2,10,"6,2,5,16"
7060147201,82,2,10,"2,5,6,7"
7060147681,82,2,10,"2,0,5,6"
6914065412,82,2,4,"0,5,2,6"
6914066286,82,2,4,"2,5,6,33"
7060151293,82,2,4,"2,5,6,7"
6914068200,82,2,0,"5,6,17,2"
7060152855,82,2,0,"5,6,2,7"
7060153381,82,2,0,"2,0,15,32"
3545098959,83,2,16,"0,2,1,3"
3545908676,83,2,16,"2,1,0,3"
3545910708,83,2,16,"1,0,2,3"
3545912846,83,2,16,"2,0,1,3"
3545914768,83,2,16,"5,2,6,7"
3545916820,83,2,16,"2,6,5,7"
3545918902,83,2,16,"2,6,5,7"
3545920704,83,2,16,"2,0,1,6"
3545114909,83,2,16,"5,6,2,7"
3545925036,83,2,16,"2,5,6,7"
3545119145,83,2,16,"2,5,6,7"
3545929180,83,2,16,"0,1,2,46"
3545123209,83,2,16,"2,0,1,4"
3545933398,83,2,16,"2,6,5,7"
3545127529,83,2,16,"6,5,2,17"
3545938336,83,2,16,"2,6,0,21"
3545133049,83,2,16,"2,0,1,21"
3545943874,83,2,16,"0,1,3,2"
3545946180,83,2,16,"2,0,3,1"
3545139289,83,2,16,"0,1,9,34"
3545777940,83,2,16,"2,6,5,21"
3544973187,83,2,16,"2,6,5,7"
3544974863,83,2,16,"2,6,5,7"
3545783078,83,2,16,"2,0,6,5"
3544978315,83,2,16,"2,0,6,15"
3544980113,83,2,16,"2,6,5,7"
3544981917,83,2,16,"2,6,5,7"
3545789748,83,2,16,"2,6,5,7"
3545791586,83,2,16,"2,6,0,5"
3545793178,83,2,16,"0,1,3,2"
3545795010,83,2,16,"0,2,1,3"
3545796810,83,2,16,"0,2,1,3"
3544992335,83,2,16,"5,2,6,7"
3545800340,83,2,16,"5,6,2,7"
3544995591,83,2,16,"0,3,1,2"
3545803532,83,2,16,"2,0,3,1"
3545805324,83,2,16,"0,2,1,3"
5640053276,84,7,3,"2,0,3,1"
4166097247,85,11,2,"2,5,6,7"
4166859814,85,11,2,"2,0,1,3"
4166102053,85,11,2,"0,2,1,3"
4166104667,85,11,2,"0,2,1,3"
4166107197,85,11,2,"0,2,1,3"
4166111939,85,11,2,"2,6,5,0"
4166874166,85,11,2,"0,2,1,3"
4166120419,85,11,2,"2,0,1,6"
57947809,86,9,19,"1,0,2,3"
8479458343,87,0,2,"2,5,6,7"
8480550008,87,0,2,"5,2,6,4"
8479458101,87,0,2,"5,2,6,4"
8479458743,87,0,2,"2,5,6,4"
8479444591,87,0,2,"0,2,3,5"
8480546682,87,0,10,"0,1,2,9"
8480539780,87,0,10,"2,0,17,1"
8480539344,87,0,6,"2,5,6,7"
8480559012,87,0,0,"2,6,0,5"
3132487813,88,9,0,"0,2,1,3"
429804977,89,2,5,"2,5,6,10"
8410918392,90,0,3,"2,0,6,5"
6983709757,91,2,14,"0,2,1,3"
8559136563,91,2,7,"0,1,3,2"
8827661194,91,2,5,"2,5,6,0"
10201296996,91,2,5,"2,5,6,0"
8560721845,91,2,5,"6,12,55,0"
11620489615,92,7,3,"2,0,6,4"
5751043163,93,4,0,"5,6,17,2"
5750853813,93,4,0,"2,0,1,4"
5751443512,93,4,5,"2,0,14,1"
5750919869,93,4,3,"2,0,1,6"
5781956573,93,4,6,"2,0,6,10"
105588926,94,1,5,"2,5,6,4"
104318749,94,1,5,"5,6,2,7"
104319179,94,1,5,"2,5,6,4"
187986174,94,6,0,"6,5,2,7"
187986190,94,6,0,"0,1,2,3"
187984804,94,6,0,"2,0,1,4"
187984997,94,6,0,"2,6,0,5"
187985009,94,6,0,"2,5,6,7"
187985034,94,6,0,"6,5,17,16"
187985674,94,6,0,"5,2,17,6"
187985647,94,6,0,"5,2,17,6"
187985693,94,6,0,"5,17,2,6"
187984886,94,6,0,"17,2,6,0"
187984826,94,6,0,"2,0,15,32"
187984851,94,6,0,"2,0,15,6"
187984981,94,6,0,"2,6,5,24"
187984963,94,6,0,"0,2,1,15"
187985631,94,6,0,"5,6,2,13"
187985057,94,6,0,"0,2,1,3"
187985703,94,6,0,"5,6,2,7"
6044423668,95,6,9,"5,6,16,17"
6047949478,95,6,0,"2,6,5,0"
6047399393,95,6,0,"2,6,5,0"
6047401795,95,6,0,"13,8,0,2"
6047403453,95,6,0,"6,5,2,4"
6047404953,95,6,0,"6,5,2,4"
6047959256,95,6,0,"6,2,5,13"
6047408533,95,6,0,"2,6,5,10"
6047962934,95,6,0,"0,2,6,5"
6047412781,95,6,0,"0,2,1,3"
6047966894,95,6,0,"0,2,1,14"
6047416247,95,6,0,"0,1,2,3"
6047419267,95,6,0,"0,2,24,15"
6047974138,95,6,0,"0,1,2,3"
6047423435,95,6,0,"2,0,1,32"
6047978306,95,6,0,"2,0,1,3"
6047428257,95,6,0,"2,0,1,15"
6047430315,95,6,0,"0,2,3,1"
6047431985,95,6,0,"2,6,5,4"
6047986358,95,6,0,"2,6,5,15"
6047438383,95,6,0,"2,6,5,7"
6047993950,95,6,0,"0,2,1,3"
6047443777,95,6,0,"0,2,1,3"
6047446091,95,6,0,"6,5,9,7"
6047449447,95,6,0,"6,5,25,31"
6047453191,95,6,0,"6,5,25,24"
6048009072,95,6,0,"2,0,4,1"
6048013250,95,6,0,"2,0,6,15"
7666049102,96,8,15,"5,2,6,13"
7666050314,96,8,15,"2,5,6,4"
7666051950,96,8,15,"2,0,6,1"
7666053734,96,8,15,"0,9,2,34"
7666055602,96,8,15,"0,6,24,25"
7666057338,96,8,15,"2,5,6,4"
7666060504,96,8,13,"0,2,4,1"
7666062628,96,8,13,"0,29,1,3"
7666065478,96,8,13,"0,1,2,15"
7666067342,96,8,13,"2,5,6,21"
7666101934,96,8,5,"2,5,6,4"
6186422906,96,8,7,"6,2,5,0"
7666082496,96,8,7,"0,2,1,3"
7666083698,96,8,7,"0,1,3,2"
7666085988,96,8,7,"0,1,3,2"
7666087672,96,8,7,"0,1,2,3"
7666089662,96,8,7,"0,2,14,3"
7666097270,96,8,2,"2,5,4,6"
6186434542,96,8,2,"6,5,2,33"
7666092384,96,8,2,"2,4,6,5"
8566194412,97,1,4,"2,0,12,1"
8565102507,97,1,4,"0,2,1,14"
8566200384,97,1,4,"2,0,1,44"
8565105993,97,1,4,"0,2,1,4"
8565107963,97,1,4,"0,1,2,3"
8566205856,97,1,4,"0,1,14,2"
8566209588,97,1,4,"0,2,1,3"
8565116709,97,1,4,"2,0,6,5"
8565119885,97,1,4,"0,14,1,3"
8566221574,97,1,4,"0,2,14,1"
8566225714,97,1,16,"0,1,14,2"
8565132793,97,1,16,"0,1,2,3"
8565137987,97,1,16,"0,1,3,2"
8484023906,98,11,3,"2,5,6,17"
8482933143,98,11,3,"6,2,5,7"
8482934131,98,11,3,"0,2,1,4"
8484026730,98,11,3,"2,5,6,4"
6213449457,99,6,7,"0,2,3,1"
6213941270,99,6,2,"0,2,1,3"
1321821769,100,6,3,"5,2,17,6"
1321829103,100,6,3,"2,5,6,17"
1322727920,100,6,3,"2,0,6,37"
1322668438,100,6,3,"17,5,6,29"
1321756919,100,6,3,"17,5,16,6"
1322675326,100,6,3,"0,6,2,5"
1322679572,100,6,3,"6,5,17,2"
1321767249,100,6,3,"17,0,16,5"
1321797973,100,6,3,"17,5,6,16"
1322697504,100,6,10,"17,5,6,16"
1321815093,100,6,10,"17,5,16,6"
1335286318,100,8,2,"5,2,6,4"
1335302824,100,8,2,"2,6,5,4"
1335291614,100,8,2,"2,5,6,4"
1334426505,100,8,2,"2,5,6,7"
2240343346,101,10,3,"2,0,1,4"
2240338012,101,10,3,"2,0,6,4"
2239541691,101,10,3,"2,6,0,52"
2239567027,101,10,3,"0,6,17,5"
2239724569,101,10,3,"2,6,5,17"
9088084271,102,0,5,"2,5,6,7"
9090303152,102,0,2,"5,2,6,4"
9090302916,102,0,2,"5,6,2,16"
9090302550,102,0,2,"2,5,6,4"
9090302352,102,0,2,"5,6,2,33"
9090302018,102,0,2,"5,6,33,2"
9090301652,102,0,2,"2,0,6,1"
9757492195,103,11,16,"2,0,6,5"
9757261181,103,11,16,"2,6,5,7"
8484058690,104,11,3,"2,0,6,32"
8482973541,104,11,3,"17,5,6,2"
8484072968,104,0,0,"2,5,6,4"
8482982957,104,0,0,"0,1,2,3"
163302441,105,3,3,"0,2,3,9"
163305121,105,3,9,"28,2,53,61"
163305122,105,3,9,"2,6,5,26"
163305123,105,3,9,"2,5,6,26"
2797065788,106,7,1,"2,0,6,1"
2796325987,106,7,1,"0,2,4,1"
2796380937,106,7,1,"0,1,2,14"
3573184191,107,3,0,"5,2,6,7"
12981287354,108,1,3,"2,0,1,3"
13007748714,108,1,3,"2,0,6,1"
12758487303,108,1,3,"0,2,1,3"
12981010013,108,1,3,"2,5,6,7"
2124561916,109,7,10,"6,5,2,17"
2124570666,109,7,10,"6,5,2,17"
2124570756,109,7,10,"2,6,5,17"
2124561996,109,7,10,"2,6,5,12"
2123797695,109,7,10,"6,2,5,7"
2123789001,109,7,10,"2,6,5,7"
2123797785,109,7,10,"6,2,5,12"
2124562154,109,7,10,"2,6,12,5"
2123789207,109,7,10,"17,5,6,16"
2124571056,109,7,10,"17,5,6,16"
2124571140,109,7,10,"1,2,0,4"
2123789265,109,7,10,"1,0,2,3"
2124562424,109,7,17,"2,5,6,4"
2123798149,109,7,17,"2,5,6,4"
2123798237,109,7,17,"2,5,6,4"
2124562492,109,7,17,"2,5,6,4"
2124571390,109,7,17,"2,5,6,7"
2124562614,109,7,17,"2,5,6,7"
2123789609,109,7,17,"2,5,6,39"
2124571498,109,7,17,"2,5,6,39"
2124562780,109,7,17,"5,6,2,33"
2124571564,109,7,17,"5,6,2,33"
2124571664,109,7,17,"6,5,2,33"
2123789775,109,7,17,"6,5,2,33"
2123798687,109,7,17,"2,5,6,17"
2124562960,109,7,17,"2,5,6,17"
2123798777,109,7,17,"10,2,5,6"
2123789901,109,7,17,"10,2,5,39"
2124563122,109,7,17,"0,14,1,2"
2124571862,109,7,17,"0,14,1,44"
2124571940,109,7,17,"0,1,2,45"
2123790085,109,7,17,"0,1,2,45"
5722403122,110,3,12,"2,5,6,11"
5722408726,110,3,8,"5,6,2,7"
5721875151,110,3,2,"0,1,2,3"
5722447654,110,3,12,"1,0,2,3"
2211269151,111,0,4,"2,5,6,7"
2212061050,111,0,4,"2,0,6,5"
2211269555,111,0,4,"2,0,1,44"
2211269759,111,0,4,"2,0,1,41"
2211269919,111,0,4,"2,6,5,33"
87899635,112,11,13,"6,5,2,7"
87899782,112,11,13,"2,5,6,17"
87900055,112,11,13,"2,6,5,21"
87900126,112,11,13,"2,6,5,0"
87900282,112,11,13,"2,0,1,4"
87900332,112,11,13,"0,1,2,3"
87900377,112,11,13,"2,0,1,4"
87900435,112,11,13,"6,2,5,7"
87900478,112,11,13,"2,5,6,17"
87900523,112,11,13,"5,6,2,7"
87867753,112,11,9,"2,6,5,17"
87867841,112,11,9,"5,6,17,2"
87867943,112,11,9,"6,2,5,28"
87867957,112,11,9,"0,2,53,28"
91386936,112,11,13,"0,6,5,8"
88054591,112,11,3,"2,6,5,7"
88054632,112,11,3,"2,0,6,1"
88054767,112,11,3,"2,0,1,30"
88054816,112,11,3,"2,0,1,6"
88054838,112,11,3,"5,2,6,17"
88054873,112,11,3,"2,6,5,7"
88065283,112,11,3,"2,6,0,5"
88065347,112,11,3,"2,0,1,3"
88070891,112,11,3,"5,2,6,7"
88070933,112,11,3,"1,0,2,4"
88070987,112,11,3,"0,2,6,5"
88071021,112,11,3,"2,5,6,4"
88081329,112,11,3,"2,0,1,6"
88081427,112,11,3,"2,0,1,6"
88081465,112,11,3,"2,0,6,4"
88081527,112,11,3,"0,2,1,15"
88098427,112,11,2,"2,0,1,3"
88098474,112,11,2,"2,5,6,4"
88083325,112,11,2,"2,4,6,5"
3406435440,113,2,7,"0,2,1,27"
5824018571,113,5,2,"0,2,18,51"
5824019285,113,5,2,"0,1,60,2"
9217853292,114,6,13,"5,6,2,17"
9217871136,114,6,13,"13,8,16,22"
9231251364,114,6,3,"0,1,2,3"
9228520461,114,6,3,"2,0,1,4"
9231839408,114,6,13,"6,17,5,16"
755975542,115,4,2,"5,6,2,4"
196946495,115,4,3,"0,2,1,6"
196947500,115,4,3,"2,0,1,3"
196948494,115,4,3,"2,0,6,1"
755981464,115,4,8,"2,6,5,7"
198767023,115,4,8,"2,6,0,17"
755127745,115,4,8,"2,6,17,0"
8045165995,116,8,10,"2,0,5,6"
8045168461,116,8,10,"2,5,6,0"
8045170815,116,8,10,"17,5,16,6"
2602294846,117,7,7,"2,5,6,4"
2114603546,117,0,0,"2,0,1,15"
2113827265,117,0,0,"5,6,2,7"
2113827589,117,0,0,"2,0,1,32"
2113827911,117,0,0,"6,5,24,7"
2114678234,117,4,16,"0,2,6,41"
2479938961,117,10,2,"0,2,1,3"
2479939429,117,10,2,"0,2,1,3"
2480752154,117,0,2,"0,1,2,3"
2636453778,117,4,2,"0,2,1,3"
2636454110,117,4,2,"0,2,46,10"
3021859002,117,8,14,"5,6,17,2"
3034701042,117,10,2,"0,2,1,3"
3033863885,117,10,2,"0,1,2,3"
3226869571,118,0,3,"17,5,6,2"
3226870857,118,0,3,"0,2,9,24"
3227726126,118,0,3,"2,0,6,1"
3227727672,118,0,3,"0,1,2,14"
3226877083,118,0,3,"2,0,1,6"
3227944076,118,0,3,"5,2,6,17"
3227944990,118,0,3,"2,0,1,10"
3227099013,118,0,3,"5,6,17,2"
3227953826,118,0,3,"17,6,2,5"
3230734604,118,0,3,"0,2,1,3"
3243385126,118,0,5,"2,5,6,4"
3242553497,118,0,5,"2,6,5,4"
3243388654,118,0,15,"2,0,1,6"
3243389216,118,0,15,"2,0,1,4"
3242648915,118,0,15,"2,5,6,7"
3242649823,118,0,15,"0,2,1,15"
3242650591,118,0,15,"6,2,5,12"
3242651251,118,0,15,"2,6,5,9"
3242652153,118,0,15,"2,5,6,21"
