8636126004,0,3,0,"13,19,17,67,1,6,37,10,16,48"
7909379802,1,9,2,"104,65,83,152,126,86,78,101,100,205"
7909378764,1,9,2,"17,19,28,38,35,32,102,138,171,105"
7909378182,1,9,2,"28,17,99,19,36,33,105,20,102,37"
7909377748,1,9,2,"205,263,328,172,84,128,56,281,191,241"
7909377308,1,9,2,"313,70,254,48,69,72,68,169,154,149"
7909376910,1,9,2,"99,28,37,35,34,33,36,17,103,100"
7909376692,1,9,2,"107,175,266,75,33,202,108,171,203,39"
7909376086,1,9,2,"107,190,75,217,98,272,174,265,263,239"
7909375574,1,9,2,"297,63,42,44,36,160,94,0,149,7"
7909375086,1,9,2,"343,48,245,70,222,211,212,336,84,205"
7909374538,1,9,2,"83,1,72,86,78,25,247,185,61,32"
7909371670,1,9,3,"17,19,28,14,11,32,12,102,105,103"
7909371090,1,9,3,"201,21,199,198,151,252,247,109,267,155"
7909370428,1,9,3,"174,181,178,112,13,216,177,219,173,175"
7909369918,1,9,3,"28,17,105,32,85,103,99,19,138,102"
7909368464,1,9,3,"1,49,236,48,145,6,187,61,62,67"
7909368106,1,9,3,"14,85,11,179,79,12,180,17,71,176"
7909367508,1,10,4,"63,64,89,168,244,165,211,297,31,46"
7909367024,1,9,4,"28,99,102,17,38,105,103,35,19,98"
7909366560,1,9,4,"171,145,85,13,67,144,231,24,142,10"
7909365596,1,9,4,"83,152,88,86,20,72,74,76,151,89"
7909365056,1,9,5,"12,17,11,156,28,14,123,37,19,3"
7909364570,1,9,5,"11,156,84,12,123,98,36,14,94,149"
7909364258,1,9,5,"19,17,102,28,38,138,13,123,35,37"
7909363810,1,9,6,"20,154,76,172,190,205,96,212,23,249"
7909363454,1,9,6,"90,88,23,226,238,149,76,217,70,72"
7909401588,1,9,0,"99,35,28,38,37,17,55,103,21,102"
7909401274,1,9,0,"55,35,38,37,99,110,237,17,123,103"
7909400786,1,9,0,"55,38,35,106,110,123,17,217,95,138"
7909400390,1,9,1,"123,33,139,19,28,102,17,37,12,103"
7909399934,1,9,1,"11,12,19,156,14,123,6,90,67,32"
7909399322,1,9,1,"48,13,67,6,1,0,10,69,130,51"
7909398878,1,9,1,"102,17,123,19,37,38,55,35,103,56"
6338782949,2,9,10,"76,188,96,190,94,238,174,175,247,107"
6339536304,2,9,5,"19,17,11,28,16,12,123,14,103,13"
5389825796,3,11,10,"20,190,154,76,19,188,74,107,191,6"
5389221469,3,11,10,"174,26,179,177,79,173,178,180,176,175"
5389221499,3,11,10,"175,79,176,7,174,189,151,107,179,108"
5389825900,3,11,10,"14,11,102,177,55,178,181,71,56,19"
5389221567,3,11,10,"23,177,178,333,173,144,151,327,79,26"
5389221609,3,11,10,"188,174,76,175,232,189,190,107,247,112"
5389221643,3,11,10,"176,173,79,270,179,178,180,177,26,181"
5389221693,3,11,10,"112,174,21,189,231,139,84,11,215,13"
5389826088,3,11,10,"69,48,13,0,10,70,15,127,227,73"
5760941831,4,2,3,"174,179,26,175,79,176,180,189,112,200"
5761488200,4,2,3,"44,32,18,42,78,13,87,28,12,17"
5761489648,4,2,3,"17,32,14,28,12,105,56,71,11,78"
5761497454,4,2,3,"177,172,85,169,178,33,212,211,176,26"
5761499014,4,2,7,"131,74,89,135,83,101,7,76,25,4"
11609416596,5,11,2,"28,17,19,105,33,38,103,78,32,102"
12352443994,5,11,2,"28,38,35,103,37,105,17,55,100,138"
12406721723,5,11,1,"13,48,10,15,0,67,69,1,12,222"
3279655790,6,9,3,"102,19,17,99,28,55,37,105,56,103"
3279634770,6,9,3,"13,18,42,44,10,32,3,28,11,17"
327682858,7,8,5,"12,17,11,19,156,123,103,37,14,102"
327683278,7,8,5,"55,174,26,131,153,173,178,151,79,177"
327683722,7,8,5,"17,12,28,37,19,103,123,11,34,102"
7171038427,8,1,2,"25,83,6,1,128,61,271,86,84,260"
12604657264,9,1,3,"68,13,124,152,42,18,44,12,159,87"
12604667914,9,1,3,"19,20,17,85,102,56,105,28,98,169"
12604354693,9,1,2,"56,172,191,36,279,205,99,33,28,11"
12604272775,9,1,2,"28,17,105,19,103,102,32,78,33,38"
2071287142,10,8,2,"83,74,72,172,33,20,205,89,6,71"
2071287528,10,8,2,"25,61,6,44,13,47,38,133,3,43"
2071288020,10,8,2,"132,63,62,57,64,60,44,59,89,275"
2070494091,10,8,2,"187,122,160,289,140,99,17,48,59,35"
2070494507,10,8,2,"1,25,6,83,70,131,61,128,7,72"
2071289442,10,8,2,"62,131,132,89,133,134,25,135,60,4"
2071289892,10,8,2,"0,67,13,1,61,60,6,25,10,133"
2070496145,10,8,2,"70,68,72,3,13,10,160,231,33,122"
2071291108,10,8,2,"68,317,217,193,292,118,67,85,284,137"
2071291548,10,8,2,"64,87,133,44,0,47,4,61,244,31"
2071291990,10,8,2,"40,44,42,117,60,167,276,148,186,47"
2070498003,10,8,2,"13,21,3,17,0,67,99,10,68,44"
2070498435,10,8,2,"47,122,60,294,59,4,31,63,46,333"
2070498849,10,8,2,"46,60,59,58,57,4,43,259,64,5"
2070499355,10,8,2,"77,87,274,211,222,250,101,324,31,258"
2071294268,10,8,2,"259,213,64,47,168,162,161,84,60,260"
2071294712,10,8,2,"259,47,64,58,60,57,213,122,22,43"
2070500677,10,8,2,"80,63,46,64,122,120,289,330,257,57"
2071295444,10,8,2,"86,89,83,76,70,131,8,93,91,1"
2071295982,10,8,2,"13,57,48,46,0,85,67,169,69,171"
2071296646,10,8,2,"25,118,7,61,167,83,86,62,81,271"
2070502829,10,8,2,"4,47,64,259,165,22,162,244,60,294"
2070503141,10,8,2,"19,17,28,171,102,56,38,103,105,35"
2070503835,10,8,2,"64,47,60,57,63,244,46,213,253,248"
2071298920,10,8,2,"13,0,67,53,54,66,157,31,159,22"
2070505815,10,8,2,"28,17,16,19,6,226,138,13,32,103"
2070506221,10,8,2,"19,56,102,17,28,105,103,205,37,12"
2071300992,10,8,2,"121,239,240,114,94,241,36,242,97,243"
2070507039,10,8,2,"217,265,263,59,266,85,190,112,0,75"
2071301844,10,8,2,"231,115,47,13,4,278,48,153,139,155"
2070507601,10,8,2,"47,259,53,62,57,213,58,59,60,292"
2070508119,10,8,2,"59,286,46,4,58,287,266,47,68,230"
2071303052,10,8,2,"7,65,78,89,23,149,79,152,42,86"
2070509059,10,8,2,"28,17,35,38,105,27,138,32,99,78"
2071303684,10,8,2,"28,33,36,17,99,37,105,38,102,123"
2070509719,10,8,2,"28,17,55,19,32,16,103,105,6,38"
2070510161,10,8,2,"19,17,102,28,105,56,33,32,6,141"
2070510573,10,8,2,"28,17,3,19,33,105,38,103,16,37"
2071305316,10,8,2,"20,11,13,17,29,27,14,12,32,42"
2070511597,10,8,2,"19,102,17,28,105,56,6,32,37,138"
2070512005,10,8,2,"6,222,68,13,1,67,0,215,48,130"
2071306846,10,8,2,"194,198,199,181,200,201,202,203,109,204"
2071307288,10,8,2,"175,174,75,107,33,112,189,108,76,219"
2071307592,10,8,2,"3,61,12,6,167,103,156,11,28,67"
2071308010,10,8,2,"0,7,167,124,61,3,137,13,225,67"
2070514405,10,8,2,"70,91,89,141,211,306,93,48,131,269"
2071308990,10,8,2,"28,17,19,38,32,103,105,55,35,102"
2071309408,10,8,2,"28,17,19,35,105,38,102,55,99,71"
2071309642,10,8,2,"44,42,318,3,87,89,18,41,27,38"
3028694441,11,10,5,"19,106,110,35,38,102,28,17,217,55"
4122101127,12,10,3,"151,153,20,74,83,21,152,78,79,231"
4122880882,12,10,3,"187,6,1,83,85,20,87,72,86,70"
4122123215,12,10,3,"181,173,174,176,201,79,178,204,151,175"
4122132523,12,10,3,"72,115,160,226,79,76,153,247,181,151"
4122143737,12,10,3,"72,55,181,151,76,71,247,79,115,173"
4122930896,12,10,3,"7,61,25,271,78,3,167,43,103,6"
4122936956,12,10,3,"19,17,102,28,6,25,123,32,20,22"
4122171615,12,10,3,"19,102,177,56,148,55,28,178,85,235"
2157430441,13,11,9,"149,28,33,99,234,39,36,136,94,103"
2659616523,13,6,0,"99,35,38,55,37,28,110,138,17,16"
2663690454,13,6,1,"48,1,0,13,67,172,69,70,6,235"
3718188270,13,6,1,"1,11,70,32,48,13,6,171,12,67"
2661309464,13,6,1,"99,35,37,28,11,38,123,67,78,103"
2663690468,13,6,1,"11,123,35,38,13,17,14,103,55,102"
2663690498,13,6,0,"17,261,103,234,55,19,16,98,28,205"
3285360959,14,4,2,"19,17,28,12,6,102,16,32,105,103"
3285371379,14,4,4,"23,96,94,238,172,88,76,65,174,89"
6226184636,15,9,3,"32,87,38,78,35,44,28,17,20,13"
6225665417,15,9,3,"278,181,55,173,112,17,200,30,175,98"
6225665887,15,9,3,"6,32,13,19,28,11,17,16,12,18"
3350423827,16,10,9,"174,173,175,79,176,178,180,179,181,177"
3350235631,16,10,5,"34,99,17,28,35,76,37,33,187,96"
3350422771,16,10,9,"201,109,151,174,181,252,267,108,39,216"
4450689927,17,2,5,"17,19,28,20,6,35,123,190,217,34"
4451464248,17,2,5,"17,28,19,31,103,102,172,55,37,56"
4450694281,17,2,5,"17,19,11,123,28,156,12,6,35,102"
4450695839,17,2,5,"17,19,12,123,156,11,28,37,103,35"
4450697817,17,2,5,"12,11,156,17,123,103,3,14,19,10"
4450699473,17,2,5,"19,17,28,12,35,103,38,55,3,156"
4450703635,17,2,5,"12,17,123,19,156,11,103,28,3,10"
4450706573,17,2,5,"17,12,103,3,10,11,28,16,19,138"
4450709919,17,2,5,"70,33,73,72,227,149,69,258,131,32"
4451486144,17,2,5,"103,11,12,3,17,10,123,37,19,14"
4450716237,17,2,5,"28,33,3,44,17,70,19,6,72,32"
4450717437,17,2,5,"28,34,33,17,36,149,99,35,237,96"
4450719215,17,2,5,"3,11,6,12,103,13,19,17,33,10"
4451492894,17,2,5,"3,11,6,12,103,17,13,167,10,19"
4450723003,17,2,5,"21,39,108,112,226,17,107,230,284,84"
4451497678,17,2,5,"70,33,227,72,73,149,42,32,258,44"
4451499546,17,2,5,"33,70,34,149,17,99,37,98,56,126"
4451501302,17,2,5,"33,70,11,14,72,73,149,3,10,12"
4450730901,17,2,5,"17,19,28,16,12,103,123,10,13,138"
4451503746,17,2,5,"17,28,12,19,103,16,138,13,37,123"
4451509098,17,2,5,"99,17,33,37,34,28,19,55,100,16"
4451512650,17,2,5,"99,19,28,33,55,37,17,98,35,34"
4450743269,17,2,5,"11,14,12,17,103,19,123,70,28,32"
4451515840,17,2,5,"196,144,197,146,68,48,227,160,53,4"
4451517340,17,2,5,"33,99,28,17,19,37,56,205,32,172"
4450747215,17,2,5,"17,19,38,28,13,35,68,6,123,12"
4451521478,17,2,5,"33,72,70,73,149,325,71,74,126,101"
4450756889,17,2,5,"6,19,11,17,28,1,84,123,32,37"
4450762657,17,2,5,"35,17,138,68,16,38,13,28,6,19"
4451537720,17,2,5,"68,222,13,142,0,17,47,245,10,145"
4450767421,17,2,5,"257,6,17,149,144,16,138,19,28,90"
4451543154,17,2,5,"19,16,138,35,55,13,17,38,250,149"
4450772193,17,2,5,"19,17,28,6,138,16,13,103,100,123"
4450773125,17,2,5,"19,6,28,16,11,138,55,17,37,85"
4451546640,17,2,5,"70,101,17,73,15,32,295,100,48,250"
4451547702,17,2,5,"35,55,17,38,138,28,13,16,37,149"
4451548902,17,2,5,"35,17,99,37,38,28,16,138,55,13"
4451550376,17,2,5,"21,112,226,174,107,175,17,151,263,108"
4451551568,17,2,5,"17,16,28,19,35,138,38,37,103,55"
4450780013,17,2,5,"19,28,11,103,55,37,16,17,101,12"
4451554380,17,2,5,"17,56,6,3,32,102,55,37,11,101"
4450783411,17,2,5,"19,138,250,55,149,56,16,98,17,295"
4451557496,17,2,5,"19,6,17,32,70,33,71,101,28,16"
4450787183,17,2,5,"16,17,28,19,103,32,138,6,12,3"
4450788349,17,2,5,"124,3,10,16,84,0,13,100,101,104"
4451563460,17,2,5,"16,19,101,3,100,138,250,28,17,103"
4451566138,17,2,5,"17,19,55,100,123,138,250,288,35,16"
4450796337,17,2,5,"290,4,306,236,2,196,144,345,142,53"
4451570886,17,2,5,"35,38,17,28,89,55,19,95,217,112"
4450800511,17,2,5,"17,28,21,19,84,39,33,123,128,20"
4450802375,17,2,5,"11,14,12,103,28,149,3,17,123,33"
4450805685,17,2,5,"17,19,12,28,6,156,123,11,10,38"
4451580386,17,2,5,"19,250,100,106,138,11,101,17,28,16"
4450808541,17,2,5,"3,44,103,12,11,28,123,17,13,14"
4451582448,17,2,5,"3,103,12,11,17,44,28,123,156,13"
4450811035,17,2,5,"11,14,12,103,3,123,17,10,156,37"
4450812701,17,2,5,"11,14,12,103,3,33,28,19,17,37"
4451588160,17,2,5,"17,19,28,12,103,138,38,13,3,6"
4450914995,17,2,5,"3,44,103,28,12,11,17,123,13,32"
4450915895,17,2,5,"19,11,17,12,28,33,16,14,103,149"
4450828779,17,2,5,"12,19,11,103,17,123,156,14,28,3"
4451603064,17,2,5,"89,104,86,82,101,100,80,76,152,7"
4451604896,17,2,5,"80,82,7,81,8,42,167,31,89,152"
4451606088,17,2,5,"19,12,11,156,55,123,16,33,17,103"
4451607930,17,2,5,"99,34,37,28,17,237,33,35,288,72"
4450837155,17,2,5,"99,34,17,37,28,237,72,33,188,21"
4451611264,17,2,5,"99,34,37,28,17,237,33,35,174,288"
4450840563,17,2,5,"107,122,136,175,219,339,109,174,203,45"
4450872091,17,2,5,"17,34,99,28,35,27,55,19,123,187"
4450873483,17,2,5,"17,99,28,35,34,19,37,38,55,102"
4450875171,17,2,5,"17,123,28,55,19,34,35,288,38,102"
4450878169,17,2,5,"12,11,17,156,14,123,33,28,103,249"
4451651864,17,2,5,"11,12,14,156,28,17,103,123,37,19"
4451653506,17,2,5,"12,11,156,17,14,123,28,38,249,19"
4451655070,17,2,5,"12,103,11,156,17,123,149,10,3,37"
4450884455,17,2,5,"12,156,11,13,19,123,17,84,28,3"
4451657608,17,2,5,"82,81,136,149,39,138,80,70,68,94"
4450887099,17,2,5,"82,138,81,68,80,149,35,7,104,118"
4450888681,17,2,5,"68,149,138,82,7,81,19,226,250,104"
4450890233,17,2,5,"104,149,138,250,101,125,100,70,222,16"
4451663592,17,2,5,"149,70,104,73,277,138,276,250,7,100"
4450892981,17,2,5,"104,250,17,149,16,138,70,100,73,125"
4450893927,17,2,5,"74,17,78,71,100,20,28,55,101,88"
4451667206,17,2,5,"277,276,81,7,148,28,103,82,12,149"
4450895827,17,2,5,"34,33,99,28,37,84,39,19,17,125"
4450896681,17,2,5,"34,17,99,28,89,35,37,38,92,33"
4450897383,17,2,5,"99,28,17,34,35,37,19,100,33,101"
4451670632,17,2,5,"22,63,89,31,9,159,235,148,80,236"
4451414496,17,2,5,"64,89,168,244,87,63,245,246,133,1"
4770436219,17,6,12,"80,82,63,235,297,148,9,160,67,122"
4770436671,17,6,12,"269,93,7,76,89,330,258,70,257,211"
4770436955,17,6,12,"76,247,72,83,188,154,20,190,74,1"
4771073670,17,6,12,"88,20,89,78,76,173,28,126,39,83"
4770437419,17,6,12,"88,20,76,86,91,89,83,211,78,212"
4771074166,17,6,12,"88,76,39,126,74,83,33,78,101,28"
4770437767,17,6,12,"39,76,88,125,126,81,33,84,20,82"
4770437931,17,6,12,"76,89,149,88,131,152,31,269,77,93"
4771074722,17,6,12,"149,31,72,131,152,70,73,93,76,269"
4770438353,17,6,12,"89,88,76,149,33,104,83,101,148,39"
4770434265,17,6,12,"88,76,89,86,83,90,91,92,74,93"
4830222342,17,6,1,"19,102,99,55,56,28,37,103,6,17"
4830223370,17,6,1,"188,76,247,72,74,20,190,198,154,83"
4829612803,17,6,1,"178,177,176,270,181,79,180,179,174,153"
4830225412,17,6,1,"17,19,11,13,38,35,12,103,70,6"
4829614699,17,6,1,"19,102,28,99,33,103,37,17,123,55"
4829615995,17,6,1,"11,12,123,156,84,14,19,17,28,102"
4829616933,17,6,1,"11,123,12,156,103,139,102,19,14,38"
4829617815,17,6,1,"188,71,76,178,72,151,181,177,200,74"
4829619259,17,6,1,"181,103,102,55,17,19,11,71,123,32"
4829620079,17,6,1,"99,17,28,33,37,21,35,123,103,19"
4830232728,17,6,1,"17,102,103,28,19,37,123,55,181,174"
4830233226,17,6,1,"11,19,55,14,103,17,102,32,181,12"
4829623143,17,6,1,"21,22,31,157,13,151,159,231,120,76"
4830235906,17,6,1,"28,17,37,35,33,38,102,103,55,99"
4829624739,17,6,1,"28,17,21,38,35,33,123,19,84,13"
4829625761,17,6,1,"1,6,72,74,32,56,83,247,130,87"
4829626909,17,6,1,"13,48,0,29,10,91,254,169,12,18"
4830239532,17,6,1,"13,0,48,124,67,169,10,3,254,227"
4830241836,17,6,1,"76,190,56,247,191,188,263,152,19,171"
4830243510,17,6,1,"19,102,56,55,123,38,35,13,139,11"
4829633267,17,6,1,"108,173,174,112,181,13,200,155,188,278"
4830245622,17,6,1,"102,19,6,56,123,11,55,1,38,75"
4830246150,17,6,1,"55,35,38,1,19,6,123,11,102,67"
4829635955,17,6,1,"188,76,190,247,174,175,106,198,55,181"
4830248962,17,6,1,"11,19,123,171,13,67,103,102,48,56"
4830250178,17,6,1,"19,102,6,56,1,11,38,13,83,103"
4830252294,17,6,1,"13,11,48,10,0,67,171,3,12,123"
4830253326,17,6,1,"56,38,35,171,123,55,11,19,191,13"
4829642489,17,6,1,"99,28,35,38,17,37,33,55,36,19"
4830255296,17,6,1,"171,112,85,13,19,11,84,263,139,10"
4829644419,17,6,1,"35,102,28,99,55,37,17,38,103,181"
4829645385,17,6,1,"181,55,56,102,13,11,173,174,200,171"
4830259192,17,6,1,"181,72,151,153,204,173,247,252,203,176"
4829648711,17,6,1,"178,177,174,176,175,173,79,181,216,179"
4829649627,17,6,1,"174,173,175,216,112,189,181,218,176,219"
4829650107,17,6,1,"35,28,38,37,17,99,55,103,102,105"
4830262494,17,6,0,"35,38,28,17,37,55,102,99,103,174"
4829651539,17,6,1,"28,38,35,17,33,84,123,19,102,36"
4830263532,17,6,1,"35,38,28,37,17,99,55,103,102,105"
4829652565,17,6,1,"35,38,28,37,17,55,103,102,105,99"
4829652891,17,6,1,"35,38,99,28,17,37,55,103,102,33"
4830265150,17,6,1,"19,102,55,17,103,71,123,75,105,56"
4829653971,17,6,1,"174,188,178,177,175,181,76,79,173,176"
4830266522,17,6,0,"55,17,181,103,102,30,105,19,71,38"
3256290756,18,0,11,"94,36,81,76,7,96,82,23,2,95"
3256210012,18,0,11,"1,13,6,48,0,67,137,10,130,344"
3255551851,18,0,11,"67,68,137,13,344,47,317,48,10,1"
3247364625,18,0,11,"201,247,198,67,109,21,107,151,39,200"
4571938920,19,3,3,"11,68,137,12,67,13,6,14,17,38"
4571303239,19,3,3,"122,7,148,315,71,276,277,42,40,3"
5736099352,20,3,10,"176,79,179,178,177,180,270,173,181,150"
5735550065,20,3,10,"84,72,326,293,23,70,172,139,76,116"
5736100960,20,3,10,"48,13,53,315,144,0,227,141,54,196"
5725546308,20,3,2,"133,101,4,3,44,16,1,100,250,6"
5725547268,20,3,2,"0,91,133,227,87,129,93,70,18,4"
5725083569,20,3,2,"33,34,102,19,28,17,36,99,56,37"
5725084493,20,3,2,"87,6,11,12,3,14,1,18,32,19"
5725085281,20,3,2,"55,56,11,14,223,75,191,234,212,112"
5725086017,20,3,2,"17,28,19,37,85,105,102,12,32,6"
5725086747,20,3,2,"99,28,33,37,17,34,35,36,102,38"
5724991893,20,3,2,"77,84,83,86,101,131,126,74,25,250"
5725549326,20,3,2,"86,77,83,126,25,1,104,78,101,84"
5724994059,20,3,2,"153,1,70,6,68,115,72,89,46,313"
5735563067,20,3,3,"14,174,11,85,26,71,173,179,79,55"
5735564029,20,3,3,"66,13,10,51,195,15,248,124,141,19"
5735565119,20,3,3,"69,13,70,0,66,48,10,67,15,51"
5735565935,20,3,3,"225,13,67,61,7,157,44,82,18,80"
8444960395,21,10,2,"19,17,28,16,38,35,6,138,102,105"
8444960677,21,10,2,"28,17,19,99,105,20,78,33,32,35"
8444960977,21,10,2,"36,33,28,84,19,17,20,98,99,85"
8444961261,21,10,2,"28,17,19,105,32,38,33,35,78,6"
8446051152,21,10,2,"19,17,28,102,103,105,6,16,37,138"
8446051448,21,10,2,"28,17,19,99,33,105,35,102,34,32"
8444962193,21,10,2,"19,28,102,17,32,105,103,56,33,6"
8444962579,21,10,2,"28,17,19,99,33,20,105,35,38,32"
8444962901,21,10,2,"17,28,56,19,12,105,32,14,11,102"
8446052882,21,10,2,"28,17,19,56,32,105,78,138,12,6"
8444963575,21,10,2,"28,17,68,35,38,6,19,13,16,138"
8444964003,21,10,2,"28,99,17,19,33,37,32,11,35,6"
8446053982,21,10,2,"28,17,19,6,68,16,138,149,84,55"
8444964609,21,10,2,"6,19,32,17,28,12,103,87,11,10"
8444965027,21,10,2,"13,67,68,18,17,35,66,44,38,157"
8444965511,21,10,2,"6,11,12,17,28,156,19,32,149,14"
8446055504,21,10,2,"85,28,150,20,149,32,152,17,169,99"
8444966195,21,10,2,"11,14,42,18,29,32,44,87,12,27"
8446056178,21,10,2,"44,13,3,18,10,6,67,12,91,130"
8446056564,21,10,2,"6,32,1,87,11,83,20,14,212,211"
8446056914,21,10,2,"20,6,11,32,149,212,70,154,205,14"
8444967825,21,10,2,"28,19,17,102,105,38,103,16,33,35"
8444968123,21,10,2,"51,195,69,66,15,10,258,298,70,0"
8446060670,21,10,7,"56,145,205,261,98,223,352,309,191,224"
8446061260,21,10,7,"46,1,25,6,43,122,63,59,0,131"
8444971989,21,10,7,"28,17,38,102,35,19,105,101,103,75"
8444972449,21,10,7,"227,25,271,72,46,83,6,61,134,1"
8444973067,21,10,7,"85,84,172,205,56,48,77,38,279,70"
8446063422,21,10,7,"131,89,70,1,84,227,25,91,6,63"
8444974027,21,10,7,"1,6,44,61,0,25,3,13,167,182"
8444974779,21,10,7,"13,10,3,222,2,258,44,17,16,313"
8446065136,21,10,7,"13,67,68,10,48,6,2,0,3,222"
8444975817,21,10,7,"4,306,225,42,160,59,122,165,40,115"
8446066074,21,10,7,"1,6,25,128,32,61,83,84,87,75"
8446066484,21,10,7,"1,6,25,83,61,87,222,76,128,0"
8444977197,21,10,7,"6,1,128,75,87,55,67,211,48,212"
8444977501,21,10,7,"1,6,32,83,25,74,87,55,128,19"
8446067900,21,10,7,"6,1,128,25,83,48,0,32,75,72"
8446068254,21,10,7,"89,77,84,128,132,70,187,172,31,25"
8444978811,21,10,7,"32,87,13,1,70,16,101,48,3,78"
8446069032,21,10,7,"161,3,182,165,167,40,13,61,258,47"
8444980597,21,10,7,"57,58,170,62,135,46,60,20,85,213"
8446070836,21,10,7,"43,25,271,61,58,128,46,6,132,57"
8446100864,21,10,3,"28,30,71,17,105,19,101,102,100,181"
8446101242,21,10,3,"12,10,17,3,11,28,103,15,32,16"
8446101656,21,10,3,"79,176,26,179,180,270,174,178,177,175"
8446101992,21,10,3,"17,32,28,16,19,105,12,85,138,78"
8445012537,21,10,3,"13,10,18,3,67,12,6,19,44,16"
8446102990,21,10,3,"174,79,26,176,173,179,112,177,181,178"
8446103432,21,10,3,"17,19,28,12,11,138,35,102,32,103"
8446104276,21,10,3,"20,151,174,29,188,173,107,27,11,76"
8446104778,21,10,3,"18,13,32,44,17,157,42,28,152,138"
8445015093,21,10,3,"3,18,44,28,157,13,12,16,17,87"
8445015469,21,10,3,"13,35,38,67,44,32,19,17,18,87"
8446105862,21,10,3,"67,68,13,137,19,35,156,38,6,111"
8445016255,21,10,3,"71,17,28,105,79,32,176,177,200,179"
8445016653,21,10,3,"181,105,30,102,28,17,32,71,55,173"
8445017079,21,10,3,"28,17,35,105,38,32,19,138,99,78"
8446107654,21,10,3,"19,76,71,79,102,153,17,20,33,178"
9605901743,22,7,5,"17,28,34,35,55,149,38,19,33,160"
9597779105,22,7,9,"131,136,149,250,33,328,249,76,251,138"
9600572298,22,7,9,"7,71,149,55,33,202,96,138,175,212"
5274437151,23,11,8,"3,104,48,275,12,126,132,13,101,125"
6114668207,24,5,6,"48,193,107,67,0,109,108,39,118,157"
6115214770,24,5,6,"48,258,130,1,87,13,84,41,0,129"
6115215202,24,5,6,"48,129,306,4,163,91,220,308,130,0"
6115213106,24,5,6,"48,1,67,13,0,6,10,130,222,124"
6114669375,24,5,6,"3,13,10,0,222,68,129,130,6,67"
6115215620,24,5,6,"118,257,233,49,159,2,48,193,157,323"
6115216132,24,5,6,"81,225,9,276,148,222,229,7,82,84"
6351815604,24,5,8,"77,334,250,71,101,314,104,296,100,125"
6351074547,24,5,3,"70,83,77,11,20,32,154,101,33,149"
6351075439,24,5,3,"7,80,82,61,81,25,131,60,43,46"
6351076405,24,5,3,"102,19,17,28,99,105,30,37,32,56"
7553324976,25,5,5,"17,19,28,123,21,11,103,55,78,138"
7553327904,25,5,5,"174,150,139,189,151,115,153,112,176,175"
7553320812,25,5,5,"4,306,197,42,160,294,152,40,228,120"
7559438454,25,5,2,"167,182,6,1,31,253,87,165,80,0"
7559435172,25,5,2,"28,17,19,11,32,105,78,123,102,14"
3260423818,26,0,11,"281,201,108,174,107,202,338,109,219,175"
3259591709,26,0,11,"137,67,215,139,136,326,111,0,317,344"
3259592001,26,0,11,"155,215,231,193,109,137,312,139,67,293"
3259592591,26,0,11,"201,80,67,198,118,193,247,0,181,13"
3259615499,26,0,11,"55,99,35,37,174,102,17,151,112,38"
3260449814,26,0,11,"99,35,38,28,237,37,55,123,17,102"
3259619167,26,0,11,"55,99,35,38,106,37,17,123,28,21"
3259622667,26,0,11,"201,109,309,203,267,155,198,338,157,39"
3259624661,26,0,11,"252,72,309,224,151,247,181,29,310,74"
3260459110,26,0,11,"151,31,72,322,181,108,309,188,189,288"
3259628749,26,0,11,"201,198,199,181,13,247,109,67,0,216"
3408482267,26,2,0,"71,181,17,55,79,103,176,100,102,14"
3409291920,26,2,1,"19,75,56,55,6,11,139,32,123,48"
3409294634,26,2,1,"98,149,20,70,33,217,154,96,94,92"
3409368630,26,2,1,"11,37,35,14,38,10,123,12,13,102"
3409293422,26,2,1,"67,48,13,137,1,10,0,6,111,69"
3409380042,26,2,1,"99,35,37,34,28,17,98,33,39,38"
3408487031,26,2,1,"11,123,19,89,14,17,149,33,139,20"
3409297758,26,2,0,"35,38,55,37,110,34,99,17,102,123"
3408491635,26,2,0,"35,38,111,110,67,13,113,1,6,19"
3409301930,26,2,0,"38,110,35,106,111,217,55,156,190,113"
3408495031,26,2,0,"69,17,44,298,15,70,13,51,258,1"
3409397732,26,2,0,"19,35,32,28,38,17,102,6,55,37"
3408496545,26,2,0,"6,19,70,32,1,17,11,16,28,71"
3409444714,26,2,0,"19,6,28,38,56,17,35,102,32,37"
3408640057,26,2,0,"67,13,66,124,111,222,156,110,6,68"
3409306822,26,2,0,"298,44,69,15,300,299,17,70,32,18"
3408500759,26,2,0,"181,176,79,173,179,178,270,180,177,151"
3409415220,26,2,0,"35,38,110,171,111,156,11,13,123,113"
3409311468,26,2,1,"19,56,75,38,123,191,128,111,102,139"
5271429923,27,11,8,"80,117,63,0,8,122,211,82,212,68"
5271436291,27,11,8,"80,82,253,0,165,225,117,63,122,167"
7473849648,28,5,7,"1,83,3,127,87,86,6,25,61,205"
7473856948,28,5,7,"1,83,86,7,25,80,61,76,87,59"
7473862152,28,5,7,"1,6,13,70,130,84,48,0,67,222"
3570513016,29,4,15,"32,85,28,78,101,105,138,100,17,19"
3569711265,29,4,15,"13,17,32,72,44,31,211,11,187,67"
3569715553,29,4,15,"19,17,38,28,32,105,78,138,11,35"
3570556340,29,4,15,"17,19,32,6,28,16,12,70,71,3"
3569739099,29,4,15,"13,32,3,17,28,68,44,67,323,301"
3842461097,30,2,3,"171,174,148,276,176,180,179,107,175,177"
3843248172,30,2,3,"28,17,79,175,149,178,177,173,174,181"
3842463041,30,2,3,"13,66,67,124,0,10,48,222,217,44"
3842464589,30,2,2,"28,17,105,19,33,102,103,78,32,38"
409851063,31,2,16,"205,20,83,74,77,33,84,128,98,71"
3789356576,31,7,2,"28,32,78,17,35,38,105,11,138,12"
3793743963,31,7,2,"28,17,33,99,20,36,98,105,102,19"
3794920039,31,7,2,"20,28,99,17,33,149,85,154,98,78"
5604836834,32,3,8,"187,31,93,212,211,89,151,131,72,86"
5604254387,32,3,8,"3,211,171,117,276,44,87,192,212,154"
5604840410,32,3,8,"3,253,294,4,64,333,167,162,165,182"
5604841990,32,3,8,"10,91,12,124,130,211,18,153,6,212"
5604843294,32,3,8,"19,16,100,48,85,33,32,127,288,6"
5604260445,32,3,8,"89,17,33,36,187,76,31,84,20,116"
5604270973,32,3,8,"183,40,184,165,115,185,4,76,299,200"
5604857366,32,3,8,"20,172,154,171,85,205,26,76,174,84"
5604846954,32,3,8,"20,172,154,171,85,205,26,76,174,84"
11124162225,33,7,13,"17,38,28,13,32,123,35,103,19,67"
11124168625,33,7,13,"17,32,38,28,19,11,138,6,35,78"
5510706680,34,2,5,"17,37,102,55,103,28,19,35,181,123"
5522245313,35,2,1,"48,67,0,141,222,1,6,49,84,236"
5522254353,35,2,1,"0,48,1,67,6,49,13,128,69,172"
5522259887,35,2,1,"104,17,35,101,32,102,78,37,11,103"
5522263999,35,2,1,"104,17,100,1,101,35,68,32,13,16"
5522863188,35,2,1,"68,10,17,13,103,3,37,38,16,35"
5522276237,35,2,1,"48,130,222,0,13,6,1,18,10,87"
5522869144,35,2,1,"130,48,222,13,235,67,0,1,305,18"
5522873258,35,2,1,"17,38,28,19,138,35,123,13,103,11"
5522877478,35,2,1,"17,16,28,103,3,288,100,12,27,13"
5522884108,35,2,1,"86,94,154,1,13,190,83,67,188,247"
5522887858,35,2,1,"86,94,13,85,190,67,1,217,39,156"
5522891934,35,2,1,"225,67,171,315,42,86,319,140,157,276"
5522896156,35,2,1,"67,104,193,155,199,153,222,78,286,201"
5522899630,35,2,1,"19,123,11,6,55,37,102,17,35,32"
5522312587,35,2,1,"71,102,17,32,56,19,1,20,152,83"
5522315969,35,2,1,"99,33,37,28,36,35,34,102,17,39"
5522323269,35,2,1,"13,66,2,0,53,130,48,144,208,196"
5522917562,35,2,1,"67,48,13,0,10,2,130,129,222,124"
5522921466,35,2,1,"13,67,0,51,48,258,10,66,49,211"
5522925400,35,2,1,"67,13,48,0,10,124,222,137,6,140"
5522929700,35,2,1,"217,13,67,0,2,160,48,193,117,118"
5522934560,35,2,1,"13,6,2,67,10,3,290,44,17,258"
5522347499,35,2,1,"48,6,13,0,10,130,51,1,305,258"
5522351613,35,2,1,"19,55,70,11,6,149,128,89,123,0"
5522948410,35,2,1,"95,262,20,239,261,36,292,205,243,281"
5522358685,35,2,1,"99,136,28,149,217,98,36,96,34,95"
5522953636,35,2,1,"19,123,102,48,33,37,55,103,17,99"
7844967192,36,5,3,"13,10,87,67,48,12,11,0,6,91"
7844967722,36,5,0,"106,55,110,38,35,217,95,156,123,13"
7844968260,36,5,1,"35,38,106,19,28,123,139,17,11,217"
7453410244,37,10,3,"17,28,35,38,105,149,78,19,217,85"
7453410612,37,10,3,"68,17,10,48,13,28,6,16,35,208"
7453410784,37,10,2,"28,3,19,33,70,103,17,37,84,36"
7453410730,37,10,2,"33,28,37,102,17,103,42,78,70,56"
1357450936,38,8,8,"151,181,174,71,65,252,200,153,176,21"
1356560581,38,8,8,"33,17,334,71,126,125,314,76,84,174"
1356561169,38,8,8,"76,19,101,56,33,149,138,84,190,191"
1357452632,38,8,8,"153,151,252,199,181,173,44,72,267,71"
1357453004,38,8,8,"153,199,48,46,282,122,151,313,160,115"
1357453422,38,8,8,"131,31,64,187,133,332,141,246,132,47"
1356563043,38,8,8,"74,188,76,20,72,174,33,190,247,88"
1356563689,38,8,8,"116,153,175,189,112,31,151,226,7,84"
1357455118,38,8,8,"178,177,79,151,176,181,270,180,173,179"
1357455692,38,8,8,"38,153,35,55,155,116,231,286,56,107"
1356565315,38,8,8,"217,220,215,76,255,256,189,150,257,85"
1357456774,38,8,8,"48,222,13,86,0,124,2,67,130,1"
1357457350,38,8,8,"153,151,71,79,20,33,55,21,175,150"
1357457928,38,8,8,"70,33,1,131,149,85,6,84,153,19"
1356567829,38,8,8,"6,19,128,153,84,102,68,116,1,99"
1357459218,38,8,8,"140,222,86,49,145,48,286,171,259,280"
1357459880,38,8,8,"252,79,84,151,150,153,291,26,76,172"
1357460536,38,8,8,"6,1,19,258,32,13,84,85,0,153"
1356570457,38,8,8,"71,100,101,77,17,250,334,104,19,131"
1357461730,38,8,8,"211,1,212,130,87,222,6,124,48,44"
1356571677,38,8,8,"99,19,175,33,55,28,35,85,174,176"
1356572197,38,8,8,"19,6,28,16,17,32,35,38,55,70"
1356572749,38,8,8,"141,257,7,225,276,81,48,149,82,8"
1357464090,38,8,8,"257,34,255,90,330,88,48,117,2,91"
1357464654,38,8,8,"17,187,104,100,11,123,48,101,19,250"
1356574501,38,8,8,"179,79,180,176,175,174,270,33,131,71"
1357466044,38,8,8,"188,76,178,72,177,79,247,174,131,154"
2586516498,39,5,5,"12,11,156,17,19,103,28,10,3,35"
2862460797,40,4,8,"130,13,6,153,10,18,0,48,211,140"
2906477521,40,7,11,"45,67,83,267,80,219,151,86,109,182"
5233619627,41,11,3,"247,76,72,188,74,190,83,88,20,198"
2254049575,42,1,6,"116,50,193,159,160,2,129,3,319,142"
2498978998,42,4,12,"4,40,41,3,42,43,44,45,46,47"
2745583131,42,7,16,"13,2,66,48,3,44,0,10,157,258"
2746387494,42,7,16,"4,7,84,48,2,46,43,1,167,271"
2746419958,42,7,16,"60,4,5,87,236,46,40,1,42,44"
2745584437,42,7,16,"56,172,205,191,171,85,32,11,121,181"
2746420938,42,7,16,"86,85,211,115,222,169,0,171,124,91"
2746421474,42,7,16,"3,44,38,17,28,12,6,280,13,10"
4324288540,43,5,9,"226,68,149,28,7,55,223,217,90,38"
4578410771,44,2,3,"68,13,67,3,35,11,44,12,10,28"
4584202857,44,2,8,"187,56,33,17,102,175,19,36,131,98"
4584917996,44,2,8,"33,187,99,39,84,100,34,71,32,89"
4461786976,44,2,8,"17,175,234,55,33,68,19,71,189,181"
4461786982,44,2,8,"55,234,35,38,136,223,310,39,140,27"
4753368483,44,5,0,"35,99,38,37,28,55,17,103,102,138"
4753368485,44,5,0,"71,32,102,56,105,17,19,101,103,11"
5238303810,45,11,16,"89,1,6,227,91,187,83,76,70,72"
5237711147,45,11,16,"84,128,72,326,70,1,83,131,227,115"
5238308612,45,11,16,"25,58,1,62,61,46,6,57,128,87"
5238310212,45,11,16,"4,44,210,40,68,72,70,13,42,197"
5238311906,45,11,16,"122,160,0,10,45,130,60,129,258,48"
5237718321,45,11,16,"70,91,169,72,88,85,89,33,316,254"
5237721811,45,11,0,"87,44,3,11,86,83,61,18,1,13"
5238318848,45,11,0,"3,44,6,289,1,4,221,60,61,13"
5237725437,45,11,0,"6,0,20,13,87,19,25,152,84,61"
5237727883,45,11,0,"13,67,35,38,6,19,222,1,17,28"
5237731655,45,11,0,"123,13,11,19,14,0,48,6,12,124"
5238329038,45,11,0,"110,38,35,156,106,55,217,95,12,111"
5238331244,45,11,0,"19,20,17,152,28,154,98,217,102,6"
5238333214,45,11,0,"13,0,48,67,10,1,69,6,66,15"
7402017936,46,8,3,"19,102,17,131,105,32,12,103,28,37"
7402017362,46,8,3,"6,19,28,16,12,68,18,138,35,3"
7402016616,46,8,3,"44,18,13,3,32,11,42,17,157,138"
7402015656,46,8,3,"14,17,11,12,32,71,28,19,249,200"
6831114872,47,1,2,"11,12,32,14,28,87,42,17,20,18"
167797662,48,5,8,"131,153,160,115,84,33,188,189,76,19"
169575490,48,5,1,"89,47,31,185,64,187,7,183,93,63"
1466714377,49,8,10,"177,179,178,180,131,160,176,79,26,85"
1466773589,49,8,10,"13,0,10,66,50,54,2,51,48,195"
1472591908,49,8,5,"12,17,19,156,11,10,28,131,6,37"
1472595690,49,8,1,"14,12,13,21,17,11,32,67,181,231"
1471745491,49,8,0,"224,17,55,309,74,71,310,181,205,56"
1472596752,49,8,0,"35,99,38,28,37,17,55,138,103,102"
5208096074,50,10,4,"36,94,95,35,28,38,96,97,17,98"
5207495861,50,10,4,"36,28,99,172,35,38,95,20,243,17"
5207496071,50,10,1,"181,71,174,175,55,79,151,21,17,176"
5207498823,50,10,1,"137,156,11,14,12,29,249,7,67,85"
5207498687,50,10,1,"12,11,156,123,14,103,3,19,139,17"
5207497485,50,10,1,"11,123,19,156,14,12,139,102,103,249"
5208095550,50,10,1,"13,48,67,0,10,1,69,70,6,222"
5207497947,50,10,1,"55,19,11,250,103,106,136,215,110,101"
5207497341,50,10,1,"1,67,48,13,6,11,0,19,123,10"
6941847396,51,2,5,"17,19,28,35,21,138,38,37,6,123"
7087920169,51,2,5,"11,19,12,156,17,14,28,138,123,103"
7087920353,51,2,5,"243,154,35,99,38,20,28,55,138,17"
7087920585,51,2,5,"33,70,149,28,3,17,131,94,84,96"
7087920841,51,2,5,"20,84,154,172,17,205,98,33,128,23"
6941848544,51,2,5,"121,191,261,263,328,264,281,338,241,239"
6941848778,51,2,5,"99,34,28,17,37,33,98,237,149,35"
7087924969,51,2,18,"171,84,85,177,176,169,33,180,270,79"
7087925215,51,2,18,"36,33,94,96,149,84,262,39,28,105"
7091334205,51,2,9,"112,278,175,189,55,108,173,13,21,181"
7091333497,51,2,9,"96,238,94,176,76,179,180,26,270,174"
7091332355,51,2,9,"7,116,239,98,131,226,311,137,261,95"
6945264168,51,2,9,"99,48,149,10,196,68,124,2,227,0"
6945264594,51,2,9,"11,14,12,149,7,138,68,28,269,249"
6945263788,51,2,9,"226,138,257,68,149,28,17,306,10,13"
6945264810,51,2,9,"239,95,98,116,226,285,311,262,97,138"
7091333937,51,2,9,"112,189,21,216,169,85,108,291,263,75"
7091334551,51,2,9,"188,76,174,175,189,190,107,112,191,192"
6945266510,51,2,9,"106,107,112,190,188,265,175,108,76,189"
7099534523,51,2,2,"28,19,6,17,16,32,103,78,138,38"
7099534621,51,2,2,"205,20,84,78,154,33,172,77,70,149"
7099534759,51,2,2,"28,33,36,99,17,19,84,105,37,20"
6953464926,51,2,2,"19,17,28,85,35,171,38,105,102,217"
6953465260,51,2,10,"7,19,20,17,21,22,23,24,25,26"
7099535535,51,2,10,"20,72,23,76,74,4,93,33,70,84"
6953465676,51,2,10,"178,177,79,176,173,179,180,20,150,26"
12807102504,52,1,2,"211,67,212,12,87,123,44,318,6,1"
12809241514,52,1,2,"149,94,148,276,96,36,225,81,235,277"
6264249900,53,9,1,"99,35,37,28,38,138,39,103,55,113"
6264252480,53,9,1,"99,35,37,28,38,55,33,39,125,123"
6263732207,53,9,1,"70,131,0,84,10,13,73,17,227,15"
6405270323,54,10,12,"174,56,191,172,175,189,116,112,65,173"
6405298841,54,10,8,"21,0,258,67,48,13,141,1,51,222"
6405303605,54,10,8,"33,70,153,149,76,131,74,84,72,89"
6405309501,54,10,8,"237,116,84,86,139,115,319,171,340,153"
6405314743,54,10,8,"6,67,68,1,13,85,217,106,48,190"
6405319761,54,10,8,"86,140,319,222,67,171,165,225,48,0"
6405323881,54,10,8,"99,153,116,65,33,128,34,84,319,171"
6405329455,54,10,8,"130,222,48,66,248,141,0,144,1,236"
6405334207,54,10,8,"165,167,217,86,185,83,97,253,231,0"
6405339903,54,10,8,"66,48,117,211,1,13,44,3,222,212"
6405345639,54,10,8,"1,19,13,6,11,84,187,89,132,0"
6405350761,54,10,8,"275,132,54,289,38,4,44,35,153,3"
6405356901,54,10,8,"20,76,83,86,154,212,211,247,87,249"
6405364025,54,10,8,"13,66,67,1,6,48,124,0,222,10"
6405371207,54,10,8,"172,205,66,275,48,248,54,132,56,0"
6405377365,54,10,8,"211,212,87,76,192,130,66,248,222,57"
6405382585,54,10,8,"51,258,66,13,141,69,50,10,157,54"
6405387417,54,10,8,"234,33,55,149,70,99,288,98,19,322"
6405392569,54,10,8,"17,102,55,19,153,33,72,98,174,84"
6405397653,54,10,8,"172,191,116,56,153,205,256,155,71,202"
6405403541,54,10,8,"80,42,82,225,7,253,0,165,182,9"
6405571459,54,10,4,"38,35,94,44,20,17,28,187,36,131"
6405579651,54,10,4,"26,172,20,177,56,191,179,180,98,23"
6405585405,54,10,4,"261,239,56,191,172,279,95,205,262,20"
6405591861,54,10,4,"239,56,36,243,95,99,20,205,262,172"
6405598309,54,10,4,"206,207,208,196,197,209,154,210,48,124"
6413179355,54,10,3,"174,20,173,33,175,17,96,26,172,98"
6413209087,54,10,3,"13,44,91,3,83,87,211,18,227,130"
6416083245,54,10,3,"13,66,6,19,48,258,67,51,1,10"
6416118083,54,10,3,"32,13,18,12,10,6,28,16,11,17"
6416164137,54,10,3,"32,13,70,19,6,258,1,66,48,100"
6416188319,54,10,3,"212,211,20,78,154,11,17,93,85,149"
6416210513,54,10,3,"13,10,115,67,3,0,139,6,68,59"
6416228559,54,10,3,"11,70,13,149,91,87,124,17,12,138"
6416275935,54,10,3,"20,74,71,17,76,28,19,105,33,83"
6416284587,54,10,3,"6,16,10,1,32,13,15,17,48,19"
6416307701,54,10,3,"17,71,32,105,20,28,56,72,74,78"
6416358893,54,10,3,"102,55,56,17,181,175,71,79,19,174"
6431702835,54,10,14,"19,55,35,102,38,71,6,75,105,17"
8371920192,55,11,7,"36,94,33,84,77,70,96,34,149,262"
8371920572,55,11,7,"38,35,6,1,128,55,32,25,237,84"
3090020561,56,10,13,"151,76,153,247,252,65,71,20,89,152"
3090861950,56,10,13,"112,175,216,174,219,218,189,181,178,85"
3090022315,56,10,13,"13,48,69,0,67,70,254,32,6,1"
3090863106,56,10,13,"67,13,48,137,0,1,69,201,118,109"
3090023537,56,10,13,"17,38,19,35,28,138,13,123,68,102"
5202529547,57,3,5,"112,21,217,189,218,190,216,188,175,231"
4556989299,57,3,0,"13,12,10,11,254,14,87,124,32,156"
4557620804,57,3,0,"55,17,102,123,37,175,181,33,19,21"
4556991331,57,3,1,"19,123,38,35,103,17,11,102,28,171"
4557622744,57,3,1,"11,13,14,10,124,12,0,103,3,123"
4557623580,57,3,1,"67,19,10,35,13,6,17,28,32,11"
3345748474,58,1,1,"13,67,87,130,11,6,123,1,32,48"
6819881204,59,1,2,"19,28,17,102,99,105,33,20,34,101"
6966003833,59,1,2,"44,70,13,32,1,48,6,38,42,227"
6285146966,59,1,3,"14,28,17,11,85,32,103,181,105,179"
6285140378,59,1,2,"99,36,33,48,94,37,28,6,35,20"
6110512581,59,1,2,"102,19,48,13,56,67,75,0,123,315"
6943503445,60,1,2,"152,228,85,229,42,23,149,230,231,70"
6943503971,60,1,2,"66,107,171,13,84,0,48,72,4,124"
6797389336,60,1,7,"1,6,83,48,172,205,84,137,127,70"
6943504719,60,1,7,"141,131,70,69,44,15,73,0,258,227"
3083636184,61,9,7,"80,67,7,82,253,1,0,13,84,131"
3083639108,61,9,7,"83,60,25,59,1,57,46,247,61,43"
3083629352,61,9,7,"7,83,25,81,152,61,104,86,89,78"
3083642904,61,9,7,"57,213,135,60,46,62,47,248,259,165"
3083647372,61,9,7,"1,83,25,6,86,3,0,70,61,126"
1091021089,62,6,8,"20,76,74,154,33,72,188,88,174,89"
1091881330,62,6,8,"140,0,307,245,18,85,44,89,13,31"
1091878728,62,6,8,"85,140,97,307,208,290,0,226,4,2"
1091876392,62,6,8,"178,177,79,22,176,181,151,71,31,72"
1091875860,62,6,8,"17,55,131,71,28,288,33,79,100,187"
1091010975,62,6,8,"76,188,72,131,247,160,79,102,71,74"
1091008451,62,6,8,"175,177,178,188,131,189,79,174,84,107"
1091868180,62,6,8,"65,35,116,34,78,99,33,36,155,131"
1091003089,62,6,8,"115,171,231,85,116,72,128,139,289,84"
1091000587,62,6,8,"153,187,115,89,84,33,172,139,151,116"
1091860374,62,6,8,"6,153,68,48,13,10,19,67,12,32"
1090995269,62,6,8,"85,140,131,0,70,245,153,13,44,8"
1091855280,62,6,8,"65,176,79,181,151,179,180,71,78,173"
1091852344,62,6,8,"176,79,180,151,179,153,181,270,71,85"
1090986667,62,6,8,"187,79,176,89,181,180,173,179,131,174"
1089881603,62,6,4,"28,35,99,36,38,17,172,95,94,97"
1089875917,62,6,4,"4,226,148,80,196,48,235,82,347,0"
1090736602,62,6,4,"269,86,211,58,42,93,44,41,212,18"
1090733500,62,6,4,"26,180,179,176,270,174,177,171,150,169"
1090742286,62,6,4,"28,100,103,38,35,138,105,101,99,78"
1090196013,62,6,6,"76,190,247,188,96,74,94,83,238,79"
1091063638,62,6,6,"76,190,247,188,96,238,94,79,23,88"
1092457320,62,6,6,"74,55,295,6,72,73,71,16,32,77"
1091592631,62,6,6,"65,71,78,32,202,101,294,278,138,200"
1091590011,62,6,6,"181,21,200,173,79,278,176,204,17,72"
1092449506,62,6,6,"258,130,187,41,87,269,18,44,48,51"
1091584293,62,6,6,"306,0,129,130,258,159,269,91,22,117"
1092831872,62,6,6,"10,13,34,67,48,50,37,102,19,129"
1091576593,62,6,6,"129,220,52,10,4,48,50,195,221,3"
1092437426,62,6,6,"50,159,129,52,157,10,13,220,221,2"
1091572411,62,6,6,"129,195,220,52,50,221,4,10,196,48"
1092432580,62,6,6,"44,3,141,160,70,258,18,196,41,206"
1092429402,62,6,6,"44,38,13,35,15,3,133,0,70,10"
1091561361,62,6,6,"52,337,129,50,321,235,51,18,130,44"
1091564073,62,6,6,"129,52,22,0,211,337,50,320,306,130"
1091558105,62,6,6,"52,129,337,50,321,304,197,158,298,196"
1091555569,62,6,6,"117,269,93,91,152,157,228,42,41,8"
1091553111,62,6,6,"118,46,4,244,253,60,57,47,165,213"
1091550439,62,6,6,"4,320,146,1,196,162,64,142,41,257"
1092410770,62,6,6,"118,80,46,193,122,42,159,4,315,60"
1091546417,62,6,6,"258,269,41,58,274,93,91,141,130,0"
1092406586,62,6,6,"160,46,59,10,197,248,195,53,13,4"
1091541971,62,6,6,"327,166,165,161,159,91,157,118,0,5"
1092402352,62,6,6,"5,4,2,290,158,197,160,120,80,286"
1092398888,62,6,6,"0,1,227,134,6,91,145,142,48,130"
1091535979,62,6,6,"290,2,208,165,257,4,323,206,124,307"
1091535535,62,6,6,"5,157,294,258,4,235,50,159,52,141"
1083484811,62,6,9,"48,18,316,269,149,12,152,13,124,140"
5253925465,63,10,4,"28,17,102,56,105,38,103,35,19,172"
5255272454,63,10,4,"44,3,17,63,13,84,31,33,7,48"
5254661581,63,10,4,"7,80,81,82,42,83,84,36,33,85"
5255274570,63,10,4,"7,80,25,61,260,271,42,0,221,43"
5254663271,63,10,4,"28,38,35,17,103,138,105,102,78,99"
5254663873,63,10,4,"89,91,93,86,152,269,68,83,23,22"
5259006302,63,10,4,"122,25,45,59,46,43,94,83,57,271"
5259005860,63,10,4,"227,0,160,68,46,115,53,72,197,73"
5259005246,63,10,4,"68,40,0,93,4,6,271,31,91,47"
5259004844,63,10,4,"146,122,142,163,143,40,68,182,80,47"
5258397033,63,10,4,"88,86,91,47,72,68,117,4,152,0"
5258396565,63,10,4,"4,2,94,172,290,163,144,316,97,145"
5264607088,63,10,9,"138,149,28,7,226,282,12,68,17,96"
5269810408,63,10,9,"68,219,142,45,175,122,80,13,67,107"
5271708743,63,10,3,"51,13,69,66,141,258,15,195,10,0"
5271708143,63,10,3,"66,169,13,69,254,141,124,0,222,227"
5271709425,63,10,3,"17,32,11,28,12,19,138,105,6,71"
5274179250,63,10,3,"13,10,44,67,12,15,222,17,3,87"
5274179916,63,10,3,"48,13,222,140,0,67,66,10,2,148"
5273573379,63,10,3,"13,69,10,48,0,70,15,127,67,298"
5274181052,63,10,3,"208,308,124,66,13,68,0,115,85,206"
5280932322,63,10,2,"51,258,50,54,13,70,10,315,235,31"
5280931916,63,10,2,"28,17,32,16,38,19,138,78,105,44"
8644641599,64,3,2,"17,71,19,105,20,6,28,32,42,78"
13088710105,65,2,6,"101,71,100,104,92,334,30,224,78,105"
13088763715,65,2,5,"17,12,19,149,11,156,28,70,33,14"
5414313754,66,0,0,"13,67,48,0,10,124,137,222,6,130"
5419493503,66,0,19,"187,160,63,31,211,44,64,212,89,130"
5420113308,66,0,19,"129,52,50,159,157,48,337,195,99,10"
5419523435,66,0,19,"10,195,196,48,158,129,197,52,130,0"
5529754609,66,0,19,"48,89,49,53,0,227,13,10,6,145"
8410894872,67,11,7,"28,6,83,131,17,31,101,16,187,25"
8409793607,67,11,7,"102,19,28,103,105,84,16,172,17,33"
8409786597,67,11,7,"28,35,38,17,105,102,103,19,101,7"
8410498741,67,11,2,"17,171,19,28,102,85,38,56,35,105"
8411565688,67,11,2,"28,19,105,103,17,32,102,78,16,55"
8410461839,67,11,2,"28,17,19,105,33,103,78,32,102,16"
8411546858,67,11,2,"28,99,17,33,36,105,37,102,44,20"
8411575832,67,11,2,"19,28,102,17,105,98,20,32,37,6"
8410359223,67,11,2,"66,13,0,48,67,65,140,135,4,163"
8411538036,67,11,2,"28,99,33,17,36,20,37,98,34,149"
8410434343,67,11,2,"28,17,19,105,32,78,38,103,35,138"
8410412195,67,11,2,"28,17,32,103,105,12,14,19,102,3"
8411492228,67,11,2,"17,28,19,32,6,105,103,102,12,85"
8410302771,67,11,2,"84,293,128,171,33,177,139,176,179,75"
8411388014,67,11,2,"84,33,177,36,179,176,180,79,7,270"
8411463088,67,11,2,"28,17,19,105,32,103,78,102,33,38"
8410320775,67,11,2,"28,35,19,17,38,32,138,103,105,16"
8411438702,67,11,2,"28,17,19,99,38,105,35,33,103,32"
8410349953,67,11,2,"66,48,13,0,67,124,217,208,39,42"
8410327983,67,11,2,"17,28,19,38,105,103,32,35,12,78"
8410334007,67,11,2,"28,17,105,19,103,33,38,35,102,37"
8410227023,67,11,2,"99,28,33,17,36,37,35,34,98,38"
8410266893,67,11,2,"165,48,130,87,294,13,333,222,258,245"
8410251089,67,11,2,"163,165,167,280,253,327,164,47,166,132"
8410241921,67,11,2,"19,102,28,105,17,37,103,138,56,35"
8410234041,67,11,2,"102,19,105,56,17,28,37,36,33,103"
8410220125,67,11,2,"99,28,98,37,35,17,16,33,138,100"
8411307942,67,11,2,"131,12,11,6,14,87,73,156,44,85"
8410187667,67,11,2,"102,28,19,17,33,105,37,103,7,99"
8411290638,67,11,2,"20,17,154,28,19,102,98,105,33,187"
8411274926,67,11,2,"28,99,33,36,17,100,12,37,16,292"
8410172213,67,11,2,"3,28,44,19,42,16,7,280,4,100"
8411249732,67,11,2,"13,44,65,66,67,68,0,69,48,70"
8409389133,67,11,3,"17,19,56,55,28,16,13,102,103,21"
8410446886,67,11,3,"174,154,175,112,20,96,188,189,26,17"
8410477766,67,11,3,"19,17,32,6,28,13,16,67,11,35"
8410467114,67,11,3,"19,17,35,6,13,38,28,16,11,138"
8409360049,67,11,3,"28,17,6,19,32,12,16,67,10,13"
8409341521,67,11,3,"26,177,79,178,200,71,179,20,76,180"
8410429628,67,11,3,"85,79,177,179,176,178,180,112,33,149"
8409397781,67,11,3,"17,102,19,28,56,105,37,103,55,71"
8410419608,67,11,3,"18,3,157,28,44,38,12,138,17,13"
8410407890,67,11,3,"18,3,44,6,10,13,12,157,19,17"
8409299343,67,11,3,"11,6,28,32,87,18,12,20,17,19"
8410378314,67,11,3,"13,10,67,19,66,6,2,17,0,32"
8409274743,67,11,3,"13,11,12,10,14,67,3,44,18,87"
8409262263,67,11,3,"13,10,44,3,67,12,11,18,17,103"
8410350338,67,11,3,"13,10,67,51,222,258,130,44,0,15"
8409241659,67,11,3,"13,48,67,0,66,10,222,6,69,1"
8410330676,67,11,3,"44,27,29,12,38,13,35,17,87,6"
8409223189,67,11,3,"44,67,13,130,35,3,222,48,18,12"
4897862718,68,1,6,"39,148,81,82,276,67,225,235,42,37"
3819948065,68,4,17,"55,223,224,32,71,19,70,1,38,35"
5479175660,68,0,13,"67,6,10,32,13,19,28,17,15,12"
5537478647,68,0,13,"108,201,181,203,247,109,216,278,198,151"
5411169046,68,0,13,"261,121,239,262,263,264,95,98,172,252"
5410506819,68,0,13,"158,39,284,285,273,96,197,238,230,217"
5885674468,68,0,15,"17,19,28,102,105,16,101,138,103,32"
5885676692,68,0,15,"17,28,105,102,32,19,78,138,103,100"
3413590819,69,3,12,"35,38,127,33,296,84,104,125,314,140"
4575171495,69,3,8,"83,86,154,20,1,126,205,87,6,25"
4575966620,69,3,8,"80,165,60,46,185,167,253,182,118,40"
4575174023,69,3,8,"68,142,221,163,220,161,58,21,13,195"
4575810740,69,3,8,"7,225,185,80,9,8,118,167,82,81"
4885975708,69,7,8,"86,83,182,80,117,20,40,42,167,253"
1177612441,70,1,12,"39,67,257,148,48,0,89,222,237,82"
2927178665,71,8,3,"27,20,76,44,91,13,29,230,247,72"
2927181929,71,8,3,"67,13,198,247,215,1,86,193,0,139"
2928040658,71,8,3,"10,333,13,50,44,298,9,15,129,51"
2927186195,71,8,3,"105,102,17,33,28,101,71,181,103,78"
379444839,72,7,2,"17,28,19,102,37,105,35,103,138,38"
379446778,72,7,2,"28,17,105,32,103,78,38,19,16,102"
379448490,72,7,2,"227,13,70,73,44,42,0,258,66,18"
379450111,72,7,2,"4,44,60,46,160,131,59,129,18,258"
379458653,72,7,3,"181,73,71,72,204,70,69,56,1,55"
379460535,72,7,3,"20,44,151,29,154,91,13,27,42,78"
379462175,72,7,3,"32,17,11,87,12,105,103,19,71,14"
5676646979,73,3,1,"56,172,11,191,38,20,17,76,19,102"
2096735293,74,8,10,"86,154,247,198,199,1,72,21,76,200"
2097513114,74,8,10,"174,175,189,112,188,107,21,232,76,216"
2097513878,74,8,10,"173,181,174,112,175,176,21,108,200,178"
2097514518,74,8,10,"174,175,107,281,76,188,189,232,191,112"
2096738439,74,8,10,"174,179,180,178,175,173,181,79,177,176"
2097556990,74,8,13,"17,55,38,35,28,19,102,103,123,105"
2096780399,74,8,13,"11,12,14,13,10,67,6,32,18,3"
6254346545,75,10,5,"4,220,7,42,115,68,83,59,82,47"
6255043174,75,10,5,"17,28,19,103,102,37,35,12,33,105"
6258220875,75,10,3,"19,17,102,28,105,35,56,38,98,20"
13650515155,76,9,13,"17,19,28,35,102,38,55,37,105,181"
13650528843,76,9,13,"79,176,151,179,153,85,36,131,252,44"
13650859014,76,9,13,"55,17,19,181,112,38,102,13,35,123"
13651066745,76,9,5,"44,86,32,18,78,3,65,35,83,41"
13651418944,76,9,5,"34,17,99,174,37,28,33,21,27,35"
13651063925,76,9,5,"20,42,85,6,31,289,154,23,221,58"
13651063255,76,9,5,"17,12,28,19,11,156,149,123,103,14"
13652863414,76,9,4,"160,122,227,42,53,0,59,3,316,44"
13652517315,76,9,4,"161,142,327,2,49,166,163,236,84,48"
13652861554,76,9,4,"4,143,134,62,211,58,64,70,135,22"
13652514785,76,9,4,"18,13,44,6,70,3,140,47,269,258"
13653630155,76,9,4,"28,17,102,105,103,19,38,35,37,138"
13652858934,76,9,4,"28,99,103,16,100,17,138,101,105,19"
8615637079,77,3,5,"17,28,37,34,99,103,35,100,102,33"
139358816,78,3,15,"17,28,19,35,105,102,38,71,55,100"
139358818,78,3,15,"19,35,17,38,138,28,32,102,78,103"
139358819,78,3,15,"17,28,19,35,38,103,99,102,37,138"
139358820,78,3,15,"13,130,67,6,48,87,0,1,66,222"
139360404,78,3,13,"101,187,32,102,202,19,104,127,1,17"
139360406,78,3,13,"17,28,19,102,35,37,38,103,55,105"
141354322,78,3,3,"6,18,32,13,10,12,73,70,67,227"
139365162,78,3,0,"99,35,37,28,38,34,17,155,103,55"
8611204949,79,2,2,"28,17,19,38,33,105,35,138,102,37"
1416940337,80,8,9,"226,82,80,81,148,149,223,55,7,90"
1417817790,80,8,9,"63,80,8,187,122,148,323,297,160,235"
4005028111,81,9,3,"44,27,29,17,32,3,87,28,13,38"
4005031061,81,9,3,"3,12,87,10,13,44,16,103,28,17"
4005034725,81,9,3,"87,91,254,169,6,13,32,11,70,149"
4005037959,81,9,3,"13,44,48,67,10,69,0,70,222,258"
4005806636,81,9,3,"67,13,48,0,6,10,137,139,1,222"
4005045693,81,9,3,"279,94,11,123,156,292,19,273,39,96"
4005813268,81,9,3,"67,39,201,203,153,118,199,193,267,218"
7060141803,82,2,10,"87,32,6,1,70,20,212,211,149,11"
6914057894,82,2,10,"28,17,33,19,99,105,20,78,102,35"
7060142837,82,2,10,"1,6,70,83,42,40,32,3,72,280"
7060143519,82,2,10,"28,99,17,35,38,37,19,32,138,105"
7060143931,82,2,10,"212,211,192,76,172,33,190,70,174,148"
7060144379,82,2,10,"6,156,12,137,87,11,35,38,318,28"
6914060438,82,2,10,"17,28,19,32,105,56,78,102,12,138"
7060145265,82,2,10,"17,28,105,19,32,78,20,56,102,138"
6914061344,82,2,10,"87,3,91,18,13,44,12,130,6,1"
7060146397,82,2,10,"32,71,101,202,181,334,313,105,85,26"
6914062396,82,2,10,"55,56,1,191,172,212,70,75,6,279"
7060147201,82,2,10,"171,38,28,17,94,35,19,102,123,84"
7060147681,82,2,10,"89,185,183,25,260,78,58,187,42,64"
6914065412,82,2,4,"152,20,83,151,88,86,42,78,231,72"
6914066286,82,2,4,"26,169,174,85,176,171,179,177,291,152"
7060151293,82,2,4,"35,38,17,28,171,174,105,138,19,99"
6914068200,82,2,0,"99,37,28,35,55,103,102,17,181,38"
7060152855,82,2,0,"35,99,38,28,55,17,37,138,100,105"
7060153381,82,2,0,"13,10,123,0,67,11,19,48,171,6"
3545098959,83,2,16,"13,18,91,42,32,44,87,3,0,41"
3545908676,83,2,16,"2,290,124,209,48,208,10,66,196,130"
3545910708,83,2,16,"18,61,157,13,167,3,44,87,42,41"
3545912846,83,2,16,"169,254,91,87,275,131,48,316,13,29"
3545914768,83,2,16,"55,85,223,17,224,138,38,35,288,149"
3545916820,83,2,16,"72,6,55,1,181,73,74,32,70,83"
3545918902,83,2,16,"102,19,32,56,17,103,105,6,28,37"
3545920704,83,2,16,"131,73,70,77,227,149,250,236,15,54"
3545114909,83,2,16,"20,19,98,102,205,78,56,105,171,75"
3545925036,83,2,16,"20,83,205,98,74,19,154,171,56,78"
3545119145,83,2,16,"19,6,32,17,70,138,28,71,78,131"
3545929180,83,2,16,"46,62,60,227,134,59,43,25,1,61"
3545123209,83,2,16,"19,6,103,28,11,12,3,32,17,14"
3545933398,83,2,16,"21,17,171,56,89,123,84,11,19,172"
3545127529,83,2,16,"55,17,310,288,223,224,234,29,350,27"
3545938336,83,2,16,"6,10,13,38,11,32,12,16,87,19"
3545133049,83,2,16,"68,10,13,18,6,12,32,28,87,17"
3545943874,83,2,16,"13,67,3,18,44,66,12,157,137,10"
3545946180,83,2,16,"11,67,13,171,32,44,78,12,10,17"
3545139289,83,2,16,"13,67,139,137,48,47,222,326,0,68"
3545777940,83,2,16,"102,19,56,99,37,28,35,6,205,103"
3544973187,83,2,16,"205,128,56,172,295,75,84,98,296,191"
3544974863,83,2,16,"35,11,38,19,128,17,6,56,138,32"
3545783078,83,2,16,"128,84,19,32,139,56,11,215,48,172"
3544978315,83,2,16,"48,172,56,32,279,1,128,0,67,11"
3544980113,83,2,16,"56,19,84,102,172,6,128,205,123,75"
3544981917,83,2,16,"171,128,84,205,19,123,6,56,135,172"
3545789748,83,2,16,"55,19,123,38,138,35,17,13,102,6"
3545791586,83,2,16,"84,171,250,172,127,32,102,77,334,101"
3545793178,83,2,16,"4,258,46,64,129,130,0,60,87,58"
3545795010,83,2,16,"1,6,48,87,258,236,222,324,130,49"
3545796810,83,2,16,"1,6,48,236,3,87,131,145,49,141"
3544992335,83,2,16,"28,99,78,32,38,105,35,205,20,17"
3545800340,83,2,16,"152,78,35,20,38,154,77,28,352,104"
3544995591,83,2,16,"244,0,269,41,167,117,57,258,58,87"
3545803532,83,2,16,"44,87,89,18,13,38,3,6,31,32"
3545805324,83,2,16,"44,13,3,258,42,18,32,38,87,40"
5640053276,84,7,3,"78,20,152,83,87,61,94,12,103,86"
4166097247,85,11,2,"19,102,17,105,28,32,20,78,138,103"
4166859814,85,11,2,"6,3,18,13,131,10,44,17,12,11"
4166102053,85,11,2,"3,44,18,13,12,10,157,87,41,6"
4166104667,85,11,2,"152,229,222,228,86,70,211,81,13,171"
4166107197,85,11,2,"13,10,67,12,44,17,28,6,32,3"
4166111939,85,11,2,"205,172,56,33,7,84,171,36,128,262"
4166874166,85,11,2,"144,89,13,24,0,10,67,66,187,48"
4166120419,85,11,2,"6,87,12,61,18,11,156,44,28,17"
57947809,86,9,19,"257,208,48,196,209,206,166,207,10,290"
8479458343,87,0,2,"17,28,19,32,138,6,16,105,12,78"
8480550008,87,0,2,"28,17,103,99,105,19,32,102,38,138"
8479458101,87,0,2,"99,28,17,33,37,98,35,34,36,20"
8479458743,87,0,2,"17,19,28,102,105,37,56,32,138,34"
8479444591,87,0,2,"205,83,191,172,1,262,86,261,78,46"
8480546682,87,0,10,"217,0,48,47,144,13,10,64,129,2"
8480539780,87,0,10,"2,290,333,327,178,177,144,160,76,131"
8480539344,87,0,6,"76,17,71,77,28,26,33,78,20,79"
8480559012,87,0,0,"56,17,102,191,181,13,151,172,171,32"
3132487813,88,9,0,"13,44,67,0,91,38,70,87,42,32"
429804977,89,2,5,"17,33,149,190,76,70,28,89,34,31"
8410918392,90,0,3,"32,28,85,138,42,18,65,19,17,78"
6983709757,91,2,14,"0,48,122,84,254,13,70,46,129,313"
8559136563,91,2,7,"67,13,137,222,1,130,0,44,66,48"
8827661194,91,2,5,"56,99,102,261,172,14,55,37,17,205"
10201296996,91,2,5,"261,56,99,102,172,14,55,37,17,191"
8560721845,91,2,5,"121,241,261,95,338,281,239,119,36,56"
11620489615,92,7,3,"17,6,16,13,15,19,28,10,32,48"
5751043163,93,4,0,"99,35,38,37,28,55,181,17,174,103"
5750853813,93,4,0,"10,11,12,3,13,14,15,16,17,18"
5751443512,93,4,5,"42,149,336,79,85,3,228,44,78,71"
5750919869,93,4,3,"91,11,70,13,254,87,316,32,0,18"
5781956573,93,4,6,"83,86,93,76,212,88,72,247,20,74"
105588926,94,1,5,"17,123,34,102,19,33,37,103,28,35"
104318749,94,1,5,"123,17,21,33,19,55,174,39,102,38"
104319179,94,1,5,"17,28,14,37,35,11,33,103,38,12"
187986174,94,6,0,"55,35,38,110,106,28,138,37,17,16"
187986190,94,6,0,"13,66,0,51,69,67,48,70,258,141"
187984804,94,6,0,"131,70,13,85,73,10,16,69,17,44"
187984997,94,6,0,"14,11,12,137,156,17,123,67,249,10"
187985009,94,6,0,"17,28,27,55,38,31,100,35,288,19"
187985034,94,6,0,"174,179,180,176,76,79,175,270,177,171"
187985674,94,6,0,"99,35,37,28,38,55,17,181,103,34"
187985647,94,6,0,"35,99,37,38,28,55,17,174,34,181"
187985693,94,6,0,"28,17,37,35,21,55,99,103,181,102"
187984886,94,6,0,"181,32,11,102,17,103,12,55,204,13"
187984826,94,6,0,"10,67,13,19,6,17,38,32,103,11"
187984851,94,6,0,"10,13,67,6,17,15,19,12,32,103"
187984981,94,6,0,"11,14,156,12,123,103,102,19,13,139"
187984963,94,6,0,"67,13,10,11,12,48,6,137,14,32"
187985631,94,6,0,"17,21,112,35,38,20,108,11,181,55"
187985057,94,6,0,"67,13,44,0,137,10,1,3,48,21"
187985703,94,6,0,"35,38,17,55,123,28,19,103,37,174"
6044423668,95,6,9,"174,226,175,112,21,136,109,108,107,75"
6047949478,95,6,0,"83,76,86,72,247,88,89,231,94,23"
6047399393,95,6,0,"68,17,13,12,16,6,10,11,15,19"
6047401795,95,6,0,"151,252,153,21,72,247,31,20,86,78"
6047403453,95,6,0,"35,99,38,37,28,17,103,105,102,138"
6047404953,95,6,0,"99,35,28,37,38,98,36,102,262,138"
6047959256,95,6,0,"153,20,151,187,74,252,31,231,83,185"
6047408533,95,6,0,"99,35,188,76,72,33,55,28,37,17"
6047962934,95,6,0,"6,1,87,154,83,211,72,20,68,247"
6047412781,95,6,0,"122,84,13,59,160,6,46,0,60,3"
6047966894,95,6,0,"84,0,59,131,221,46,195,180,13,21"
6047416247,95,6,0,"0,84,195,59,91,13,221,46,220,10"
6047419267,95,6,0,"13,67,10,48,11,0,139,6,38,123"
6047974138,95,6,0,"13,48,67,0,70,141,6,66,56,222"
6047423435,95,6,0,"48,13,56,19,0,66,102,172,69,70"
6047978306,95,6,0,"13,10,124,67,12,3,17,222,16,211"
6047428257,95,6,0,"13,67,11,0,10,38,48,123,6,44"
6047430315,95,6,0,"67,1,13,6,19,111,48,66,69,127"
6047431985,95,6,0,"123,19,17,13,102,16,37,138,48,250"
6047986358,95,6,0,"19,48,102,13,56,67,123,171,0,139"
6047438383,95,6,0,"38,35,55,17,28,138,68,226,16,19"
6047993950,95,6,0,"13,211,66,67,1,48,0,70,91,222"
6047443777,95,6,0,"13,67,48,0,1,66,19,6,69,70"
6047446091,95,6,0,"55,106,110,156,95,38,217,123,35,12"
6047449447,95,6,0,"110,106,136,156,55,111,251,113,217,19"
6047453191,95,6,0,"110,156,106,95,111,113,38,137,12,35"
6048009072,95,6,0,"11,13,87,14,123,91,32,0,12,44"
6048013250,95,6,0,"6,11,12,67,14,10,32,13,18,19"
7666049102,96,8,15,"56,205,17,71,105,172,191,20,151,78"
7666050314,96,8,15,"17,28,19,32,38,105,6,35,13,102"
7666051950,96,8,15,"6,67,13,87,32,130,12,18,19,85"
7666053734,96,8,15,"67,13,139,85,10,137,68,48,11,302"
7666055602,96,8,15,"137,67,111,13,139,113,155,215,68,156"
7666057338,96,8,15,"28,38,103,102,105,37,17,33,35,36"
7666060504,96,8,13,"13,67,17,35,37,10,38,222,3,12"
7666062628,96,8,13,"13,67,51,66,199,48,175,201,69,39"
7666065478,96,8,13,"13,67,48,66,0,69,10,137,139,124"
7666067342,96,8,13,"17,38,28,35,19,55,105,32,13,102"
7666101934,96,8,5,"17,34,28,99,19,37,35,123,102,38"
6186422906,96,8,7,"57,94,83,36,84,25,62,113,172,20"
7666082496,96,8,7,"62,1,57,86,83,46,132,25,58,59"
7666083698,96,8,7,"61,271,221,58,25,167,64,165,40,43"
7666085988,96,8,7,"44,3,13,0,157,167,104,41,64,48"
7666087672,96,8,7,"13,44,161,3,142,10,47,40,165,68"
7666089662,96,8,7,"80,84,82,7,180,179,68,146,131,94"
7666097270,96,8,2,"28,17,105,103,32,19,102,38,78,44"
6186434542,96,8,2,"94,262,172,20,292,99,86,33,154,205"
7666092384,96,8,2,"28,205,17,56,48,32,11,19,44,105"
8566194412,97,1,4,"261,141,205,172,243,262,279,131,56,117"
8565102507,97,1,4,"3,10,44,18,6,13,42,68,15,87"
8566200384,97,1,4,"142,68,84,146,47,13,279,149,44,50"
8565105993,97,1,4,"18,15,258,87,3,44,13,32,130,41"
8565107963,97,1,4,"59,46,60,0,289,61,221,57,132,63"
8566205856,97,1,4,"4,271,22,129,52,0,43,337,220,80"
8566209588,97,1,4,"0,6,1,68,227,13,87,46,91,10"
8565116709,97,1,4,"6,11,87,25,1,14,83,20,12,24"
8565119885,97,1,4,"80,4,42,253,167,225,182,40,82,220"
8566221574,97,1,4,"161,47,162,163,4,164,165,166,167,168"
8566225714,97,1,16,"80,59,122,68,46,60,82,160,115,8"
8565132793,97,1,16,"8,80,131,60,59,4,47,46,63,44"
8565137987,97,1,16,"80,8,81,61,1,83,25,86,7,225"
8484023906,98,11,3,"17,102,28,105,19,56,99,71,37,55"
8482933143,98,11,3,"29,14,11,149,27,76,12,288,17,188"
8482934131,98,11,3,"13,44,70,18,87,48,73,69,32,227"
8484026730,98,11,3,"17,28,19,105,32,102,138,103,6,78"
6213449457,99,6,7,"57,62,135,170,46,86,213,60,80,244"
6213941270,99,6,2,"76,89,269,80,86,117,135,64,57,7"
1321821769,100,6,3,"174,26,71,200,17,20,79,11,188,191"
1321829103,100,6,3,"17,19,28,102,37,103,105,55,12,6"
1322727920,100,6,3,"91,152,20,151,228,87,78,153,29,35"
1322668438,100,6,3,"174,112,181,173,216,79,175,176,219,179"
1321756919,100,6,3,"174,181,178,79,179,216,175,173,180,112"
1322675326,100,6,3,"72,231,76,188,115,247,86,190,217,13"
1322679572,100,6,3,"72,188,181,174,76,247,96,86,154,94"
1321767249,100,6,3,"181,178,201,198,13,112,216,204,173,177"
1321797973,100,6,3,"173,181,174,176,79,55,175,112,189,216"
1322697504,100,6,10,"173,174,176,79,180,179,178,270,177,181"
1321815093,100,6,10,"174,179,79,180,176,177,178,26,175,270"
1335286318,100,8,2,"99,28,33,36,17,19,20,37,34,35"
1335302824,100,8,2,"29,27,11,14,123,38,32,12,44,87"
1335291614,100,8,2,"28,17,19,33,105,102,38,32,99,78"
1334426505,100,8,2,"102,19,105,28,17,32,103,33,37,56"
2240343346,101,10,3,"11,14,12,44,3,123,141,42,249,32"
2240338012,101,10,3,"12,11,14,17,27,3,32,156,29,123"
2239541691,101,10,3,"27,29,13,87,44,17,12,300,38,35"
2239567027,101,10,3,"156,137,11,12,67,13,181,139,21,155"
2239724569,101,10,3,"11,28,181,103,105,138,17,12,14,101"
9088084271,102,0,5,"17,34,28,35,37,19,33,16,99,55"
9090303152,102,0,2,"28,17,19,33,105,32,99,38,35,78"
9090302916,102,0,2,"56,174,191,172,241,281,48,263,112,84"
9090302550,102,0,2,"99,28,37,34,33,17,35,36,102,38"
9090302352,102,0,2,"190,94,88,84,76,33,112,169,96,175"
9090302018,102,0,2,"75,128,98,272,217,84,190,174,239,293"
9090301652,102,0,2,"14,12,67,257,233,24,90,11,157,48"
9757492195,103,11,16,"7,78,32,152,102,171,185,71,19,105"
9757261181,103,11,16,"25,6,36,70,38,28,205,128,83,94"
8484058690,104,11,3,"19,16,17,35,32,28,6,295,10,13"
8482973541,104,11,3,"79,176,179,180,181,175,17,270,55,174"
8484072968,104,0,0,"28,38,35,103,11,37,102,17,105,123"
8482982957,104,0,0,"117,66,13,67,140,222,18,86,48,44"
163302441,105,3,3,"67,66,13,111,222,110,1,156,137,68"
163305121,105,3,9,"311,301,239,116,152,191,263,98,56,261"
163305122,105,3,9,"226,16,257,138,221,149,17,55,250,7"
163305123,105,3,9,"149,138,70,250,32,42,269,39,273,285"
2797065788,106,7,1,"91,11,0,254,13,123,67,14,48,87"
2796325987,106,7,1,"44,3,48,87,42,13,11,171,32,18"
2796380937,106,7,1,"13,68,67,285,137,47,10,6,1,48"
3573184191,107,3,0,"35,99,38,28,17,37,55,19,123,102"
12981287354,108,1,3,"44,13,3,18,42,131,210,6,87,130"
13007748714,108,1,3,"13,17,32,38,28,44,35,138,19,3"
12758487303,108,1,3,"67,13,137,10,48,68,1,344,36,215"
12981010013,108,1,3,"99,28,17,19,37,98,102,138,6,34"
2124561916,109,7,10,"23,79,172,76,7,189,174,26,176,115"
2124570666,109,7,10,"115,23,172,174,189,122,79,26,76,160"
2124570756,109,7,10,"172,191,56,205,279,263,261,173,174,116"
2124561996,109,7,10,"172,191,205,56,279,261,263,116,262,20"
2123797695,109,7,10,"116,172,191,115,56,93,205,261,98,153"
2123789001,109,7,10,"116,172,205,191,56,261,98,93,153,115"
2123797785,109,7,10,"172,239,116,279,261,262,121,272,191,205"
2124562154,109,7,10,"116,239,172,262,152,261,205,269,272,20"
2123789207,109,7,10,"175,174,181,173,189,112,102,278,107,55"
2124571056,109,7,10,"174,175,173,189,112,181,107,216,179,232"
2124571140,109,7,10,"51,50,52,129,10,195,258,49,235,157"
2123789265,109,7,10,"51,258,187,141,49,48,0,10,220,195"
2124562424,109,7,17,"99,28,37,33,102,17,105,103,101,100"
2123798149,109,7,17,"99,28,33,37,102,17,105,103,100,101"
2123798237,109,7,17,"28,99,17,33,37,35,19,34,78,105"
2124562492,109,7,17,"28,99,17,33,37,35,19,78,32,34"
2124571390,109,7,17,"28,17,99,102,33,105,37,19,35,101"
2124562614,109,7,17,"28,99,102,17,33,37,105,19,35,71"
2123789609,109,7,17,"76,79,33,86,88,20,131,176,74,31"
2124571498,109,7,17,"76,79,33,131,88,86,176,20,31,34"
2124562780,109,7,17,"76,20,96,190,238,94,188,88,99,154"
2124571564,109,7,17,"76,20,96,190,188,238,174,88,99,94"
2124571664,109,7,17,"76,96,20,174,190,256,188,31,175,238"
2123789775,109,7,17,"76,20,96,23,190,94,238,31,26,188"
2123798687,109,7,17,"105,28,71,17,102,78,35,38,20,33"
2124562960,109,7,17,"105,28,71,17,102,78,20,35,76,38"
2123798777,109,7,17,"76,23,88,33,188,74,131,89,190,247"
2123789901,109,7,17,"76,23,88,131,74,33,188,89,190,247"
2124563122,109,7,17,"80,118,122,165,46,193,84,68,194,82"
2124571862,109,7,17,"80,118,122,165,46,193,114,82,68,142"
2124571940,109,7,17,"160,120,158,197,122,114,46,59,315,47"
2123790085,109,7,17,"160,120,122,197,59,46,158,115,47,114"
5722403122,110,3,12,"70,93,212,84,211,76,33,192,326,6"
5722408726,110,3,8,"234,55,98,149,19,68,223,33,138,28"
5721875151,110,3,2,"42,40,44,59,3,46,60,4,221,287"
5722447654,110,3,12,"257,0,331,211,330,208,91,255,117,130"
2211269151,111,0,4,"171,23,152,20,89,86,84,70,149,96"
2212061050,111,0,4,"86,32,28,58,11,6,24,93,154,211"
2211269555,111,0,4,"70,48,68,0,236,13,1,127,10,69"
2211269759,111,0,4,"70,131,77,91,73,84,48,227,316,222"
2211269919,111,0,4,"94,96,149,23,238,190,76,20,268,212"
87899635,112,11,13,"28,27,17,38,55,71,35,105,138,200"
87899782,112,11,13,"27,17,28,38,55,29,136,35,100,31"
87900055,112,11,13,"17,19,28,6,38,68,32,13,16,85"
87900126,112,11,13,"12,17,38,14,16,85,24,11,28,35"
87900282,112,11,13,"13,17,44,3,10,222,37,35,12,48"
87900332,112,11,13,"47,213,259,122,168,64,115,117,60,184"
87900377,112,11,13,"13,87,3,12,10,11,103,18,130,6"
87900435,112,11,13,"19,13,6,55,102,56,32,17,38,112"
87900478,112,11,13,"17,19,28,38,35,13,32,102,56,103"
87900523,112,11,13,"17,28,38,35,55,19,103,13,32,138"
87867753,112,11,9,"226,149,138,7,55,28,175,16,238,96"
87867841,112,11,9,"226,174,175,189,112,149,17,234,21,282"
87867943,112,11,9,"226,138,116,239,301,323,311,68,28,16"
87867957,112,11,9,"301,323,116,311,4,92,152,302,104,117"
91386936,112,11,13,"231,155,263,72,299,252,200,115,267,121"
88054591,112,11,3,"19,156,28,17,12,6,35,11,226,38"
88054632,112,11,3,"6,19,17,18,87,32,1,10,28,12"
88054767,112,11,3,"3,28,16,10,12,14,17,149,18,280"
88054816,112,11,3,"149,7,12,6,18,17,61,28,3,87"
88054838,112,11,3,"17,28,174,175,179,149,176,180,79,33"
88054873,112,11,3,"28,27,35,17,14,29,38,99,34,32"
88065283,112,11,3,"13,38,67,35,11,12,6,87,17,32"
88065347,112,11,3,"12,6,78,20,32,44,11,28,18,19"
88070891,112,11,3,"17,28,105,35,38,99,138,30,27,19"
88070933,112,11,3,"13,44,3,18,87,10,48,222,42,12"
88070987,112,11,3,"286,62,133,59,132,58,89,15,10,57"
88071021,112,11,3,"28,17,38,35,105,102,19,55,56,99"
88081329,112,11,3,"13,10,12,87,130,3,67,6,48,123"
88081427,112,11,3,"29,12,3,10,11,13,91,87,85,44"
88081465,112,11,3,"17,15,10,16,28,6,13,19,141,32"
88081527,112,11,3,"67,48,13,69,0,1,70,222,127,10"
88098427,112,11,2,"28,32,17,19,11,42,138,78,105,85"
88098474,112,11,2,"19,28,32,17,85,105,102,78,138,42"
88083325,112,11,2,"19,102,28,17,105,32,103,6,78,37"
3406435440,113,2,7,"1,6,25,61,46,44,128,59,13,160"
5824018571,113,5,2,"133,274,25,104,87,83,86,43,221,60"
5824019285,113,5,2,"47,259,64,162,213,168,244,184,329,60"
9217853292,114,6,13,"17,35,38,19,55,102,103,28,123,13"
9217871136,114,6,13,"108,151,181,203,198,173,247,201,188,153"
9231251364,114,6,3,"13,66,48,0,10,51,195,69,169,141"
9228520461,114,6,3,"13,11,10,0,87,12,3,32,103,18"
9231839408,114,6,13,"181,102,200,55,278,174,204,17,32,56"
755975542,115,4,2,"99,28,17,35,37,33,19,102,34,38"
196946495,115,4,3,"129,52,50,337,321,10,13,48,298,54"
196947500,115,4,3,"91,3,227,10,169,131,18,12,13,44"
196948494,115,4,3,"35,12,152,6,19,67,137,38,87,11"
755981464,115,4,8,"153,116,319,131,76,85,115,77,72,79"
198767023,115,4,8,"12,87,14,11,6,249,76,10,29,156"
755127745,115,4,8,"12,14,11,6,156,67,87,13,32,85"
8045165995,116,8,10,"115,297,122,116,65,163,117,200,252,63"
8045168461,116,8,10,"160,20,28,17,59,6,19,174,46,32"
8045170815,116,8,10,"174,181,173,175,178,216,176,112,189,188"
2602294846,117,7,7,"152,102,19,105,78,33,56,4,65,70"
2114603546,117,0,0,"11,67,19,13,6,103,12,10,123,32"
2113827265,117,0,0,"38,35,28,99,106,55,17,123,110,138"
2113827589,117,0,0,"13,10,19,67,17,12,6,11,32,3"
2113827911,117,0,0,"35,38,110,106,55,123,156,95,113,99"
2114678234,117,4,16,"94,154,1,0,299,89,83,84,140,86"
2479938961,117,10,2,"6,1,133,70,13,87,48,44,61,214"
2479939429,117,10,2,"46,60,0,62,59,170,57,135,61,132"
2480752154,117,0,2,"68,47,117,80,46,8,259,159,221,214"
2636453778,117,4,2,"300,259,133,135,4,46,47,60,44,170"
2636454110,117,4,2,"25,83,133,61,4,62,1,86,6,271"
3021859002,117,8,14,"102,17,37,55,99,35,28,103,181,19"
3034701042,117,10,2,"44,13,60,61,67,80,57,62,59,0"
3033863885,117,10,2,"25,61,4,3,348,44,62,1,60,135"
3226869571,118,0,3,"174,175,79,176,188,26,179,189,181,180"
3226870857,118,0,3,"13,67,11,156,6,68,111,19,113,110"
3227726126,118,0,3,"27,29,38,32,35,13,44,87,17,19"
3227727672,118,0,3,"13,6,3,44,18,10,67,19,12,38"
3226877083,118,0,3,"44,3,42,13,87,103,18,32,78,17"
3227944076,118,0,3,"28,17,105,181,103,35,78,38,138,32"
3227944990,118,0,3,"13,66,48,222,67,0,6,70,1,124"
3227099013,118,0,3,"181,19,177,71,178,173,102,174,79,56"
3227953826,118,0,3,"177,112,176,179,178,174,180,173,26,79"
3230734604,118,0,3,"6,67,87,44,12,28,157,61,11,32"
3243385126,118,0,5,"28,17,12,19,33,16,103,156,102,37"
3242553497,118,0,5,"12,156,11,17,123,19,103,14,28,13"
3243388654,118,0,15,"6,28,67,12,14,17,11,19,87,32"
3243389216,118,0,15,"11,67,12,156,123,14,137,13,19,103"
3242648915,118,0,15,"17,20,28,35,105,76,154,96,56,188"
3242649823,118,0,15,"67,13,48,10,68,137,0,3,44,15"
3242650591,118,0,15,"156,137,12,11,67,14,13,249,6,113"
3242651251,118,0,15,"19,110,66,195,217,0,6,111,55,156"
3242652153,118,0,15,"19,17,28,56,102,105,103,32,38,35"
