10457209566,0,9,0,"9,3,15,10"
10457230705,0,9,0,"3,1,9,10"
10457212254,0,9,1,"2,0,7,6"
10457234086,0,9,2,"1,10,3,41"
10457424463,0,9,2,"1,3,10,9"
10457557503,0,9,2,"9,3,1,10"
8655431797,1,2,0,"1,3,10,22"
8655431519,1,2,0,"1,3,9,12"
8655431217,1,2,0,"3,1,10,9"
8655430899,1,2,0,"1,12,13,2"
8655429225,1,2,0,"3,1,9,40"
8655429017,1,2,0,"1,3,10,14"
8655428709,1,2,0,"3,9,1,10"
8655428413,1,2,2,"1,3,10,9"
8656532618,1,2,2,"1,3,10,9"
8656532274,1,2,4,"3,1,9,39"
8656444951,1,2,5,"1,0,2,35"
8657550102,1,2,5,"1,0,2,3"
8656444509,1,2,5,"1,2,0,35"
5594442060,2,3,7,"9,3,1,10"
5605262602,2,3,1,"3,9,20,1"
8091888943,3,4,2,"3,9,1,15"
8091895016,3,4,2,"3,1,17,0"
8091889707,3,4,2,"3,9,1,10"
8091896034,3,4,9,"1,0,3,2"
13032566594,4,2,10,"1,0,2,7"
13032339143,4,2,10,"1,0,2,12"
13032344183,4,2,10,"1,2,0,3"
13032566884,4,2,10,"3,1,0,2"
13032344743,4,2,10,"3,1,11,6"
13032567314,4,2,10,"11,0,3,2"
13032202605,4,2,10,"2,0,26,20"
13032567724,4,2,10,"2,25,0,11"
13032560514,4,2,10,"0,2,7,6"
13502347425,4,2,5,"2,1,0,27"
13502348985,4,2,5,"2,1,0,4"
13502692624,4,2,5,"1,2,0,26"
13502445423,4,2,5,"1,2,0,4"
13502693184,4,2,5,"2,0,1,27"
13502349575,4,2,6,"2,1,0,4"
13502349605,4,2,6,"2,1,0,4"
13502693544,4,2,6,"1,2,0,35"
13502349855,4,2,6,"2,0,1,35"
13502690714,4,2,6,"2,0,1,4"
13502350115,4,2,6,"1,0,2,4"
13502446293,4,2,6,"2,1,0,27"
13502694284,4,2,5,"1,3,9,5"
13502442473,4,2,6,"0,1,2,27"
13502694334,4,2,6,"3,15,1,16"
13502694464,4,2,6,"3,9,1,24"
13502446943,4,2,6,"1,2,0,15"
13502447023,4,2,6,"2,0,1,18"
13502694754,4,2,6,"1,2,0,5"
13502694864,4,2,6,"2,0,1,18"
13502695014,4,2,6,"2,0,1,18"
13502695204,4,2,6,"2,0,1,18"
13502447593,4,2,6,"3,9,1,10"
13502351695,4,2,6,"3,1,9,10"
13502447753,4,2,6,"1,0,2,35"
13502346675,4,2,5,"1,3,0,5"
13502352055,4,2,5,"3,9,1,10"
13502692324,4,2,5,"1,0,3,35"
13502348575,4,2,5,"1,0,2,35"
13502692114,4,2,5,"1,2,0,5"
13502348275,4,2,5,"1,0,2,5"
13502691704,4,2,5,"1,3,9,5"
13502691194,4,2,5,"2,0,1,27"
13502443653,4,2,5,"3,1,9,10"
13502347505,4,2,5,"3,1,9,10"
13502443443,4,2,5,"1,2,0,4"
13502347265,4,2,5,"2,1,0,18"
13502347005,4,2,5,"2,0,1,35"
13502689614,4,2,5,"1,3,12,13"
14048515733,4,3,6,"2,0,1,4"
14048516233,4,3,6,"1,0,2,35"
14025316051,4,3,6,"2,1,0,18"
14005389106,4,3,5,"1,2,0,18"
14005389196,4,3,5,"1,2,0,18"
6001311842,5,7,2,"1,2,0,27"
6616994197,6,11,12,"3,1,10,9"
6616997441,6,11,12,"1,3,10,22"
6619897675,6,11,12,"1,2,0,18"
6619899599,6,11,12,"1,3,12,13"
6619939051,6,11,13,"3,1,9,10"
14009003964,6,3,0,"10,1,3,9"
14005362371,6,3,0,"3,9,1,34"
13990908556,6,3,12,"3,1,10,9"
14010827092,6,3,12,"3,1,10,9"
14034025453,6,3,12,"3,1,9,10"
14014026895,6,3,12,"3,1,9,10"
14034024753,6,3,12,"3,1,9,10"
14014026235,6,3,12,"3,1,24,10"
14014023645,6,3,7,"1,3,9,10"
14010822392,6,3,7,"3,1,9,15"
14010821922,6,3,7,"3,1,9,12"
14014022525,6,3,0,"3,1,10,9"
14010831381,6,3,0,"3,1,9,0"
14034017373,6,3,0,"3,1,10,9"
14014472224,6,3,0,"3,1,24,10"
14033998763,6,3,0,"3,10,1,9"
13990880706,6,3,0,"1,3,10,9"
14033997853,6,3,0,"3,9,1,17"
13990879356,6,3,0,"1,3,9,14"
14010797902,6,3,0,"1,11,3,6"
14014452354,6,3,0,"3,15,9,41"
14010796742,6,3,0,"3,1,10,9"
13990877896,6,3,0,"3,1,9,10"
14011115701,6,3,14,"0,2,20,26"
13991187346,6,3,14,"3,1,10,46"
14011116461,6,3,4,"2,0,1,26"
14034306743,6,3,4,"2,1,0,3"
14011120471,6,3,11,"2,0,1,11"
14034312933,6,3,12,"2,20,11,3"
14014316145,6,3,12,"3,6,11,7"
6003549533,7,6,12,"3,10,1,9"
6003549955,7,6,12,"3,9,10,1"
3678685434,8,5,9,"1,0,2,31"
3670952821,8,5,9,"3,1,9,10"
5211726517,9,10,1,"1,2,0,27"
5212326406,9,10,1,"2,0,1,4"
5211728405,9,10,1,"7,6,8,2"
5212328534,9,10,1,"3,1,2,9"
5212330426,9,10,1,"2,6,0,7"
5211731559,9,10,1,"3,10,1,9"
5211732067,9,10,1,"2,0,1,27"
5212332640,9,10,1,"1,3,2,0"
5211735645,9,10,1,"7,2,6,0"
5211737309,9,10,1,"7,6,3,1"
5211739269,9,10,1,"7,6,3,8"
5212340408,9,10,1,"3,7,6,8"
5212341760,9,10,1,"7,2,6,0"
5212344370,9,10,1,"3,1,0,7"
5212358906,9,10,1,"2,0,1,4"
5211760911,9,10,1,"1,2,0,31"
5212363670,9,10,1,"2,0,1,6"
5212364486,9,10,1,"2,1,0,7"
5212366032,9,10,1,"3,11,0,6"
5212367146,9,10,1,"1,2,7,12"
5211769377,9,10,1,"2,0,1,11"
2853076289,10,8,7,"9,1,43,3"
2859729527,10,8,1,"1,3,9,0"
2859730793,10,8,1,"3,1,9,0"
2859731817,10,8,1,"1,3,9,14"
2860559936,10,8,1,"3,1,0,15"
2860561400,10,8,1,"1,25,0,3"
2860562426,10,8,1,"3,9,1,10"
2860563212,10,8,1,"1,3,0,9"
2859737737,10,8,1,"1,3,9,10"
2859740751,10,8,1,"3,1,9,0"
2860569122,10,8,1,"1,3,0,19"
2860570794,10,8,1,"1,3,0,9"
2860572536,10,8,1,"0,1,2,11"
2860573910,10,8,1,"0,1,2,4"
2859748725,10,8,1,"0,25,2,11"
2860576936,10,8,1,"1,0,2,4"
2860578348,10,8,1,"1,0,2,4"
2859752207,10,8,1,"1,0,2,4"
2860580768,10,8,1,"1,0,3,2"
2860581812,10,8,1,"2,0,1,4"
2859756369,10,8,1,"1,0,2,4"
2859757477,10,8,1,"0,2,1,11"
2859758527,10,8,1,"0,2,1,26"
2860586490,10,8,1,"0,1,2,27"
2860587440,10,8,1,"1,3,9,0"
2860588826,10,8,1,"0,2,1,25"
2859762853,10,8,1,"0,1,2,6"
2859764111,10,8,1,"1,2,0,4"
2859766631,10,8,1,"1,0,2,3"
2860594778,10,8,1,"1,0,2,4"
2860595794,10,8,1,"0,1,2,3"
2859769545,10,8,1,"0,15,1,2"
2860597998,10,8,1,"0,2,1,4"
2859771587,10,8,1,"1,0,2,3"
2860600098,10,8,1,"0,2,1,4"
2859773959,10,8,1,"0,2,1,4"
2859775837,10,8,1,"1,0,2,4"
2860607658,10,8,1,"0,2,1,4"
2860608992,10,8,1,"0,2,25,11"
2860610626,10,8,1,"1,0,3,2"
2860611872,10,8,1,"1,3,0,25"
2860613002,10,8,1,"3,1,9,32"
2860614366,10,8,1,"1,3,9,5"
2860616196,10,8,1,"0,1,2,25"
2860617428,10,8,1,"3,1,9,0"
2859791453,10,8,1,"1,3,9,0"
2859792663,10,8,1,"1,0,2,3"
2860621668,10,8,1,"3,1,9,0"
2859795525,10,8,1,"0,1,2,25"
2860624434,10,8,1,"3,0,1,11"
2860625822,10,8,1,"3,1,9,17"
2860626878,10,8,1,"1,0,2,3"
2860627918,10,8,1,"0,2,1,4"
9439234640,11,3,3,"1,3,0,9"
9439234120,11,3,3,"1,3,9,0"
9439233668,11,3,3,"3,1,0,2"
9436452963,11,3,3,"1,3,0,11"
9439232666,11,3,3,"3,1,0,11"
9439232234,11,3,3,"1,0,3,22"
9436451591,11,3,3,"3,1,22,9"
9439231468,11,3,3,"1,0,22,2"
9436450427,11,3,3,"2,0,1,22"
9439230238,11,3,3,"1,3,9,22"
9439229754,11,3,3,"3,1,25,0"
9436449093,11,3,3,"1,3,22,9"
9436448697,11,3,3,"1,3,9,22"
9439228520,11,3,3,"1,0,3,2"
9439227974,11,3,3,"1,0,2,3"
9439227512,11,3,3,"1,3,0,10"
9439223100,11,3,12,"1,3,9,10"
9439222674,11,3,12,"1,3,9,10"
9436441951,11,3,12,"1,0,2,4"
9439474052,11,3,16,"3,9,1,10"
9436751937,11,3,16,"3,9,1,10"
9439371544,11,3,16,"3,9,1,10"
9436692737,11,3,16,"3,9,1,10"
9439370954,11,3,16,"3,9,1,10"
6274245293,12,9,6,"1,2,0,27"
113327395,13,9,6,"1,2,0,22"
113233722,13,3,2,"1,2,0,22"
113233743,13,3,2,"1,3,9,24"
113233756,13,3,2,"1,2,0,3"
113233809,13,3,2,"3,1,10,9"
113233835,13,3,2,"3,1,10,9"
113233862,13,3,2,"1,3,10,9"
2223428948,14,3,2,"1,3,9,10"
10786864783,15,9,11,"1,3,10,24"
6225544093,16,0,16,"1,3,0,2"
6225544653,16,0,16,"1,0,2,26"
6225544897,16,0,16,"1,0,2,3"
6225545191,16,0,16,"1,0,2,12"
6226064276,16,0,16,"1,0,2,22"
6225545749,16,0,16,"9,1,3,43"
6226065310,16,0,16,"1,3,0,2"
6226065758,16,0,16,"1,3,10,12"
6226066018,16,0,16,"1,3,10,9"
6226066672,16,0,16,"1,2,35,12"
9441102343,17,5,2,"0,2,1,4"
9441106365,17,5,2,"1,0,2,11"
9441110561,17,5,4,"0,2,1,11"
3451098894,18,3,12,"2,0,1,25"
3475585464,18,3,18,"3,1,9,10"
3475585814,18,3,18,"3,1,0,11"
3475586262,18,3,18,"3,1,0,11"
3460762142,18,3,1,"2,0,1,4"
6972404886,19,3,6,"1,2,0,27"
7158158250,19,3,1,"2,0,4,20"
3269984902,20,1,6,"3,6,7,8"
3269164213,20,1,6,"3,1,10,9"
3269984954,20,1,6,"3,9,1,20"
5825044501,21,5,1,"1,7,3,6"
5825046719,21,5,1,"2,0,1,4"
5825049051,21,5,1,"2,0,1,4"
5825611034,21,5,1,"0,2,1,25"
5825057017,21,5,6,"1,2,0,4"
5825059113,21,5,6,"1,3,9,10"
5825061291,21,5,6,"1,3,9,10"
5825622948,21,5,6,"3,1,16,15"
5825625032,21,5,6,"3,1,0,9"
5825626784,21,5,6,"3,10,9,1"
5173310889,22,10,19,"3,1,10,24"
5173290565,22,10,19,"3,9,10,1"
5541305391,22,2,19,"3,1,9,0"
5542380586,22,2,11,"1,3,12,13"
6228840712,22,9,19,"3,1,9,24"
6228844580,22,9,19,"3,9,1,32"
6228838384,22,9,19,"3,1,7,6"
6228842824,22,9,19,"3,9,1,14"
6228846788,22,9,19,"3,1,9,10"
6605221323,22,11,19,"3,1,32,0"
6605223167,22,11,19,"1,3,22,10"
6605225077,22,11,19,"3,1,9,22"
6656609381,22,0,9,"0,2,11,6"
6656567657,22,0,9,"2,0,1,4"
6656586173,22,0,9,"1,3,9,10"
6656574243,22,0,9,"3,1,9,41"
6656578761,22,0,9,"1,3,10,9"
6656592513,22,0,9,"10,1,3,9"
6656596069,22,0,9,"3,1,10,9"
6656598813,22,0,9,"3,9,10,1"
6656605085,22,0,9,"2,1,0,4"
6656608175,22,0,9,"3,1,0,10"
6656570617,22,0,9,"2,0,4,26"
6656551691,22,0,9,"3,9,1,10"
6656554505,22,0,9,"3,9,10,1"
6656556279,22,0,9,"3,9,10,1"
6656545989,22,0,9,"3,1,9,60"
6657404059,22,0,4,"3,1,9,22"
6657406863,22,0,4,"1,3,9,40"
6835256149,22,0,2,"3,1,9,10"
6835251341,22,0,2,"2,0,1,27"
6835258413,22,0,2,"1,3,12,13"
6835261937,22,0,2,"1,3,2,0"
6835265405,22,0,2,"1,3,10,9"
6835267735,22,0,2,"3,1,9,0"
6835271075,22,0,2,"1,3,10,0"
6835273989,22,0,2,"1,3,10,9"
6835276367,22,0,2,"3,1,10,24"
6835278367,22,0,2,"3,9,1,10"
6835282805,22,0,2,"1,3,0,12"
6835287131,22,0,2,"1,3,0,9"
6835253363,22,0,2,"1,0,2,5"
6835280529,22,0,2,"1,3,0,2"
6835289309,22,0,2,"3,1,9,10"
6835291895,22,0,2,"3,9,1,10"
6835294385,22,0,2,"3,9,1,10"
6835296825,22,0,2,"1,3,9,40"
6835299421,22,0,4,"3,9,1,24"
6835303077,22,0,2,"3,1,9,24"
6901662519,22,1,9,"1,0,2,3"
6901663133,22,1,9,"9,10,1,3"
6901665583,22,1,9,"3,1,9,10"
6901667055,22,1,9,"3,1,9,10"
6901668729,22,1,9,"3,1,33,0"
6901670665,22,1,9,"1,3,10,41"
6901691007,22,1,9,"3,9,10,1"
6901689367,22,1,9,"3,1,9,10"
6805237500,22,2,19,"3,9,1,17"
6805238230,22,2,19,"3,9,1,17"
6888302970,22,3,9,"3,9,1,10"
7056702673,22,3,9,"1,2,0,12"
6927596126,22,3,9,"3,1,0,12"
7112724035,22,3,9,"3,1,9,10"
6966651860,22,3,9,"1,0,2,31"
7112732407,22,3,9,"3,1,9,36"
6966661366,22,3,9,"3,1,10,36"
7112744387,22,3,9,"11,6,8,0"
7112753947,22,3,9,"1,0,2,31"
7112755521,22,3,9,"3,9,1,10"
6966674808,22,3,9,"3,36,1,24"
7168707817,22,5,9,"7,6,8,2"
7353918616,22,5,9,"0,1,2,4"
7812455768,22,7,1,"1,0,2,31"
7812456448,22,7,1,"1,0,2,31"
7961917396,22,8,9,"1,0,2,3"
7961915540,22,8,9,"3,1,9,10"
5627184167,23,3,2,"3,1,9,10"
3520200191,24,3,3,"2,0,1,26"
3520200981,24,3,3,"2,1,0,4"
3521013302,24,3,3,"1,3,9,43"
3520202513,24,3,3,"2,0,26,1"
3520203173,24,3,3,"2,0,26,1"
3520203693,24,3,3,"2,1,0,22"
3521015914,24,3,3,"2,0,26,4"
3520204957,24,3,3,"2,0,26,20"
3521017040,24,3,3,"2,0,26,4"
3521017564,24,3,3,"2,0,26,27"
3521018116,24,3,3,"2,26,0,29"
3521018882,24,3,3,"1,2,0,22"
3520208021,24,3,3,"2,0,1,26"
3521020684,24,3,3,"2,0,1,22"
3520209833,24,3,3,"2,0,1,22"
3520208619,24,3,3,"2,0,1,26"
3520210459,24,3,3,"2,1,0,22"
3520211119,24,3,3,"1,2,0,22"
3528090103,25,4,0,"1,3,10,0"
8530482929,26,0,12,"9,3,10,1"
2757043926,27,4,6,"3,9,1,10"
7072601667,28,3,1,"1,2,0,4"
7072602789,28,3,1,"1,0,2,4"
7072604485,28,3,1,"0,2,1,25"
7072606341,28,3,1,"2,0,1,4"
6926531310,28,3,1,"0,2,1,4"
7070339361,28,3,1,"7,6,11,8"
7072611145,28,3,1,"3,1,0,51"
6926535638,28,3,1,"1,0,2,3"
7072614121,28,3,1,"0,1,2,12"
6926538140,28,3,1,"3,1,7,6"
6926539220,28,3,1,"0,2,1,27"
6926540584,28,3,1,"1,0,2,27"
6926542250,28,3,1,"1,2,0,4"
7070340629,28,3,1,"1,0,2,3"
6926543284,28,3,1,"1,2,0,27"
7072622077,28,3,1,"0,2,1,25"
6924261588,28,3,1,"1,0,3,6"
7072623139,28,3,1,"3,1,10,9"
7072624477,28,3,1,"0,2,11,6"
6926548620,28,3,1,"0,2,11,25"
6926549772,28,3,1,"0,1,2,25"
7072628087,28,3,1,"3,1,10,9"
6926552418,28,3,1,"0,1,2,3"
6926553982,28,3,1,"1,0,3,5"
7072632975,28,3,1,"1,0,2,4"
6926557258,28,3,1,"1,0,3,9"
7072636185,28,3,1,"1,0,25,48"
7072637263,28,3,1,"3,9,1,10"
6924262618,28,3,1,"0,2,1,25"
7072638539,28,3,1,"3,1,9,10"
7070343607,28,3,1,"3,0,2,1"
6926562910,28,3,1,"3,9,10,1"
7070344533,28,3,1,"2,0,1,26"
7070345723,28,3,1,"3,1,2,0"
6924267130,28,3,1,"1,3,2,0"
6924268282,28,3,1,"0,2,11,25"
7072641537,28,3,1,"3,1,10,9"
6926565880,28,3,1,"3,1,9,10"
6926567294,28,3,1,"3,9,10,1"
6926568812,28,3,1,"3,1,0,2"
6924269106,28,3,1,"2,0,11,6"
7070350015,28,3,1,"2,0,11,25"
7072647317,28,3,1,"9,3,10,1"
6924271706,28,3,1,"2,0,25,11"
7812437350,29,7,17,"9,3,10,1"
8058462466,29,9,17,"3,9,10,1"
8212221087,29,10,1,"0,1,2,4"
8212244043,29,10,1,"0,2,26,1"
5142213263,30,10,14,"1,2,0,4"
5142354929,30,10,2,"2,0,7,6"
5142959050,30,10,2,"2,0,7,6"
5142191139,30,10,4,"3,11,6,25"
5142694296,30,10,4,"2,0,1,4"
5142191603,30,10,4,"3,1,2,0"
5142192487,30,10,4,"3,1,9,39"
5142193095,30,10,4,"3,7,6,11"
5142194297,30,10,4,"6,11,7,0"
5142195347,30,10,4,"6,7,11,8"
5142195895,30,10,4,"7,6,2,8"
5142196543,30,10,4,"1,3,0,2"
5142197401,30,10,4,"3,0,1,2"
5142802040,30,10,4,"3,1,9,0"
5142695438,30,10,2,"1,2,0,22"
5334917050,30,0,3,"1,25,2,0"
6308588716,30,10,8,"2,0,1,4"
6308068257,30,10,8,"1,2,0,7"
6308061153,30,10,8,"11,3,6,25"
6308061453,30,10,8,"1,3,0,11"
6308144746,30,10,8,"3,1,9,33"
6308189730,30,10,8,"3,9,20,10"
2518664298,31,4,20,"1,3,10,9"
2517845479,31,4,20,"1,3,10,9"
2560699215,31,5,8,"1,0,2,4"
2561521836,31,5,8,"1,2,0,3"
2959678807,31,9,8,"1,0,2,12"
3163514360,31,0,21,"1,0,2,41"
5306920156,32,11,15,"1,0,2,3"
5306330761,32,11,15,"1,3,0,10"
5306923466,32,11,15,"1,0,2,4"
5306925072,32,11,15,"1,0,2,4"
5306926600,32,11,15,"0,1,2,4"
5306927876,32,11,15,"1,3,9,12"
5306338277,32,11,15,"2,0,1,4"
5306931226,32,11,15,"1,0,2,3"
5306933370,32,11,15,"1,3,0,2"
5306343159,32,11,15,"1,3,10,9"
5306344805,32,11,15,"2,0,11,6"
5306347775,32,11,15,"1,0,30,3"
5306349649,32,11,15,"2,1,0,4"
5306350773,32,11,15,"1,12,3,13"
5306352245,32,11,15,"3,1,0,7"
5306945210,32,11,15,"1,3,10,9"
5306946208,32,11,15,"1,3,2,0"
5306947546,32,11,15,"1,2,0,3"
5306948736,32,11,15,"1,2,0,31"
5306358121,32,11,15,"1,2,0,22"
5306359263,32,11,15,"1,2,22,0"
5306951998,32,11,15,"1,2,22,0"
2379461395,33,2,5,"2,0,1,4"
2379461543,33,2,5,"1,2,0,35"
2379461695,33,2,5,"1,2,0,12"
2380298636,33,2,5,"3,9,1,10"
2380298760,33,2,6,"1,2,0,4"
2379462107,33,2,6,"1,2,0,13"
2380299150,33,2,6,"1,3,10,9"
2380299334,33,2,6,"2,1,0,4"
2379462709,33,2,6,"2,1,0,26"
2379462847,33,2,6,"1,2,0,35"
2380299818,33,2,6,"3,9,1,10"
2379463095,33,2,6,"1,3,9,35"
2380300088,33,2,6,"3,11,6,20"
2379463427,33,2,6,"3,1,36,20"
2380300382,33,2,6,"3,11,25,6"
2379463765,33,2,6,"3,9,11,6"
2379463897,33,2,6,"2,1,0,3"
2380310748,33,2,6,"3,10,1,9"
5914870638,34,6,0,"3,1,9,10"
2128402684,35,10,1,"3,9,1,10"
2068252693,35,10,3,"1,0,2,3"
2069053196,35,10,3,"1,2,0,22"
2069056262,35,10,3,"1,2,0,22"
2092871216,35,10,3,"3,9,1,10"
2068264995,35,10,3,"2,0,1,26"
2353885993,36,2,16,"1,3,22,2"
2354716362,36,2,16,"3,1,9,10"
2354717198,36,2,16,"3,1,9,10"
2354714674,36,2,16,"3,10,9,1"
2353885195,36,2,16,"3,9,1,10"
2354717884,36,2,12,"3,9,10,1"
2354719646,36,2,12,"3,1,10,9"
2353890265,36,2,0,"9,10,3,1"
2353894143,36,2,5,"2,0,1,4"
2353894739,36,2,5,"0,2,1,27"
2353895189,36,2,6,"3,6,11,8"
2354728608,36,2,6,"3,1,9,10"
2354725734,36,2,6,"3,18,21,28"
2354726366,36,2,6,"3,1,0,39"
2353935697,36,2,6,"3,9,1,51"
2353897337,36,2,6,"3,9,10,15"
2353898137,36,2,6,"3,9,10,1"
2353899447,36,2,6,"3,9,10,1"
2354729956,36,2,6,"3,9,1,10"
2354730696,36,2,6,"3,9,10,1"
5062301579,37,8,1,"2,0,6,11"
5062301913,37,8,1,"2,0,4,1"
10529523064,38,9,15,"3,9,1,10"
7501155728,39,6,3,"3,1,9,10"
6627056651,40,11,5,"1,3,0,2"
6627058097,40,11,5,"1,3,9,39"
6627060037,40,11,5,"3,1,9,10"
6627062403,40,11,5,"3,1,9,10"
6627063789,40,11,6,"2,0,18,29"
6627065103,40,11,6,"3,1,9,38"
6627066221,40,11,6,"3,9,1,10"
6627067503,40,11,6,"3,9,20,10"
6627068871,40,11,6,"2,0,33,3"
6627070155,40,11,6,"3,9,10,1"
6627071381,40,11,6,"11,3,6,0"
6627073061,40,11,6,"3,11,25,6"
6627074497,40,11,6,"3,1,2,0"
6627076119,40,11,6,"3,9,20,23"
6627077059,40,11,6,"10,3,1,9"
6627078145,40,11,6,"3,9,10,16"
6627079509,40,11,6,"3,9,1,10"
6627080877,40,11,6,"3,10,9,20"
6627083191,40,11,6,"3,1,20,10"
6627084519,40,11,6,"3,20,11,23"
6627085931,40,11,6,"0,2,3,20"
6627087359,40,11,6,"3,9,15,10"
6627090713,40,11,6,"3,20,9,11"
6627092225,40,11,6,"3,1,9,10"
6627094003,40,11,6,"3,1,2,6"
6627096071,40,11,6,"3,1,10,9"
6627098155,40,11,6,"3,1,11,25"
10954702974,41,10,3,"9,3,15,1"
8711162218,42,2,3,"2,0,1,26"
4011715327,43,9,1,"7,6,0,8"
4011717397,43,9,1,"3,1,57,9"
4014101464,43,9,1,"2,0,6,7"
4014103424,43,9,1,"9,3,1,10"
4014103062,43,9,1,"2,0,1,4"
4013338671,43,9,6,"1,2,0,4"
4018741223,43,9,6,"3,6,7,11"
4018744061,43,9,6,"3,2,0,11"
4019509130,43,9,6,"3,9,10,1"
9525096726,44,4,7,"1,3,12,13"
9525085728,44,4,0,"1,2,0,4"
9522300193,44,4,12,"1,2,0,3"
9522298081,44,4,12,"1,3,2,12"
9525082060,44,4,12,"3,9,1,10"
9522283675,44,4,1,"2,0,1,4"
9522282899,44,4,1,"2,1,0,27"
9525053858,44,4,12,"3,1,9,24"
9525053116,44,4,12,"3,1,9,10"
9525052090,44,4,12,"3,1,9,10"
9533382761,44,4,2,"1,0,2,27"
9533381671,44,4,2,"1,0,2,3"
9533380977,44,4,2,"9,3,10,1"
9536166102,44,4,2,"3,9,34,1"
9536165372,44,4,2,"3,9,10,1"
9536164650,44,4,2,"3,9,10,41"
9533377601,44,4,2,"3,10,9,1"
9536163582,44,4,2,"1,2,3,12"
9533376431,44,4,2,"1,12,3,13"
5171774719,45,10,7,"3,1,0,2"
5173708928,45,10,0,"3,1,9,10"
5287643560,45,11,8,"10,3,1,9"
5287647256,45,11,8,"1,2,10,22"
5288920539,45,11,6,"9,3,10,1"
5291745046,45,11,0,"3,9,1,15"
5292555226,45,11,20,"3,9,20,10"
5496739526,45,2,22,"10,9,3,1"
5496305635,45,2,22,"3,1,9,10"
5501352383,45,2,7,"10,3,1,9"
5969019832,45,6,19,"1,3,9,10"
5969702968,45,6,19,"3,9,10,1"
5974130024,45,6,19,"3,10,9,1"
5974137640,45,6,19,"1,3,10,9"
6016906562,45,7,12,"1,3,10,9"
6088160199,45,7,1,"1,10,3,9"
6161434789,45,8,14,"3,9,10,1"
6161520377,45,8,14,"3,1,9,39"
6174679784,45,8,8,"3,1,9,36"
6202184211,45,9,9,"3,9,1,10"
6202737514,45,9,9,"1,0,2,4"
6202751012,45,9,9,"3,9,10,1"
6202797994,45,9,9,"3,9,1,0"
6217583050,45,9,0,"1,3,9,5"
6224954669,45,9,0,"3,1,9,10"
6224961215,45,9,0,"3,1,9,10"
6271466694,45,9,8,"1,2,0,18"
6270952095,45,9,8,"3,1,9,10"
6271486906,45,9,8,"10,1,3,9"
6270964355,45,9,8,"1,3,0,5"
6282441647,45,9,8,"1,2,0,22"
6291063864,45,9,19,"3,1,10,9"
6290572663,45,9,19,"3,10,1,9"
6361667017,45,10,16,"3,9,10,1"
6404331505,45,10,22,"3,9,1,10"
6404363945,45,10,22,"3,20,2,7"
6404438835,45,10,22,"3,9,10,1"
6525293091,45,11,16,"3,9,1,10"
6529936913,45,11,8,"10,3,1,9"
6562775639,45,11,0,"3,10,9,1"
6562827419,45,11,12,"3,9,1,10"
6562864519,45,11,12,"3,9,1,10"
6562934107,45,11,0,"1,3,10,9"
6607294629,45,0,19,"3,1,10,7"
10956433675,46,10,1,"3,9,1,10"
10956453955,46,10,1,"3,1,11,20"
10960121434,46,10,0,"10,3,1,9"
10961065846,46,10,0,"3,1,9,10"
10961299033,46,10,0,"3,1,9,10"
10973715655,46,10,0,"3,9,10,1"
5936319837,47,9,3,"2,1,0,22"
8103053166,48,3,19,"1,0,2,22"
8103053698,48,3,19,"3,9,1,10"
8103054366,48,3,19,"1,0,2,4"
8103040953,48,3,19,"2,0,1,27"
8103055396,48,3,19,"1,0,2,25"
8103056210,48,3,19,"3,1,9,10"
8103042845,48,3,19,"3,1,9,10"
8103043591,48,3,19,"1,10,3,9"
8103044169,48,3,19,"1,3,22,9"
8103044883,48,3,19,"3,1,9,10"
8103049891,48,3,1,"2,0,1,20"
8103050373,48,3,1,"1,2,0,25"
8103035425,48,3,14,"3,1,9,0"
8103034073,48,3,14,"3,9,1,10"
5490307743,49,2,20,"1,3,9,0"
5490906698,49,2,20,"1,3,0,2"
5490331693,49,2,20,"1,3,9,55"
3257754822,50,0,6,"1,0,2,4"
3257755608,50,0,6,"3,25,11,9"
3256927601,50,0,6,"3,1,9,64"
3257757176,50,0,6,"2,0,11,25"
3256929051,50,0,6,"3,9,10,1"
3256929647,50,0,6,"3,23,9,1"
3256930243,50,0,6,"3,9,10,1"
5016811672,51,8,0,"3,1,9,10"
5322812707,51,0,19,"3,9,10,1"
8177187551,52,10,1,"1,3,9,10"
8177209127,52,10,1,"2,0,20,18"
8177272936,52,10,1,"1,3,9,14"
8177312634,52,10,1,"2,1,0,4"
8177286741,52,10,1,"2,0,11,20"
7077103313,53,3,22,"3,9,1,10"
3515016259,54,2,6,"1,3,9,0"
4011740122,54,7,0,"9,3,10,1"
4010974829,54,7,0,"3,9,1,10"
4011740890,54,7,0,"3,10,1,9"
4010975519,54,7,0,"3,10,1,9"
3823070098,54,7,0,"3,9,10,1"
4011742442,54,7,22,"3,1,9,34"
4010977239,54,7,22,"3,9,1,34"
4011019237,54,7,16,"3,10,9,1"
4011019887,54,7,16,"1,10,2,0"
5282193739,54,11,8,"1,3,9,10"
5281515803,54,11,1,"3,1,9,10"
5283373338,54,11,8,"1,2,35,10"
5282773921,54,11,8,"1,2,35,12"
3227940185,55,0,6,"3,9,1,39"
3227952733,55,0,6,"3,1,9,10"
3234111574,55,0,6,"3,10,1,20"
3231462666,55,0,6,"3,9,10,1"
3231468956,55,0,6,"3,20,10,1"
3230603081,55,0,6,"3,10,9,1"
3234113340,55,0,6,"2,20,3,10"
3234115380,55,0,6,"3,10,20,1"
5333972440,55,0,6,"3,9,10,1"
5333377089,55,0,6,"3,1,10,9"
5324092263,55,0,6,"3,10,1,9"
4333279897,56,4,2,"9,3,1,10"
9075056746,57,5,11,"3,9,1,10"
9267112812,57,5,11,"3,1,10,9"
1580243075,58,8,5,"2,0,1,4"
1581147728,58,8,5,"1,2,0,4"
1581152138,58,8,6,"3,10,9,1"
1580272031,58,8,6,"3,10,9,1"
1581175224,58,8,6,"3,9,1,10"
1580288121,58,8,6,"3,1,10,9"
1580295563,58,8,6,"3,20,6,8"
512110525,59,4,8,"1,2,0,12"
531329867,59,5,0,"3,9,1,10"
3133064916,60,9,5,"1,3,10,9"
3134399041,60,9,6,"3,1,9,17"
3135228190,60,9,6,"1,3,10,9"
3138015230,60,9,6,"1,3,10,9"
3138015238,60,9,6,"3,10,9,1"
3140132131,60,9,6,"3,7,2,6"
3140128059,60,9,6,"3,9,10,1"
3143977296,60,9,6,"20,3,0,29"
3143971484,60,9,6,"3,10,9,1"
3144563819,60,9,6,"3,10,9,1"
3145305920,60,9,6,"3,20,23,18"
4504353865,61,3,11,"3,1,10,9"
4504356069,61,3,11,"1,3,12,13"
154881421,62,3,12,"3,9,10,1"
141755431,62,2,6,"1,3,9,10"
143374464,62,2,6,"9,1,3,43"
142824930,62,2,6,"1,9,3,10"
145631189,62,2,5,"1,10,3,2"
148209260,62,2,5,"3,1,10,9"
3751656475,63,7,1,"1,2,0,7"
3752448730,63,7,12,"3,9,10,1"
12032354203,64,11,16,"3,9,1,10"
12032444964,64,11,16,"3,9,1,10"
12052643716,64,11,1,"3,9,1,34"
12052644346,64,11,1,"2,7,6,0"
12051790535,64,11,1,"2,0,6,7"
12051791825,64,11,1,"2,0,6,7"
12052646456,64,11,1,"2,0,1,12"
12051791245,64,11,1,"2,0,1,4"
12052645976,64,11,1,"2,0,1,27"
12052647036,64,11,1,"3,9,1,15"
4829407001,65,6,23,"1,0,2,5"
4830049130,65,6,23,"1,2,0,35"
5150767940,66,10,1,"0,2,1,20"
5150772786,66,10,1,"3,1,9,10"
6241579685,66,9,0,"1,3,0,2"
6242185238,66,9,0,"3,1,9,10"
2589380207,67,4,12,"1,35,18,5"
5638056106,67,4,12,"1,35,18,5"
2589382825,67,4,12,"3,1,10,9"
5638064986,67,4,12,"3,1,10,9"
5637489577,67,4,12,"3,1,10,9"
2589383301,67,4,12,"3,1,10,9"
5637490355,67,4,12,"3,1,10,9"
2589383643,67,4,12,"3,1,10,9"
5638067184,67,4,12,"1,3,10,24"
2589383847,67,4,12,"1,3,10,24"
2589385037,67,4,12,"1,3,10,9"
5638070560,67,4,12,"1,3,10,9"
5641205540,67,4,15,"1,0,2,3"
2592340209,67,4,15,"1,0,2,3"
2592340487,67,4,15,"1,3,12,0"
5640635557,67,4,15,"1,3,12,0"
2592343419,67,4,15,"1,12,13,3"
5640642269,67,4,15,"1,12,13,3"
2593181906,67,4,15,"1,3,9,41"
5640643033,67,4,15,"1,3,9,41"
2593182404,67,4,15,"1,3,9,10"
5641213792,67,4,15,"1,3,9,10"
2592344829,67,4,15,"1,2,0,4"
5641214332,67,4,15,"1,2,0,4"
5641214902,67,4,15,"1,3,0,2"
2592345571,67,4,15,"1,3,10,0"
2593183880,67,4,15,"1,3,22,0"
5641215426,67,4,15,"1,3,22,0"
5640645893,67,4,15,"1,0,2,4"
2592346297,67,4,15,"1,0,2,4"
5641217652,67,4,15,"3,1,9,10"
2593184678,67,4,15,"3,1,9,10"
2593185026,67,4,15,"3,1,9,15"
5641218356,67,4,15,"3,1,9,15"
2592347377,67,4,15,"3,1,15,22"
5641218896,67,4,15,"3,1,15,22"
2593185976,67,4,15,"3,1,0,2"
5641219392,67,4,15,"3,1,0,2"
2593186420,67,4,15,"3,1,22,9"
5640649875,67,4,15,"3,1,22,12"
2592348933,67,4,15,"3,1,9,40"
5640650545,67,4,15,"3,1,9,40"
5641221582,67,4,15,"3,1,9,22"
2592349397,67,4,15,"3,1,9,22"
2593187692,67,4,15,"3,1,9,10"
5641223482,67,4,15,"3,1,9,10"
5641224034,67,4,15,"3,1,9,10"
2592350077,67,4,15,"3,1,9,10"
2593188450,67,4,15,"3,1,9,10"
5640654539,67,4,15,"3,1,9,10"
5641225210,67,4,15,"3,1,9,10"
2593188698,67,4,15,"3,1,9,10"
5641225732,67,4,15,"1,2,0,4"
2592351209,67,4,15,"1,2,0,4"
5640656575,67,4,15,"3,1,9,0"
2592351431,67,4,15,"3,1,9,0"
2593189682,67,4,15,"1,3,2,0"
5640658045,67,4,15,"1,3,2,0"
2593189888,67,4,15,"1,2,0,12"
5641228638,67,4,15,"1,2,0,12"
5640671523,67,4,15,"3,1,10,9"
2592352083,67,4,15,"3,1,10,9"
2592352237,67,4,15,"1,3,0,2"
5640671985,67,4,15,"1,3,0,2"
5640672761,67,4,15,"3,1,0,2"
2592352569,67,4,15,"3,1,0,2"
2593191030,67,4,15,"3,1,9,10"
5640673177,67,4,15,"3,1,9,10"
2593191316,67,4,15,"3,1,9,10"
5641243994,67,4,15,"1,3,9,10"
5640674483,67,4,15,"1,2,0,4"
2593191580,67,4,15,"1,2,0,4"
5640674963,67,4,15,"3,1,9,10"
2592353539,67,4,15,"3,1,9,10"
2592353849,67,4,15,"1,3,12,0"
5640675467,67,4,15,"1,3,12,0"
5641246358,67,4,15,"3,1,12,13"
2592354049,67,4,15,"3,1,12,13"
5641246866,67,4,15,"1,3,10,2"
2593192634,67,4,15,"1,3,10,2"
5641247456,67,4,15,"1,3,9,10"
2592354473,67,4,15,"1,3,9,10"
5640678727,67,4,15,"1,2,0,4"
2592354695,67,4,15,"1,2,0,4"
5641249730,67,4,15,"3,1,2,0"
2592354903,67,4,15,"3,1,2,0"
5641250234,67,4,15,"3,1,9,12"
2593193654,67,4,15,"3,1,9,12"
5641250768,67,4,15,"3,1,41,15"
2593194046,67,4,15,"3,1,41,15"
5641251340,67,4,15,"1,3,9,17"
2592355839,67,4,15,"1,3,9,17"
5641251770,67,4,15,"1,3,10,9"
2593194414,67,4,15,"1,3,10,9"
4499491171,68,3,20,"1,3,10,22"
7077542361,69,3,7,"9,3,10,1"
6931518134,69,3,7,"9,3,10,1"
8414815482,69,3,7,"9,3,1,14"
8468647933,69,8,0,"9,3,1,10"
8477969172,69,11,7,"10,1,3,2"
8476867709,69,11,7,"1,3,10,2"
8453590956,69,0,2,"3,9,1,10"
8452500189,69,0,2,"1,10,3,9"
8453592438,69,0,2,"1,2,10,9"
8452501721,69,0,2,"1,2,10,9"
8455091570,69,0,2,"1,2,5,10"
8453594056,69,0,2,"1,2,10,15"
8453596756,69,0,2,"1,2,10,3"
8452506999,69,0,2,"1,2,10,0"
8452507717,69,0,2,"1,3,9,10"
8453599890,69,0,2,"1,9,10,3"
6220220838,70,9,0,"3,1,9,6"
6220221786,70,9,0,"3,1,9,10"
6220222554,70,9,0,"3,1,9,15"
6220223392,70,9,0,"3,1,9,6"
6220224346,70,9,0,"3,1,9,10"
6295441333,70,9,8,"2,1,0,26"
6295977478,70,9,8,"1,10,3,2"
6295982180,70,9,8,"10,1,3,2"
6295985878,70,9,8,"1,10,2,3"
6295463011,70,9,8,"1,3,10,9"
6295999298,70,9,8,"1,3,10,2"
6295474549,70,9,8,"1,10,3,9"
6295496217,70,9,8,"1,10,3,2"
6296018850,70,9,8,"3,1,10,9"
6296041138,70,9,8,"1,10,3,9"
6295511483,70,9,8,"1,10,3,9"
6295534211,70,9,8,"1,3,10,9"
6295537241,70,9,8,"3,9,10,1"
6295542043,70,9,8,"3,9,10,1"
6296077110,70,9,8,"3,1,9,10"
6295551365,70,9,8,"1,3,10,9"
6296087050,70,9,8,"3,10,1,9"
6296092648,70,9,8,"3,10,1,9"
8742594236,70,3,14,"0,2,7,6"
8741477167,70,3,14,"3,0,2,20"
8741475145,70,3,14,"2,0,1,4"
8741474435,70,3,14,"0,2,7,6"
8741473415,70,3,14,"0,2,1,25"
8741472833,70,3,14,"3,1,7,0"
8742587772,70,3,14,"0,2,11,3"
8741471109,70,3,14,"3,0,1,51"
8741470353,70,3,14,"3,7,0,20"
8741469849,70,3,14,"3,1,9,39"
8741468743,70,3,14,"3,1,39,0"
8741467247,70,3,14,"2,0,1,7"
8741466559,70,3,14,"0,2,1,25"
8741465447,70,3,14,"2,0,1,7"
8719766606,71,3,9,"3,9,1,22"
8719766248,71,3,9,"1,2,0,4"
8718645835,71,3,1,"2,0,1,4"
8718643753,71,3,6,"11,2,3,25"
8719762774,71,3,6,"3,20,10,9"
8719762298,71,3,6,"3,10,9,20"
11221974786,72,10,0,"1,12,3,10"
11221974206,72,10,0,"1,3,10,9"
11221954065,72,10,0,"10,3,9,1"
11221972956,72,10,0,"10,1,3,9"
11221953174,72,10,0,"1,3,10,9"
11221971806,72,10,0,"3,1,9,10"
11221952065,72,10,0,"3,1,10,9"
11221971036,72,10,0,"1,3,10,9"
8363295521,73,11,12,"3,1,10,9"
8363296567,73,11,0,"3,9,1,10"
8364362424,73,11,3,"1,0,22,26"
2812227951,74,7,14,"3,1,11,25"
2812231907,74,7,14,"2,1,0,12"
2813083274,74,7,14,"1,2,0,7"
2812267053,74,7,4,"1,3,6,0"
2810199159,74,7,4,"3,25,11,1"
3084875516,75,9,0,"1,3,9,10"
9079163041,76,5,15,"2,0,1,4"
9081388904,76,5,15,"1,2,0,4"
9081389956,76,5,15,"2,1,0,4"
9079166931,76,5,15,"2,0,1,4"
9079168145,76,5,15,"2,0,1,4"
9116951106,76,5,22,"3,1,9,10"
9116957152,76,5,20,"1,15,3,9"
9114732863,76,5,20,"1,3,9,24"
9114758779,76,5,1,"2,0,1,4"
9114760715,76,5,1,"2,0,1,4"
9114762601,76,5,1,"2,0,1,4"
9114764987,76,5,1,"1,3,0,2"
9114766249,76,5,1,"1,0,2,4"
9116991528,76,5,1,"3,1,15,9"
9114768213,76,5,1,"3,1,15,9"
9114770003,76,5,1,"2,0,1,4"
9114772089,76,5,1,"0,2,1,6"
9114774219,76,5,1,"2,0,1,4"
9114792923,76,5,2,"1,2,3,10"
9114794777,76,5,2,"2,1,0,3"
9117020948,76,5,2,"9,1,10,3"
9114798343,76,5,2,"1,3,10,9"
9114800185,76,5,2,"9,3,1,10"
9114801913,76,5,2,"9,3,1,10"
9117028174,76,5,2,"9,3,10,1"
9117030052,76,5,2,"9,3,10,1"
9117041138,76,5,12,"1,9,15,3"
9117673726,76,5,12,"3,1,9,10"
9115451297,76,5,12,"3,1,9,10"
9115456033,76,5,0,"3,1,9,17"
9237419654,76,6,19,"1,0,2,4"
9234639443,76,6,19,"3,1,9,10"
9234640659,76,6,19,"0,2,1,27"
9234642225,76,6,19,"0,1,2,15"
9237425014,76,6,19,"3,15,1,24"
9237425814,76,6,19,"1,15,3,14"
9237426884,76,6,19,"1,3,15,10"
9237428158,76,6,19,"1,3,2,0"
9234647819,76,6,19,"0,2,1,4"
9234649685,76,6,19,"3,1,9,10"
9237432612,76,6,19,"3,1,10,9"
9234652387,76,6,19,"2,1,0,6"
9234653591,76,6,19,"1,0,2,15"
9237436510,76,6,19,"1,3,10,22"
9237438016,76,6,19,"3,1,10,9"
9237439476,76,6,19,"3,1,9,24"
9237440860,76,6,19,"3,1,24,10"
9237443536,76,6,19,"1,3,10,9"
9237444898,76,6,19,"3,1,10,9"
9237446038,76,6,19,"3,1,9,10"
9234665971,76,6,19,"3,1,9,10"
9234667483,76,6,19,"0,1,2,3"
9237450096,76,6,19,"3,1,0,2"
9234669865,76,6,19,"1,0,3,2"
9237452504,76,6,19,"1,3,0,7"
9234672385,76,6,19,"1,3,0,2"
9359492136,76,6,19,"3,9,1,10"
9359493492,76,6,19,"3,1,10,9"
9356745445,76,6,19,"1,2,0,3"
9359523646,76,6,19,"3,9,10,1"
9356748655,76,6,19,"3,1,9,17"
9356750171,76,6,19,"3,1,9,24"
9356751551,76,6,19,"3,1,24,9"
9356753173,76,6,19,"3,1,9,24"
9359531930,76,6,19,"3,1,9,36"
9356756389,76,6,19,"3,9,1,10"
9356760879,76,6,19,"1,3,41,10"
9356761763,76,6,19,"1,3,15,14"
9356762925,76,6,19,"1,3,0,2"
9359541676,76,6,19,"1,3,10,24"
9359543070,76,6,19,"1,3,2,10"
9359544512,76,6,19,"3,1,15,9"
9359545892,76,6,19,"3,1,9,10"
9356770261,76,6,19,"3,1,9,10"
9359548992,76,6,19,"1,3,9,10"
9359550408,76,6,19,"1,2,0,3"
9356774879,76,6,19,"1,2,0,3"
9356776005,76,6,19,"3,1,10,9"
9359554146,76,6,19,"3,1,24,10"
9356777953,76,6,19,"3,1,24,15"
9356778971,76,6,19,"3,1,9,24"
9356779877,76,6,19,"3,1,24,9"
9359558588,76,6,19,"3,1,24,2"
9359559738,76,6,19,"3,1,9,10"
9359560554,76,6,19,"3,1,10,9"
9356784135,76,6,19,"3,1,9,10"
9359562272,76,6,19,"3,9,10,1"
9359563172,76,6,19,"3,1,15,41"
9356787057,76,6,19,"3,1,10,15"
9359565060,76,6,19,"3,1,15,24"
9359565992,76,6,19,"3,1,24,15"
9356789967,76,6,19,"3,1,15,24"
9359567746,76,6,19,"3,1,15,10"
9356791791,76,6,19,"3,1,15,41"
9359569496,76,6,19,"3,1,10,24"
9362203644,76,6,19,"1,3,0,41"
9362204480,76,6,19,"3,1,10,24"
9359427637,76,6,19,"1,3,0,24"
9359428763,76,6,19,"1,3,10,41"
9362207462,76,6,19,"1,3,0,10"
9362208632,76,6,19,"1,3,41,30"
9359432485,76,6,19,"1,3,0,41"
9362211206,76,6,19,"1,3,24,15"
9359435069,76,6,19,"3,1,0,2"
9362213796,76,6,19,"3,1,10,9"
9359437989,76,6,19,"1,30,0,3"
7002437680,77,3,3,"1,3,9,5"
7148527871,77,3,3,"1,2,0,4"
5198478760,78,9,1,"1,0,2,31"
5197891159,78,9,1,"0,1,2,31"
5198494674,78,9,1,"2,0,7,6"
5197909875,78,9,1,"2,1,27,0"
5198510690,78,9,6,"3,11,6,8"
5198514420,78,9,6,"3,1,10,9"
8662251611,79,3,1,"3,1,9,10"
8662255099,79,3,1,"3,1,10,9"
8662259469,79,3,1,"1,3,0,2"
8663360496,79,3,1,"3,1,9,10"
8663363662,79,3,1,"2,1,0,31"
8662270967,79,3,1,"2,0,1,4"
8663377152,79,3,1,"1,3,2,9"
8663380308,79,3,1,"0,2,26,25"
6820402424,80,2,22,"3,11,6,8"
6820407648,80,2,22,"3,1,10,2"
6966539925,80,2,22,"3,9,10,1"
4471465102,81,10,5,"1,2,0,10"
4470706771,81,10,5,"1,2,0,3"
4470731627,81,10,5,"1,2,12,13"
4470932787,81,10,6,"1,10,3,2"
4470951631,81,10,6,"3,10,9,1"
4471748722,81,10,6,"1,2,0,31"
4470987175,81,10,6,"3,2,16,1"
4471789340,81,10,6,"3,1,10,9"
4471213057,81,10,6,"1,3,10,9"
4471236457,81,10,6,"1,2,0,22"
4471257027,81,10,6,"3,20,11,6"
4472053280,81,10,6,"3,20,27,16"
4472086796,81,10,6,"20,3,25,2"
4472122848,81,10,6,"3,9,10,6"
4472144974,81,10,6,"3,7,20,6"
4471385911,81,10,6,"3,2,6,7"
4472184856,81,10,6,"3,6,11,10"
4472203062,81,10,6,"3,11,6,0"
4472219730,81,10,6,"3,6,11,7"
4472237164,81,10,6,"3,20,7,6"
4472252382,81,10,6,"3,25,11,6"
4471489207,81,10,6,"3,9,11,1"
4472284652,81,10,6,"3,10,9,1"
4471526827,81,10,6,"3,20,2,0"
4471545391,81,10,6,"3,11,6,8"
4471567771,81,10,6,"3,11,6,20"
4471585949,81,10,6,"3,6,7,11"
4471606161,81,10,6,"3,11,6,20"
4472399702,81,10,6,"3,20,9,11"
4472415676,81,10,6,"3,10,11,20"
4472432472,81,10,6,"3,6,7,8"
4471668555,81,10,6,"3,20,6,11"
4472459430,81,10,6,"3,20,11,6"
4471701535,81,10,6,"3,11,20,6"
4471720807,81,10,6,"3,9,1,11"
4471737533,81,10,6,"3,2,1,10"
4471757051,81,10,6,"3,10,9,1"
4472554124,81,10,6,"3,20,11,6"
4471792325,81,10,6,"3,11,25,6"
4472586654,81,10,6,"3,6,20,7"
4472604066,81,10,6,"3,20,6,11"
4472719114,81,10,6,"3,20,10,2"
4471944975,81,10,6,"3,10,9,20"
4472727978,81,10,6,"3,9,10,1"
4472732472,81,10,6,"3,10,9,1"
4471969809,81,10,6,"3,9,10,1"
4471973045,81,10,6,"20,3,23,28"
4471976459,81,10,6,"3,1,9,10"
4472760362,81,10,6,"3,9,10,1"
4471985883,81,10,6,"3,1,9,10"
4472769016,81,10,6,"3,9,10,1"
4472773308,81,10,6,"3,9,1,10"
4472777912,81,10,6,"3,10,9,1"
4472005359,81,10,6,"3,9,1,10"
4472010343,81,10,6,"3,1,9,10"
4472794716,81,10,6,"3,9,10,1"
4472799348,81,10,6,"3,20,10,21"
4472807052,81,10,6,"3,22,1,20"
4472813802,81,10,6,"3,11,25,20"
4472818536,81,10,6,"3,11,20,6"
4472044309,81,10,6,"3,25,2,11"
4472049161,81,10,6,"3,10,9,1"
4472832756,81,10,6,"3,9,10,1"
4472837396,81,10,6,"3,9,10,1"
4472062833,81,10,6,"10,3,9,1"
4472067365,81,10,6,"3,9,10,20"
4472850868,81,10,6,"3,9,10,1"
4472856698,81,10,6,"3,20,2,7"
4472860496,81,10,6,"3,7,6,20"
4472085609,81,10,6,"3,1,2,27"
4472090027,81,10,6,"3,1,10,9"
4472095097,81,10,6,"3,20,1,10"
4472879894,81,10,6,"9,3,10,1"
4472107949,81,10,6,"3,10,20,9"
4472113017,81,10,6,"3,20,9,10"
4472896546,81,10,6,"3,10,20,9"
4472901686,81,10,6,"3,20,10,18"
4472906048,81,10,6,"3,10,9,1"
4472910582,81,10,6,"3,10,1,20"
4472136611,81,10,6,"3,6,11,7"
4472919758,81,10,6,"3,9,10,20"
4472145731,81,10,6,"3,9,10,20"
4472151069,81,10,6,"3,20,7,2"
5269978517,82,10,1,"0,2,18,11"
5270587112,82,10,1,"3,1,0,7"
5269978987,82,10,1,"2,0,1,4"
5270587586,82,10,1,"7,6,2,11"
7863654086,83,7,1,"3,1,9,57"
7863655364,83,7,1,"1,2,0,4"
7863657518,83,7,1,"2,0,1,12"
7863658932,83,7,1,"2,0,1,4"
7863660540,83,7,1,"2,0,1,27"
7863661800,83,7,1,"2,0,1,12"
7863669660,83,7,1,"2,0,7,1"
7863671002,83,7,1,"1,3,0,2"
7863672920,83,7,1,"3,0,6,1"
7863674328,83,7,1,"3,1,9,14"
7863675938,83,7,1,"2,0,1,4"
7863677146,83,7,1,"2,0,1,4"
7863681768,83,7,1,"2,0,1,4"
7863682856,83,7,1,"2,0,1,4"
7863684020,83,7,1,"2,0,1,22"
7863685130,83,7,1,"2,1,0,4"
7863686742,83,7,1,"1,0,2,31"
7863687916,83,7,1,"1,3,9,0"
7863693542,83,7,1,"1,0,2,4"
8212199483,84,9,16,"1,3,0,2"
8140801392,84,9,22,"3,10,9,41"
7667585094,85,0,3,"2,0,26,27"
7667584668,85,0,3,"2,0,26,1"
7667584246,85,0,3,"1,0,2,3"
7667583612,85,0,3,"1,0,2,3"
7667583078,85,0,3,"2,1,0,27"
7667582568,85,0,3,"2,0,26,20"
11025866894,85,0,3,"2,0,26,20"
7667582162,85,0,3,"3,1,0,9"
7667581584,85,0,3,"3,1,9,2"
7667580998,85,0,3,"1,3,10,9"
7667580646,85,0,3,"1,3,2,0"
7667580064,85,0,3,"1,3,22,9"
7667579496,85,0,3,"1,0,2,3"
7667579038,85,0,3,"1,3,0,40"
7855921618,85,0,3,"3,7,6,8"
7855921454,85,0,3,"1,3,0,2"
7667578512,85,0,3,"1,0,2,3"
7667577910,85,0,3,"2,0,1,11"
7667577366,85,0,3,"1,2,0,4"
8322323186,85,0,2,"2,1,0,27"
8322322798,85,0,2,"1,2,0,22"
8322322546,85,0,2,"2,1,0,12"
8322322172,85,0,2,"1,3,10,9"
8321261691,85,0,2,"1,3,0,2"
8322321268,85,0,2,"1,3,10,9"
8322320802,85,0,2,"1,0,2,35"
8321260417,85,0,2,"1,3,0,2"
8321259903,85,0,2,"1,3,0,22"
8321259379,85,0,2,"1,3,0,2"
8322318968,85,0,2,"1,3,0,22"
8322318466,85,0,2,"1,3,0,22"
8321257933,85,0,2,"3,9,1,10"
8321257525,85,0,2,"3,1,9,10"
8322316962,85,0,2,"1,22,3,0"
8321256573,85,0,2,"1,2,0,22"
7537440702,86,5,1,"0,2,1,11"
7537441988,86,5,1,"0,2,1,11"
7537443356,86,5,1,"2,0,1,25"
7537444926,86,5,1,"3,11,6,25"
7537446238,86,5,1,"2,0,1,25"
2977763392,87,9,23,"2,0,1,18"
2977768306,87,9,23,"1,2,0,26"
2994220992,87,10,10,"1,3,0,2"
3889114822,87,8,0,"1,2,0,22"
3889222472,87,8,0,"7,6,0,8"
3888431639,87,8,0,"1,2,0,22"
3888490247,87,8,0,"1,3,9,0"
3888568981,87,8,23,"2,0,1,4"
3888572405,87,8,23,"2,0,18,1"
6677507653,87,0,0,"1,3,2,10"
6717513217,87,0,0,"1,3,0,2"
6717528315,87,0,0,"3,0,1,7"
6768474115,87,0,0,"3,9,1,15"
6838681409,87,1,0,"3,1,0,9"
6838688875,87,1,0,"0,1,2,3"
6838852253,87,1,0,"1,3,5,0"
6850438041,87,1,0,"9,3,10,1"
2724781020,88,6,16,"2,1,0,22"
2723963529,88,6,3,"2,0,1,4"
2723965487,88,6,3,"2,1,0,22"
2723973169,88,6,3,"1,0,2,3"
2729823304,88,6,16,"3,1,9,17"
2728994365,88,6,16,"3,9,10,1"
2729827438,88,6,16,"3,9,1,10"
2729828840,88,6,12,"3,20,9,11"
2729831108,88,6,12,"3,9,1,10"
2729001999,88,6,12,"3,1,9,10"
2729843114,88,6,11,"3,9,10,1"
2729013431,88,6,11,"3,9,10,1"
2729847036,88,6,11,"1,3,0,22"
2733239992,88,6,12,"3,1,9,10"
2733240816,88,6,12,"1,3,10,2"
2733242240,88,6,12,"1,3,10,9"
2733261036,88,6,12,"3,9,10,1"
2733263018,88,6,12,"3,9,10,24"
9255123783,89,6,16,"9,3,10,1"
9255173935,89,6,16,"3,9,1,10"
8109012696,90,9,0,"9,3,1,32"
6160240757,91,8,20,"3,1,9,10"
6016608603,92,7,24,"3,9,1,10"
6017161168,92,7,24,"7,3,0,6"
6016612483,92,7,24,"3,11,2,6"
6017163670,92,7,24,"25,2,0,11"
6016611283,92,7,24,"2,0,25,11"
6017162540,92,7,24,"1,3,0,2"
6016610091,92,7,24,"9,3,1,5"
6157858591,92,8,24,"1,2,0,3"
6222198137,92,9,16,"3,1,9,10"
6224635859,92,9,24,"3,9,1,10"
6225182910,92,9,24,"3,9,1,10"
6225750730,92,9,0,"9,3,10,1"
6225751438,92,9,0,"9,10,3,1"
6225752200,92,9,0,"9,10,3,1"
6249511070,92,9,7,"3,1,9,10"
6270860975,92,9,24,"3,1,9,34"
6270878403,92,9,24,"3,9,34,1"
6293523694,92,9,24,"3,1,9,32"
6293524808,92,9,24,"3,9,1,32"
6293522668,92,9,24,"3,9,1,10"
6361049825,92,10,24,"1,7,3,6"
6361051553,92,10,24,"2,0,11,25"
6361053091,92,10,24,"2,0,11,25"
6361054809,92,10,24,"2,0,7,6"
6361056509,92,10,24,"11,2,3,6"
6361058673,92,10,24,"3,1,7,6"
6361059919,92,10,24,"0,2,11,1"
6361061247,92,10,24,"3,11,6,0"
6403907453,92,10,24,"2,0,6,7"
6403909617,92,10,24,"2,7,0,6"
6516241395,92,11,8,"1,2,12,13"
6537545971,92,11,0,"1,2,0,22"
6537547467,92,11,0,"2,1,0,27"
6537544371,92,11,8,"3,1,9,10"
10041856005,93,9,12,"3,9,1,10"
10040289383,93,9,12,"3,9,1,17"
10040181905,93,9,12,"3,9,1,24"
10040135684,93,9,12,"1,3,10,9"
10040166945,93,9,12,"9,3,10,1"
10040118374,93,9,12,"3,10,9,1"
10040149785,93,9,12,"3,9,1,10"
10040141205,93,9,12,"3,9,10,1"
10040090324,93,9,12,"3,1,9,10"
10040138916,93,9,12,"3,1,9,10"
10040113135,93,9,12,"9,3,1,10"
10040064834,93,9,12,"1,9,3,10"
10040193783,93,9,12,"3,9,1,10"
10040048264,93,9,12,"3,9,1,10"
10040093136,93,9,12,"9,3,10,1"
10040166233,93,9,12,"3,1,10,9"
10040071116,93,9,12,"9,3,10,1"
10042132643,93,9,12,"1,3,10,12"
10041950804,93,9,12,"1,3,10,9"
10041942084,93,9,12,"9,3,10,1"
10041995006,93,9,12,"3,1,10,9"
10042123753,93,9,12,"3,10,1,9"
10042018405,93,9,12,"3,9,1,10"
10042031766,93,9,12,"9,3,10,1"
10042005455,93,9,12,"1,3,10,9"
10042016596,93,9,12,"1,3,10,12"
10042305946,93,9,12,"10,1,3,9"
10042372163,93,9,12,"1,3,10,9"
10042254183,93,9,12,"1,3,12,10"
10042247643,93,9,12,"1,10,3,9"
10042267725,93,9,12,"3,1,41,15"
10042142605,93,9,12,"3,1,41,15"
10042220904,93,9,12,"3,9,10,1"
10042271926,93,9,12,"3,9,1,24"
10042241415,93,9,12,"3,1,9,24"
10042328573,93,9,12,"3,10,1,9"
10042224255,93,9,12,"1,3,10,9"
10042216855,93,9,12,"1,3,10,24"
10042166014,93,9,12,"1,3,10,41"
10042155464,93,9,12,"3,1,10,9"
10042185845,93,9,12,"3,1,12,24"
10042135904,93,9,12,"3,1,10,24"
10042266103,93,9,12,"3,1,10,9"
10042181776,93,9,12,"3,1,41,10"
5623420267,94,3,19,"3,9,1,10"
7879243648,95,7,8,"1,2,0,22"
7047720451,96,3,1,"1,0,2,3"
6901629122,96,3,1,"3,41,10,9"
6901632572,96,3,1,"2,0,20,7"
10660908445,97,10,6,"3,10,9,1"
10676340605,97,10,12,"1,3,9,10"
10963345865,98,10,3,"1,2,0,27"
10963518044,98,10,3,"1,10,3,9"
10963518004,98,10,3,"3,20,10,27"
10963316195,98,10,6,"3,10,9,23"
10963487454,98,10,6,"3,9,10,1"
10963486674,98,10,6,"3,1,9,10"
10963556433,98,10,6,"3,10,23,28"
10963391626,98,10,6,"20,2,0,29"
2283824286,99,9,1,"2,0,4,1"
2283039359,99,9,1,"7,6,11,8"
2283828468,99,9,3,"1,9,3,5"
2904588115,99,9,3,"1,3,9,0"
3712002111,100,6,6,"3,10,9,20"
3725745773,100,6,6,"3,10,9,1"
3712817348,100,6,6,"3,9,10,20"
3723543086,100,6,6,"2,0,4,20"
3738110399,100,6,6,"3,1,9,0"
3728535893,100,6,6,"3,9,10,1"
3716712732,100,6,6,"3,9,1,10"
3720220262,100,6,6,"3,1,9,10"
3722733501,100,6,6,"3,9,1,39"
3709003813,100,6,6,"3,20,23,21"
3742556336,100,6,6,"3,9,10,1"
3735688001,100,6,6,"3,9,1,10"
3732483817,100,6,6,"3,10,9,1"
3719410223,100,6,6,"3,1,9,10"
3729341972,100,6,6,"3,25,1,10"
3738114285,100,6,6,"3,1,9,25"
3709819970,100,6,6,"3,9,10,20"
3733288494,100,6,6,"3,1,9,10"
3745195047,100,6,6,"3,10,20,63"
6135717460,101,6,1,"3,6,11,7"
6135172315,101,6,1,"0,2,1,11"
6135720276,101,6,1,"0,2,1,4"
6135174065,101,6,1,"2,0,1,31"
6135723952,101,6,1,"0,1,2,4"
6135725632,101,6,1,"0,2,25,11"
6135746504,101,6,1,"3,9,10,1"
6135753032,101,6,0,"9,3,10,15"
6135206343,101,6,0,"3,15,9,1"
6135757948,101,6,11,"3,9,1,10"
6135759198,101,6,11,"3,9,1,10"
6135217919,101,6,2,"1,0,2,3"
6135220113,101,6,2,"1,2,0,27"
6135768612,101,6,2,"1,3,10,9"
6135770176,101,6,14,"1,0,2,4"
6135226169,101,6,14,"2,0,1,4"
6135774814,101,6,14,"2,0,6,20"
6135230669,101,6,14,"25,11,2,0"
6135232079,101,6,14,"0,2,1,6"
6135234177,101,6,0,"3,9,10,1"
6135253971,101,6,0,"1,3,10,9"
6136718298,101,6,19,"1,2,0,4"
6136173945,101,6,19,"1,3,2,0"
6136175035,101,6,19,"1,3,10,15"
6136176533,101,6,19,"1,2,0,4"
6136177701,101,6,19,"3,1,10,15"
6136724658,101,6,19,"3,1,15,10"
6136180077,101,6,19,"3,9,1,10"
6136726938,101,6,19,"1,2,0,15"
6136182273,101,6,19,"2,0,1,4"
6136183181,101,6,19,"1,0,2,15"
6136184119,101,6,19,"0,2,1,4"
6136185707,101,6,19,"1,0,2,3"
6136187067,101,6,19,"1,12,13,3"
6136187631,101,6,19,"1,3,12,13"
6136194731,101,6,8,"1,2,0,7"
6136195521,101,6,8,"1,2,0,4"
6139805106,101,6,11,"3,1,9,10"
6139254277,101,6,11,"3,9,1,10"
8945376875,102,4,3,"1,3,9,10"
8946084902,102,4,0,"10,3,9,1"
8945463551,102,4,0,"3,9,10,1"
8945464305,102,4,0,"9,10,3,1"
8945623143,102,4,3,"9,3,10,1"
8946246146,102,4,3,"3,9,1,10"
8945625927,102,4,3,"9,3,10,1"
8945626927,102,4,3,"10,3,9,1"
8945628703,102,4,3,"3,9,10,1"
8946251292,102,4,3,"3,10,9,15"
8946252616,102,4,3,"3,9,1,10"
8946254012,102,4,3,"1,2,0,12"
8946145612,102,4,3,"2,1,0,11"
8946346020,102,4,15,"3,1,9,10"
8945725349,102,4,15,"3,9,1,17"
8946348512,102,4,15,"1,3,10,2"
8945728013,102,4,15,"1,3,9,10"
8946351658,102,4,15,"1,3,9,10"
8945730943,102,4,15,"1,3,9,10"
8946353582,102,4,15,"1,0,2,5"
8945732649,102,4,15,"15,3,1,9"
8945733681,102,4,15,"1,3,10,9"
8946357018,102,4,15,"1,3,9,10"
8945735919,102,4,15,"2,0,1,4"
8946359118,102,4,15,"1,3,0,7"
8946360368,102,4,15,"1,3,0,2"
8945739359,102,4,15,"1,0,2,3"
8945740681,102,4,15,"1,3,10,15"
8945742195,102,4,15,"1,3,0,2"
8946365280,102,4,15,"3,1,9,10"
8946366072,102,4,15,"3,1,9,10"
8946367072,102,4,15,"3,1,9,10"
8946368732,102,4,15,"3,1,9,56"
8946369332,102,4,15,"3,1,15,9"
8946370634,102,4,15,"3,9,10,15"
8946371938,102,4,15,"3,9,1,15"
8945750819,102,4,15,"1,3,12,13"
8946342078,102,4,15,"3,1,6,7"
8945752765,102,4,15,"3,9,1,6"
8946376094,102,4,15,"1,3,9,2"
8946377378,102,4,15,"3,1,9,10"
8945756511,102,4,15,"3,1,9,10"
8946379816,102,4,15,"3,1,9,10"
8945759149,102,4,15,"1,3,9,10"
7801179594,103,7,16,"3,9,1,10"
7801222672,103,7,16,"3,20,7,6"
7961419526,103,8,20,"1,3,10,9"
8605299011,103,10,3,"1,2,0,22"
8264854879,103,10,3,"2,0,1,4"
8232877597,103,10,3,"0,2,1,4"
8359900060,103,0,4,"2,0,1,7"
8358821611,103,0,4,"2,1,0,4"
8711185177,103,4,22,"1,3,10,9"
9728781134,103,7,3,"1,0,3,2"
9541872900,103,7,3,"1,3,0,2"
9541825362,103,7,3,"1,3,0,9"
10125811935,103,8,3,"1,2,0,12"
10125884386,103,8,3,"2,1,0,12"
10125810235,103,8,3,"2,0,1,4"
10125944423,103,8,3,"2,0,1,4"
10125876056,103,8,3,"2,0,1,4"
10125874776,103,8,3,"2,0,1,4"
10125799455,103,8,3,"2,0,1,4"
10125872256,103,8,3,"2,0,1,4"
10125796625,103,8,3,"2,0,1,4"
10125795775,103,8,3,"2,0,1,4"
10125739184,103,8,3,"2,1,0,4"
10125793045,103,8,3,"2,1,0,4"
10125791495,103,8,3,"2,1,0,4"
10125734534,103,8,3,"1,2,0,12"
837291415,104,6,6,"3,23,28,18"
837291425,104,6,6,"3,20,21,9"
3009262033,105,10,12,"3,1,9,10"
3010096560,105,10,12,"1,3,10,9"
3009262579,105,10,12,"1,3,10,9"
3009262825,105,10,12,"1,3,10,9"
3010097294,105,10,12,"1,3,10,9"
3010098288,105,10,12,"1,3,10,9"
3010101614,105,10,12,"3,1,10,9"
3010101892,105,10,12,"10,3,1,9"
3010102214,105,10,12,"10,3,9,41"
3010102490,105,10,12,"3,9,10,15"
3009268729,105,10,12,"3,10,9,15"
3010103072,105,10,12,"3,9,10,1"
3009269353,105,10,12,"10,3,9,1"
3010103730,105,10,12,"3,10,9,1"
3009269893,105,10,12,"10,3,9,1"
3010104384,105,10,12,"3,10,9,41"
3010104700,105,10,12,"10,3,9,1"
3009270817,105,10,12,"3,9,10,41"
3009271039,105,10,12,"3,10,9,1"
3009271283,105,10,12,"3,9,10,1"
3009271515,105,10,12,"3,9,10,1"
5742926071,106,4,12,"1,0,2,7"
5742925481,106,4,12,"1,0,2,35"
5743478614,106,4,12,"1,0,2,35"
5742927313,106,4,12,"1,3,9,10"
5742928713,106,4,12,"1,3,10,9"
5743482098,106,4,12,"1,3,0,9"
7301087094,107,4,1,"0,2,7,6"
7226664064,108,4,12,"3,9,10,1"
7230588140,108,4,0,"1,3,10,9"
7231627854,108,4,1,"0,1,2,22"
2455097655,109,2,12,"1,3,9,22"
6807888425,110,0,2,"3,1,10,7"
4296794510,111,11,2,"1,2,0,22"
8694578137,112,3,22,"3,9,10,1"
6052119108,113,7,2,"3,9,10,1"
6052178443,113,7,12,"1,2,0,10"
6055572110,113,7,15,"1,3,0,12"
6055023969,113,7,15,"1,2,0,12"
6055030907,113,7,15,"1,2,0,4"
6055038433,113,7,15,"1,2,0,12"
6055587856,113,7,15,"1,3,9,10"
6055039687,113,7,15,"10,9,3,1"
6055040625,113,7,15,"9,3,10,1"
6055042021,113,7,15,"1,3,9,10"
6055591478,113,7,15,"3,9,10,1"
6055043301,113,7,15,"9,10,3,1"
6055043917,113,7,15,"3,1,10,9"
6055595652,113,7,15,"1,2,0,3"
6055048867,113,7,15,"1,2,0,3"
6055056431,113,7,15,"1,3,0,22"
6055606710,113,7,15,"1,2,0,3"
5742854920,114,4,4,"1,3,2,0"
5742581533,114,4,4,"3,2,0,33"
5742858092,114,4,4,"3,1,9,10"
5742581883,114,4,4,"3,6,11,7"
5742580301,114,4,4,"3,1,2,7"
6218129656,115,3,1,"3,1,15,9"
6218129958,115,3,1,"3,9,1,10"
6217610663,115,3,1,"3,9,1,10"
6217610939,115,3,1,"1,3,10,9"
6218130810,115,3,1,"3,1,9,15"
6217611447,115,3,1,"1,3,10,12"
6218131376,115,3,1,"3,1,9,10"
6217612301,115,3,1,"1,3,10,7"
6217612761,115,3,1,"2,0,4,6"
6217612969,115,3,1,"2,0,26,4"
6218132816,115,3,1,"3,1,49,2"
6217613705,115,3,1,"2,0,1,4"
6217613915,115,3,1,"2,0,4,11"
6218133770,115,3,1,"2,0,3,7"
6217614527,115,3,1,"2,0,11,6"
6218134392,115,3,1,"3,1,0,2"
6217615209,115,3,1,"3,1,0,6"
6218135156,115,3,1,"3,1,9,55"
6218135496,115,3,1,"2,0,11,6"
6245891722,115,3,1,"7,2,6,0"
6218136000,115,3,1,"7,6,0,2"
6217617255,115,3,1,"3,7,6,0"
6218137092,115,3,1,"1,2,18,0"
6245891906,115,3,1,"1,3,7,6"
6218137592,115,3,1,"2,0,18,1"
6218138184,115,3,1,"20,11,7,6"
6217619381,115,3,1,"7,6,2,3"
6218139244,115,3,1,"0,6,3,11"
6218139810,115,3,1,"1,3,0,9"
6217620753,115,3,1,"1,2,0,4"
6218140520,115,3,1,"3,1,12,9"
6218140888,115,3,1,"2,0,20,7"
6218141374,115,3,1,"2,0,4,11"
6217622591,115,3,1,"3,1,2,7"
6245892144,115,3,1,"1,3,0,2"
6245892406,115,3,1,"1,3,0,2"
6245892640,115,3,1,"1,0,2,4"
6245372057,115,3,1,"0,2,1,3"
6245372269,115,3,1,"3,1,9,10"
6217623055,115,3,1,"25,11,2,7"
6245372409,115,3,1,"1,0,3,2"
6218142736,115,3,1,"3,9,1,10"
6218143088,115,3,1,"1,3,10,30"
6217624083,115,3,1,"1,0,2,4"
6217624523,115,3,1,"1,2,0,4"
6217624827,115,3,1,"2,0,1,4"
6217625261,115,3,1,"2,0,4,1"
6218144902,115,3,1,"2,0,1,4"
6217625993,115,3,1,"2,0,1,4"
6218145494,115,3,1,"2,0,4,26"
6217626833,115,3,1,"2,0,1,3"
6218146572,115,3,1,"2,1,0,26"
6217627815,115,3,1,"2,0,7,4"
6218147548,115,3,1,"2,0,1,7"
6218147966,115,3,1,"2,0,1,4"
6218148204,115,3,1,"2,0,4,26"
6218148794,115,3,1,"2,4,0,1"
6218149050,115,3,1,"2,0,4,1"
6218149528,115,3,1,"2,0,1,4"
6218149862,115,3,1,"2,0,1,4"
6217631087,115,3,1,"1,2,0,4"
6217631511,115,3,1,"2,0,1,4"
6218151152,115,3,1,"2,0,1,4"
6218151472,115,3,1,"2,0,1,4"
6217632533,115,3,1,"1,0,2,4"
6218152304,115,3,1,"1,2,0,4"
6218152702,115,3,1,"2,0,1,4"
6217633691,115,3,1,"1,2,0,4"
6217634009,115,3,1,"1,2,0,4"
6217634421,115,3,1,"3,1,9,10"
6217634725,115,3,1,"1,2,0,4"
6218154580,115,3,1,"1,2,0,4"
6218154972,115,3,1,"2,1,0,4"
6218155474,115,3,1,"1,2,0,4"
6218155826,115,3,1,"1,2,0,31"
6218156270,115,3,1,"1,2,0,4"
6218156688,115,3,1,"1,2,0,4"
6218157044,115,3,1,"1,2,0,4"
6218157322,115,3,1,"1,2,0,4"
6217638259,115,3,1,"3,1,9,10"
6218157868,115,3,1,"3,1,0,2"
6245893450,115,3,1,"3,1,9,10"
6217639033,115,3,1,"9,3,1,32"
6245372723,115,3,1,"9,3,10,1"
6217639331,115,3,1,"1,2,0,4"
6218158990,115,3,1,"2,1,0,4"
6217640011,115,3,1,"3,1,10,9"
6218159652,115,3,1,"1,2,0,22"
6245372859,115,3,1,"1,0,15,9"
6217640801,115,3,1,"3,1,0,2"
6218160426,115,3,1,"1,3,10,9"
6245893844,115,3,1,"1,0,15,2"
6217641223,115,3,1,"15,9,3,1"
6218161166,115,3,1,"0,3,2,11"
6245373115,115,3,1,"0,15,1,3"
6218161638,115,3,1,"3,1,10,0"
6218161824,115,3,1,"1,3,15,9"
6217642749,115,3,1,"1,3,9,5"
6218162660,115,3,1,"1,0,3,35"
6218163026,115,3,1,"1,3,0,9"
6217643917,115,3,1,"3,6,11,0"
6218163702,115,3,1,"0,2,25,1"
6218164162,115,3,1,"1,3,0,9"
6218164560,115,3,1,"1,2,0,22"
6217645587,115,3,1,"9,3,10,1"
6218165380,115,3,1,"9,10,3,15"
6218165680,115,3,1,"3,9,10,15"
6245894282,115,3,1,"3,9,1,10"
6218165954,115,3,1,"10,3,9,1"
6218166400,115,3,1,"3,1,10,2"
6245373701,115,3,1,"3,9,10,1"
6218166788,115,3,1,"3,9,1,10"
6217647463,115,3,1,"9,3,10,1"
6218167270,115,3,1,"10,9,3,1"
6218167634,115,3,1,"3,10,9,1"
6217648451,115,3,1,"3,10,1,9"
6218168466,115,3,1,"3,1,9,10"
6218169378,115,3,1,"1,10,3,9"
6218169818,115,3,1,"3,9,1,10"
6217650617,115,3,1,"3,9,10,1"
6218170628,115,3,1,"10,3,9,1"
6218171062,115,3,1,"3,1,9,10"
6218171320,115,3,1,"3,1,9,10"
6218171928,115,3,1,"3,9,1,10"
6218172208,115,3,1,"3,1,9,10"
6218172456,115,3,1,"9,3,1,15"
6217653431,115,3,1,"1,2,0,4"
6217653901,115,3,1,"2,1,0,4"
6245374043,115,3,1,"1,3,14,9"
6217654557,115,3,1,"3,1,9,10"
6245895210,115,3,1,"3,1,0,15"
6217654923,115,3,1,"3,7,6,8"
6218174510,115,3,1,"3,7,6,8"
6218174808,115,3,1,"2,20,0,3"
6218175184,115,3,1,"2,1,0,4"
6218175624,115,3,1,"2,1,0,4"
6218175930,115,3,1,"2,1,0,4"
6217656879,115,3,1,"1,2,0,4"
6217657501,115,3,1,"2,0,4,7"
6218177322,115,3,1,"2,0,20,4"
6218177766,115,3,1,"2,0,1,4"
6218177998,115,3,1,"3,2,0,6"
6218178480,115,3,1,"3,20,1,6"
6217659225,115,3,1,"3,9,10,1"
6218179188,115,3,1,"2,1,3,0"
6217660051,115,3,1,"2,3,1,0"
6217660409,115,3,1,"3,1,9,10"
6218180158,115,3,1,"3,9,1,10"
6218180330,115,3,1,"3,1,9,10"
6217661359,115,3,1,"3,0,20,1"
6217661851,115,3,1,"2,20,0,11"
6217662327,115,3,1,"3,11,6,7"
6217662833,115,3,1,"11,6,7,3"
6218182914,115,3,1,"3,11,2,6"
6217663879,115,3,1,"6,11,7,3"
6218183868,115,3,1,"6,7,11,0"
6217664649,115,3,1,"6,11,7,8"
6218184404,115,3,1,"0,2,20,11"
6218184862,115,3,1,"0,2,11,6"
6218185228,115,3,1,"3,6,7,11"
6245895650,115,3,1,"3,6,7,11"
6245374875,115,3,1,"3,7,6,0"
6217666021,115,3,1,"2,0,26,4"
6218185956,115,3,1,"2,0,1,7"
6217667071,115,3,1,"3,9,1,10"
6217667283,115,3,1,"1,2,0,4"
6218187184,115,3,1,"3,9,1,10"
6218187444,115,3,1,"2,0,1,4"
6218187706,115,3,1,"0,2,1,3"
6218187932,115,3,1,"2,0,1,4"
6217668771,115,3,1,"0,2,6,1"
6217669111,115,3,1,"3,1,9,16"
6218189068,115,3,1,"3,1,0,15"
6218189254,115,3,1,"0,2,1,4"
6217670125,115,3,1,"3,1,9,14"
6217670483,115,3,1,"2,0,1,4"
6217670803,115,3,1,"1,3,0,40"
6217671147,115,3,1,"0,2,1,7"
6218190772,115,3,1,"1,2,0,31"
6217671703,115,3,1,"1,0,2,4"
6218191614,115,3,1,"1,0,3,2"
6217672307,115,3,1,"1,3,9,10"
6218192152,115,3,1,"3,9,1,20"
6217672933,115,3,1,"3,7,6,8"
6217673191,115,3,1,"3,7,1,0"
6218193202,115,3,1,"3,9,1,39"
6218193660,115,3,1,"2,0,1,7"
6218193974,115,3,1,"2,0,4,1"
6217675109,115,3,1,"1,3,7,0"
6218194918,115,3,1,"1,3,0,19"
6218195804,115,3,1,"2,0,1,27"
6217676683,115,3,1,"0,2,1,7"
6217677051,115,3,1,"1,2,0,22"
6218196964,115,3,1,"2,0,1,4"
6217677645,115,3,1,"0,2,1,3"
6245895876,115,3,1,"3,0,7,1"
6218197526,115,3,1,"3,1,7,6"
6217678627,115,3,1,"3,1,7,6"
6218198386,115,3,1,"3,1,7,6"
6217679091,115,3,1,"3,9,1,10"
6217679245,115,3,1,"3,0,2,1"
6217679537,115,3,1,"3,1,9,10"
6217679903,115,3,1,"3,0,2,1"
6217680185,115,3,1,"3,0,1,15"
6217680471,115,3,1,"3,1,9,15"
6218200096,115,3,1,"3,9,15,1"
6217681153,115,3,1,"3,1,0,2"
6217681463,115,3,1,"3,1,0,7"
6218201060,115,3,1,"3,1,7,0"
6217682265,115,3,1,"3,1,7,0"
6217682775,115,3,1,"3,1,7,6"
6217683309,115,3,1,"3,1,7,0"
6217683791,115,3,1,"3,1,9,10"
6218203660,115,3,1,"3,1,0,7"
6218204014,115,3,1,"3,1,0,7"
6217684999,115,3,1,"3,1,0,7"
6217685251,115,3,1,"3,15,1,0"
6218205022,115,3,1,"0,2,1,3"
6217685835,115,3,1,"0,2,11,6"
6217686099,115,3,1,"3,1,9,0"
6218205678,115,3,1,"2,0,27,26"
6218205936,115,3,1,"3,20,6,8"
6245375135,115,3,1,"3,7,6,0"
6218206160,115,3,1,"3,1,9,10"
6217686963,115,3,1,"3,6,7,8"
6217687129,115,3,1,"2,0,3,1"
6217687405,115,3,1,"3,6,7,11"
6217687583,115,3,1,"3,1,10,15"
6218207160,115,3,1,"3,7,6,8"
6218207344,115,3,1,"3,7,1,0"
6217688083,115,3,1,"3,10,1,7"
6217688267,115,3,1,"3,1,7,6"
6217688427,115,3,1,"3,1,7,6"
6217688627,115,3,1,"6,7,3,8"
6245375297,115,3,1,"3,1,0,2"
6245375427,115,3,1,"3,1,9,15"
6217688869,115,3,1,"3,7,1,6"
6217689277,115,3,1,"3,7,6,8"
6218209146,115,3,1,"3,1,0,7"
6218209494,115,3,1,"3,0,1,7"
6217690281,115,3,1,"3,39,1,51"
6218210204,115,3,1,"3,1,9,39"
6217690931,115,3,1,"3,1,33,39"
6217691275,115,3,1,"3,1,0,39"
6217691615,115,3,1,"3,0,7,1"
6217691975,115,3,1,"3,0,2,20"
6218211826,115,3,1,"0,2,1,3"
6218212166,115,3,1,"1,2,0,3"
6218212520,115,3,1,"1,2,0,3"
6218212848,115,3,1,"1,2,0,4"
6218213172,115,3,1,"1,2,0,4"
6218213358,115,3,1,"3,1,9,0"
6218213576,115,3,1,"3,0,1,2"
6218213852,115,3,1,"2,0,7,11"
6218214238,115,3,1,"2,0,7,11"
6217694913,115,3,1,"2,1,0,7"
6218214778,115,3,1,"2,0,1,7"
6218215000,115,3,1,"2,0,7,4"
6218215258,115,3,1,"2,0,4,7"
6245375563,115,3,1,"0,2,3,1"
6217695897,115,3,1,"2,0,7,4"
6218215888,115,3,1,"2,0,7,11"
6218216380,115,3,1,"1,0,3,2"
6218216594,115,3,1,"2,0,7,11"
6218216962,115,3,1,"3,11,0,7"
6217697559,115,3,1,"0,2,7,3"
6218217638,115,3,1,"3,1,25,0"
6217698227,115,3,1,"3,0,2,6"
6217698555,115,3,1,"3,20,0,2"
6245896544,115,3,1,"0,2,3,1"
6218218692,115,3,1,"0,2,7,3"
6218218966,115,3,1,"3,11,0,25"
6245896642,115,3,1,"3,0,1,2"
6217699497,115,3,1,"2,0,4,20"
6217700055,115,3,1,"0,2,7,3"
6217700591,115,3,1,"3,1,0,11"
6217700989,115,3,1,"7,6,0,8"
6245896772,115,3,1,"3,6,11,7"
6217701279,115,3,1,"3,6,7,8"
6218221328,115,3,1,"7,2,6,0"
6217701945,115,3,1,"25,2,0,7"
6217702295,115,3,1,"2,0,1,25"
6218222220,115,3,1,"2,0,25,4"
6217702841,115,3,1,"2,0,4,20"
6218222916,115,3,1,"2,0,3,4"
6218223226,115,3,1,"3,20,2,0"
6218223564,115,3,1,"0,2,1,3"
6217704099,115,3,1,"3,0,2,1"
6218224326,115,3,1,"3,0,7,2"
6218224748,115,3,1,"2,3,0,7"
6217705119,115,3,1,"2,0,1,4"
6218225336,115,3,1,"7,2,0,6"
6218225744,115,3,1,"25,2,0,11"
6218226018,115,3,1,"2,0,11,7"
6217706557,115,3,1,"2,25,0,7"
6217706779,115,3,1,"2,25,0,4"
6217707043,115,3,1,"2,25,0,11"
6218227168,115,3,1,"2,0,7,11"
6217707673,115,3,1,"0,2,15,4"
6217707943,115,3,1,"0,2,1,3"
6218227978,115,3,1,"2,0,25,1"
6218228216,115,3,1,"2,0,11,20"
6245376025,115,3,1,"3,0,1,25"
6245897048,115,3,1,"3,1,7,25"
6217708797,115,3,1,"1,2,0,3"
6218228848,115,3,1,"2,0,7,6"
6218229090,115,3,1,"2,0,1,7"
6217709621,115,3,1,"2,0,11,6"
6218229758,115,3,1,"2,0,1,11"
6218230106,115,3,1,"25,2,11,7"
6217710641,115,3,1,"3,25,2,0"
6217710983,115,3,1,"25,2,0,11"
6245376267,115,3,1,"25,7,11,6"
6218231236,115,3,1,"25,2,0,11"
6218231478,115,3,1,"2,25,0,4"
6217711919,115,3,1,"2,0,4,26"
6218231864,115,3,1,"2,0,4,26"
6217712403,115,3,1,"3,1,0,2"
6217712655,115,3,1,"1,0,2,7"
6218232604,115,3,1,"1,0,2,7"
6217713083,115,3,1,"3,1,7,0"
6217713377,115,3,1,"7,0,2,6"
6218233420,115,3,1,"7,0,3,6"
6217714001,115,3,1,"3,0,7,6"
6218234252,115,3,1,"0,7,3,6"
6218234632,115,3,1,"3,6,7,8"
6217715473,115,3,1,"7,3,0,6"
6217715961,115,3,1,"0,1,3,2"
6218235856,115,3,1,"1,3,0,2"
6218236076,115,3,1,"0,1,18,40"
6218236516,115,3,1,"1,3,0,2"
6218237002,115,3,1,"2,0,1,4"
6217717559,115,3,1,"1,0,2,4"
6217717853,115,3,1,"1,0,2,22"
6218237908,115,3,1,"2,1,0,4"
6218238264,115,3,1,"3,1,9,10"
6218238490,115,3,1,"1,0,2,4"
6245897292,115,3,1,"1,3,9,15"
6217718951,115,3,1,"2,0,1,4"
6217719157,115,3,1,"0,2,18,1"
6217719485,115,3,1,"0,2,1,18"
6218239736,115,3,1,"0,1,2,18"
6217720091,115,3,1,"2,0,20,16"
6218240322,115,3,1,"7,6,2,0"
6218240810,115,3,1,"1,2,3,0"
6218241336,115,3,1,"2,0,25,11"
6217721911,115,3,1,"2,0,7,1"
6217722223,115,3,1,"3,11,1,6"
6217722475,115,3,1,"3,7,6,8"
6217722783,115,3,1,"3,20,11,6"
6218242904,115,3,1,"9,3,1,10"
6218243192,115,3,1,"1,3,0,9"
6217723539,115,3,1,"0,2,1,25"
6218243926,115,3,1,"1,2,0,19"
6218244230,115,3,1,"2,0,7,6"
6218244514,115,3,1,"1,7,2,3"
6245376509,115,3,1,"2,1,0,7"
6217725059,115,3,1,"3,11,6,7"
6218245490,115,3,1,"2,0,7,1"
6218245966,115,3,1,"2,0,1,7"
6218246320,115,3,1,"0,2,1,4"
6218246782,115,3,1,"25,3,2,7"
6218247324,115,3,1,"7,3,6,11"
6217727811,115,3,1,"1,3,7,2"
6218248110,115,3,1,"3,1,0,2"
6218248530,115,3,1,"0,2,1,3"
6218249014,115,3,1,"3,0,7,6"
6218249434,115,3,1,"25,7,11,2"
6218249792,115,3,1,"7,3,2,0"
6218250214,115,3,1,"3,7,6,2"
6218250598,115,3,1,"2,0,3,11"
6218250956,115,3,1,"2,0,7,6"
6217731279,115,3,1,"3,1,0,7"
6218251654,115,3,1,"0,2,1,20"
6217732101,115,3,1,"0,2,3,4"
6218252532,115,3,1,"3,7,0,11"
6218252908,115,3,1,"7,6,3,8"
6217733311,115,3,1,"3,1,11,0"
6218253692,115,3,1,"3,1,7,6"
6218254104,115,3,1,"3,0,1,6"
6217734401,115,3,1,"3,0,2,20"
6218254758,115,3,1,"3,2,0,11"
6217735177,115,3,1,"3,1,0,11"
6218255626,115,3,1,"3,20,0,6"
6217736087,115,3,1,"3,1,0,20"
6217736437,115,3,1,"3,11,6,7"
6218257176,115,3,1,"7,6,3,8"
6218257532,115,3,1,"3,6,11,7"
6218258008,115,3,1,"2,1,0,7"
6217738337,115,3,1,"0,2,1,3"
6217738971,115,3,1,"3,9,20,0"
6217739425,115,3,1,"3,0,7,2"
6217739893,115,3,1,"3,20,7,6"
6218260438,115,3,1,"20,7,6,2"
6217740789,115,3,1,"2,0,11,20"
6217741215,115,3,1,"2,0,1,12"
6217741663,115,3,1,"2,0,1,7"
6218261930,115,3,1,"2,0,1,27"
6217742203,115,3,1,"1,3,9,10"
6361212953,115,3,4,"1,2,0,22"
6361213181,115,3,4,"1,3,10,0"
6361213393,115,3,4,"3,1,9,15"
6361213607,115,3,4,"3,15,0,7"
6361213819,115,3,4,"3,1,15,9"
6361214073,115,3,4,"1,2,0,4"
6361214285,115,3,4,"9,3,10,1"
6361214557,115,3,4,"3,1,9,10"
6361214827,115,3,4,"3,1,9,10"
6361215091,115,3,4,"3,1,10,9"
6361215283,115,3,4,"1,2,0,5"
6361215495,115,3,4,"1,0,2,12"
6361215721,115,3,4,"1,0,2,5"
6361215995,115,3,4,"1,0,2,12"
6361216221,115,3,4,"3,1,9,17"
6361216455,115,3,4,"3,9,1,10"
6361216673,115,3,4,"1,2,0,4"
6361216893,115,3,4,"1,2,0,12"
6361217083,115,3,4,"3,9,1,10"
6361217379,115,3,4,"3,9,1,10"
6361217799,115,3,4,"3,1,9,10"
6361217989,115,3,4,"1,2,0,3"
6361218343,115,3,4,"3,1,9,5"
6361218709,115,3,4,"3,1,22,5"
6361219121,115,3,4,"3,1,10,9"
6361219475,115,3,4,"3,1,9,48"
6361219935,115,3,4,"3,1,11,9"
6361220469,115,3,4,"3,1,10,25"
6361220833,115,3,4,"3,1,9,10"
6361221169,115,3,4,"1,3,9,10"
6361221527,115,3,4,"1,3,52,53"
6361221849,115,3,4,"3,1,9,5"
6361222217,115,3,4,"3,1,9,10"
6361222605,115,3,4,"2,0,7,1"
6361222967,115,3,4,"1,3,52,53"
6361223431,115,3,4,"3,28,49,0"
6361223733,115,3,4,"3,1,0,2"
6361223993,115,3,4,"20,2,3,18"
6361224285,115,3,4,"2,0,11,26"
6361224621,115,3,4,"1,3,9,10"
6361224969,115,3,4,"3,1,10,46"
6361225325,115,3,4,"3,1,10,9"
6361225677,115,3,4,"3,1,0,2"
6361225971,115,3,4,"28,18,3,23"
6361226349,115,3,4,"1,0,2,3"
6361226743,115,3,4,"3,1,2,0"
6361227037,115,3,4,"1,3,49,28"
6361227317,115,3,4,"3,1,0,28"
6361227669,115,3,4,"3,1,0,2"
6361227931,115,3,4,"2,0,1,3"
6361228307,115,3,4,"1,3,0,2"
6361228599,115,3,4,"3,1,15,25"
6361228953,115,3,4,"0,2,1,25"
6361229279,115,3,4,"3,9,24,10"
6361229647,115,3,4,"3,1,0,2"
6361229965,115,3,4,"3,9,1,10"
6361230301,115,3,4,"3,1,0,49"
6361230589,115,3,4,"3,1,0,9"
6361230901,115,3,4,"3,49,23,28"
6361231243,115,3,4,"3,1,23,10"
6361231567,115,3,4,"3,1,9,5"
6361231883,115,3,4,"3,23,28,29"
6361232235,115,3,4,"28,23,18,29"
6361232593,115,3,4,"3,23,28,29"
6361233037,115,3,4,"3,9,1,10"
6361233457,115,3,4,"3,1,10,9"
6361233945,115,3,4,"1,2,0,3"
6361234349,115,3,4,"3,1,6,7"
6361234665,115,3,4,"3,1,9,10"
6361235067,115,3,4,"3,1,9,10"
6361235441,115,3,4,"7,3,1,0"
6361235789,115,3,4,"1,3,0,2"
6361236117,115,3,4,"1,2,0,4"
6361236537,115,3,4,"1,2,0,12"
6361236839,115,3,4,"3,1,10,9"
6361237247,115,3,4,"2,0,1,7"
6361237597,115,3,4,"3,1,0,51"
6361237973,115,3,4,"3,0,2,1"
6361238273,115,3,4,"3,1,39,0"
6361238667,115,3,4,"3,1,9,0"
6361239027,115,3,4,"3,1,0,12"
6361239415,115,3,4,"3,1,0,9"
6361239681,115,3,4,"1,0,3,2"
6361240011,115,3,4,"3,1,0,2"
6361240393,115,3,4,"3,0,1,9"
6361240709,115,3,4,"0,3,2,1"
6361241091,115,3,4,"3,0,1,33"
6361241499,115,3,4,"1,2,0,4"
6361241895,115,3,4,"6,7,2,11"
6361242287,115,3,4,"3,11,6,8"
6361242631,115,3,4,"3,0,6,8"
6361243043,115,3,4,"3,11,6,8"
6361243467,115,3,4,"2,0,6,11"
6361243829,115,3,4,"3,6,1,7"
6361244231,115,3,4,"3,0,7,6"
6361244619,115,3,4,"3,11,6,7"
6361244955,115,3,4,"0,6,2,7"
6361245339,115,3,4,"1,0,2,3"
6361245729,115,3,4,"3,0,20,2"
6361246091,115,3,4,"2,0,6,11"
6361246559,115,3,4,"3,1,0,7"
6361247013,115,3,4,"3,11,6,20"
6361247417,115,3,4,"2,25,0,11"
6361247769,115,3,4,"3,7,6,8"
6361248213,115,3,4,"1,0,3,2"
6361248517,115,3,4,"3,9,1,10"
6361248793,115,3,4,"3,1,9,22"
6361249109,115,3,4,"3,1,9,22"
6361249459,115,3,4,"3,9,1,10"
6361249807,115,3,4,"3,1,9,5"
6361250101,115,3,4,"1,3,9,48"
6361250407,115,3,4,"3,1,9,10"
6361250779,115,3,4,"3,9,1,5"
6361251191,115,3,4,"3,1,10,9"
6361251693,115,3,4,"3,1,10,9"
6361252009,115,3,4,"3,1,9,5"
6361252383,115,3,4,"3,1,9,10"
6361252733,115,3,4,"3,1,9,10"
6361253067,115,3,4,"1,3,5,22"
6361253415,115,3,4,"3,1,9,22"
6361253755,115,3,4,"3,1,9,5"
6361254079,115,3,4,"1,3,0,22"
6361254371,115,3,4,"1,3,9,10"
6361254703,115,3,4,"3,1,9,5"
6361255103,115,3,4,"3,6,7,11"
6361255401,115,3,4,"3,1,6,10"
6361255817,115,3,4,"3,11,6,8"
6361256157,115,3,4,"3,7,6,8"
6361256563,115,3,4,"3,6,0,7"
6361256941,115,3,4,"0,3,7,6"
6361257323,115,3,4,"0,3,2,1"
6361257575,115,3,4,"1,0,2,3"
6361258033,115,3,4,"1,2,0,7"
6361258449,115,3,4,"2,0,1,6"
6361258779,115,3,4,"1,3,9,10"
6361259017,115,3,4,"3,1,10,9"
6361259337,115,3,4,"2,1,0,4"
6361259723,115,3,4,"11,2,0,7"
6361260125,115,3,4,"3,11,6,7"
6361260489,115,3,4,"3,11,6,0"
6361260749,115,3,4,"1,3,10,0"
6361261107,115,3,4,"3,1,2,0"
6361261403,115,3,4,"3,1,9,10"
6361261751,115,3,4,"3,1,9,10"
6361262049,115,3,4,"1,3,9,10"
6361262341,115,3,4,"1,3,9,10"
6361262721,115,3,4,"3,1,9,10"
6361263077,115,3,4,"1,3,9,15"
6361263345,115,3,4,"1,0,3,2"
6361263633,115,3,4,"3,1,9,0"
6361263901,115,3,4,"3,9,1,10"
6361264161,115,3,4,"3,1,9,10"
6361264551,115,3,4,"3,1,0,2"
6361264953,115,3,4,"3,1,10,33"
6361265265,115,3,4,"3,1,9,39"
6361265585,115,3,4,"3,1,9,10"
6361265943,115,3,4,"3,1,9,10"
6361266245,115,3,4,"3,1,15,9"
6361266559,115,3,4,"1,3,0,2"
6361266845,115,3,4,"1,3,9,15"
6361267299,115,3,4,"3,1,10,9"
6361267619,115,3,4,"2,0,1,4"
6361268055,115,3,4,"3,1,0,25"
6361268475,115,3,4,"1,3,9,0"
6361268803,115,3,4,"1,3,0,28"
6361269127,115,3,4,"3,1,49,28"
6361269459,115,3,4,"1,3,49,28"
6361269749,115,3,4,"3,1,9,10"
6361270023,115,3,4,"3,1,0,23"
6361270381,115,3,4,"3,20,23,21"
6361270701,115,3,4,"3,29,18,1"
6361271085,115,3,4,"3,1,20,9"
6361271423,115,3,4,"3,9,1,15"
6361271793,115,3,4,"3,9,1,21"
6361272143,115,3,4,"3,9,1,10"
6361272483,115,3,4,"3,1,9,10"
6361272777,115,3,4,"3,10,1,9"
6361273085,115,3,4,"1,2,0,4"
6361273453,115,3,4,"3,1,9,10"
6361274003,115,3,4,"3,1,9,0"
6361274413,115,3,4,"3,1,9,67"
6361274735,115,3,4,"1,0,3,25"
6361275349,115,3,4,"3,1,0,25"
6361275855,115,3,4,"3,1,25,0"
6361276229,115,3,4,"3,9,1,39"
6361276631,115,3,4,"3,1,9,10"
6361276807,115,3,4,"3,9,10,1"
6361277127,115,3,4,"3,9,1,40"
6361277539,115,3,4,"3,1,0,5"
6361277773,115,3,4,"3,1,9,22"
6361278139,115,3,4,"1,3,2,0"
6361278469,115,3,4,"3,1,9,10"
6361278803,115,3,4,"3,15,9,1"
6361279101,115,3,4,"3,1,9,15"
6361279437,115,3,4,"1,0,2,3"
6361279861,115,3,4,"3,1,25,0"
6361280359,115,3,4,"0,3,1,25"
6361280845,115,3,4,"0,1,3,25"
6361281345,115,3,4,"3,0,25,11"
6361281535,115,3,4,"1,2,0,3"
6361281839,115,3,4,"3,1,39,0"
6361282141,115,3,4,"1,3,9,10"
6361282421,115,3,4,"3,1,7,6"
6361282663,115,3,4,"1,3,0,2"
6361282989,115,3,4,"1,3,9,10"
6361283251,115,3,4,"3,1,9,5"
6361283555,115,3,4,"1,3,10,9"
6361283935,115,3,4,"3,1,9,10"
6361284369,115,3,4,"3,1,9,10"
6361284667,115,3,4,"1,3,39,0"
6361285051,115,3,4,"0,2,3,1"
6361285429,115,3,4,"1,3,0,2"
6361285729,115,3,4,"3,1,0,2"
6361286115,115,3,4,"3,1,39,9"
6361286403,115,3,4,"1,3,22,9"
5915559408,116,6,0,"3,10,1,9"
6161848911,117,8,10,"3,1,9,0"
6162385396,117,8,6,"2,0,1,4"
6162385776,117,8,6,"3,1,10,2"
6162386090,117,8,6,"3,9,1,10"
6162386372,117,8,6,"10,3,1,9"
6162386720,117,8,6,"3,1,9,10"
6162387098,117,8,6,"3,20,18,21"
6161851691,117,8,6,"3,11,9,6"
6161852001,117,8,6,"3,23,20,29"
6161852339,117,8,6,"3,9,10,20"
6161852621,117,8,6,"3,10,23,9"
6161852907,117,8,6,"3,9,1,10"
6161853257,117,8,6,"3,20,11,1"
6161853753,117,8,6,"3,20,11,0"
9827589276,118,8,21,"3,1,10,9"
5720425349,119,4,1,"1,2,0,31"
5720425727,119,4,1,"0,2,1,31"
5720426589,119,4,1,"1,0,2,31"
5720984404,119,4,1,"2,1,0,7"
5720427397,119,4,1,"0,2,25,11"
8359562521,120,10,7,"9,3,1,10"
8359563259,120,10,9,"1,0,2,31"
8359564047,120,10,0,"3,9,10,1"
8362648685,120,10,3,"1,3,10,12"
8362648937,120,10,3,"1,3,10,9"
5170779875,121,10,3,"3,1,9,10"
5213467258,121,10,16,"9,1,3,10"
2259346211,122,8,16,"1,2,0,22"
2259346671,122,8,16,"1,0,2,3"
2263948367,122,8,5,"2,0,1,27"
2264738802,122,8,6,"1,2,0,12"
12332500815,123,4,12,"1,0,2,3"
12332500215,123,4,12,"1,12,3,13"
12332499725,123,4,12,"3,1,9,10"
12332653383,123,4,7,"1,3,0,12"
12332653193,123,4,7,"1,3,9,10"
12332495125,123,4,7,"1,3,12,13"
12332494955,123,4,7,"1,3,10,9"
12332494595,123,4,7,"3,1,9,40"
12332938404,123,4,7,"3,1,9,10"
12332651303,123,4,7,"3,9,1,10"
12332938014,123,4,7,"3,9,1,10"
12332937984,123,4,7,"9,3,10,15"
12332937384,123,4,7,"3,15,9,1"
12332650473,123,4,7,"3,1,9,10"
12332493135,123,4,7,"9,3,1,10"
12332650073,123,4,7,"9,3,10,15"
12332936324,123,4,7,"3,9,1,10"
12332649593,123,4,7,"3,1,9,10"
12332649453,123,4,7,"1,2,0,22"
12332649623,123,4,7,"1,3,9,12"
12332649053,123,4,7,"3,1,0,2"
12332648753,123,4,7,"3,1,0,15"
12332648683,123,4,7,"1,3,9,12"
11163865086,124,10,12,"1,3,10,9"
11163861486,124,10,3,"9,3,1,10"
11163877324,124,10,3,"3,9,1,10"
11163854196,124,10,3,"2,1,0,26"
6453159427,125,8,6,"6,11,7,8"
6453164617,125,8,6,"3,9,10,1"
6453168347,125,8,6,"3,9,10,1"
6453172935,125,8,6,"3,23,28,1"
6453177275,125,8,6,"3,9,1,23"
6453180399,125,8,6,"3,9,23,1"
6453184081,125,8,6,"3,11,6,20"
10816740954,126,9,7,"3,9,10,1"
10816618045,126,9,7,"9,3,1,20"
10816628606,126,9,7,"1,3,12,50"
10816630246,126,9,0,"1,3,12,13"
10816631636,126,9,7,"1,3,12,13"
10816757044,126,9,0,"1,3,0,2"
5476576856,127,11,5,"0,2,1,26"
5475979517,127,11,5,"3,9,1,32"
5475979893,127,11,5,"2,0,1,26"
5476578180,127,11,5,"1,0,2,3"
5475980897,127,11,5,"3,1,9,10"
5467912471,127,11,16,"1,3,0,2"
5467912851,127,11,5,"3,20,9,10"
5468510132,127,11,5,"3,1,6,0"
5468510554,127,11,5,"1,3,9,10"
6774933677,128,0,19,"1,3,9,10"
6867014660,128,2,2,"3,9,10,1"
9960016724,129,8,12,"1,10,3,2"
5843859365,130,4,3,"2,0,1,4"
5844405876,130,4,3,"1,2,0,22"
5846031807,130,4,12,"3,1,10,9"
5846585830,130,4,12,"3,9,1,15"
3208967481,131,7,17,"9,3,1,17"
3208967859,131,7,17,"3,9,1,10"
3209814200,131,7,17,"9,1,3,10"
3209814480,131,7,17,"9,3,1,10"
3209814874,131,7,17,"3,9,1,10"
3208969221,131,7,17,"9,3,10,1"
3208969483,131,7,17,"9,1,3,43"
387302512,131,1,17,"3,9,1,10"
387302674,131,1,17,"1,3,9,40"
387302583,131,1,17,"3,9,1,10"
387302741,131,1,17,"3,1,10,9"
387302819,131,1,17,"3,1,9,10"
387302863,131,1,17,"3,9,10,1"
3452557526,131,3,20,"2,0,11,20"
3462660746,131,3,3,"1,2,0,22"
3462660810,131,3,3,"1,2,0,22"
3459243986,131,3,15,"3,1,10,9"
3459244010,131,3,15,"3,1,10,9"
3459244036,131,3,15,"3,9,20,10"
3458428449,131,3,15,"3,20,9,10"
3458428467,131,3,15,"3,1,10,9"
3953801129,132,8,0,"3,1,10,9"
3955034908,132,8,8,"3,1,10,9"
3954359585,132,8,12,"1,3,13,12"
4033167819,132,9,0,"3,9,10,15"
10225806325,133,9,12,"1,10,3,2"
10245978356,133,9,1,"20,37,2,38"
10245882774,133,9,1,"2,0,1,22"
10267634946,133,9,12,"3,1,9,10"
10267536254,133,9,7,"3,9,10,1"
10267530764,133,9,2,"3,9,1,10"
10267618386,133,9,2,"1,5,3,22"
2271797388,134,1,0,"1,2,0,22"
2727951528,134,7,21,"0,1,2,7"
2727954112,134,7,21,"0,2,1,6"
2727130685,134,7,21,"0,2,11,7"
2727960124,134,7,21,"3,1,9,10"
2727136171,134,7,21,"2,0,1,4"
2727965030,134,7,21,"0,1,2,7"
2727141625,134,7,21,"3,1,7,6"
2727144453,134,7,21,"7,3,6,8"
2727973602,134,7,21,"6,7,11,8"
127981225,135,3,16,"1,2,0,22"
127987020,135,3,3,"2,11,6,8"
174520556,135,5,17,"1,0,2,22"
275268593,135,9,17,"1,3,10,2"
275268646,135,9,17,"1,2,12,0"
275268706,135,9,17,"1,2,22,3"
275268742,135,9,17,"9,3,1,10"
302731121,135,10,17,"1,10,3,9"
302731150,135,10,17,"1,3,10,22"
302731184,135,10,17,"1,3,10,9"
330107521,135,11,17,"3,11,6,8"
354813117,135,0,17,"1,3,10,22"
360512229,135,0,17,"10,3,1,9"
360516277,135,0,17,"3,10,1,9"
375573004,135,0,17,"3,9,1,10"
818826348,135,6,17,"10,3,1,9"
1127077531,135,7,17,"1,3,10,9"
1360278149,135,8,17,"1,22,3,0"
8680466360,136,3,15,"3,9,1,40"
8682436170,136,3,12,"3,9,1,10"
8681491129,136,3,1,"1,2,0,27"
8682722548,136,3,1,"9,10,3,1"
3903647084,137,5,7,"3,1,9,22"
3902867311,137,5,0,"1,3,22,0"
3902867595,137,5,7,"3,1,9,10"
3816235787,138,7,12,"3,9,1,10"
3816236621,138,7,12,"1,3,10,2"
3817053828,138,7,22,"3,9,1,10"
10279048406,139,9,6,"1,3,46,10"
8672054478,140,3,12,"1,2,0,4"
8672054304,140,3,12,"1,3,9,10"
8672054170,140,3,12,"1,3,0,2"
8672054010,140,3,12,"1,3,10,9"
13204294183,140,3,12,"1,3,9,10"
8672564616,140,3,12,"3,9,1,10"
8671463135,140,3,12,"1,3,10,2"
8672564132,140,3,12,"1,3,10,9"
8693196065,140,3,4,"3,1,28,23"
8693195865,140,3,4,"0,1,2,3"
8693195663,140,3,4,"3,1,9,10"
4959860592,141,4,6,"1,2,0,4"
4959861906,141,4,3,"1,10,3,9"
6220205121,142,9,6,"1,0,2,35"
6220729872,142,9,6,"2,0,1,27"
6220740346,142,9,15,"3,1,0,6"
7057242583,143,11,9,"3,6,11,8"
10753306305,144,9,16,"1,9,3,10"
10753405416,144,9,8,"1,0,2,3"
10753622963,144,9,8,"1,3,0,2"
10753323785,144,9,8,"1,0,3,2"
10753412816,144,9,8,"1,3,0,2"
10753629793,144,9,8,"1,3,22,0"
10753437334,144,9,8,"1,3,0,2"
10753424036,144,9,8,"1,3,0,2"
10753425736,144,9,8,"1,3,9,10"
10753340465,144,9,8,"3,9,1,10"
10753449334,144,9,8,"3,9,10,1"
10753433036,144,9,8,"3,9,1,10"
10753435346,144,9,8,"3,9,10,1"
10753436876,144,9,8,"9,3,10,1"
10753653393,144,9,8,"3,9,10,1"
10753458804,144,9,8,"3,9,10,1"
10753442476,144,9,8,"3,9,1,10"
10753444906,144,9,8,"3,9,1,10"
10753660683,144,9,8,"3,1,9,10"
10753896834,144,9,8,"3,9,1,10"
10753898074,144,9,8,"3,9,1,10"
10753795035,144,9,8,"3,9,1,10"
10753901534,144,9,8,"3,1,9,10"
12086407706,144,0,17,"1,9,3,2"
12086056963,144,0,17,"9,10,3,1"
2238830710,145,11,12,"1,2,0,7"
2238831990,145,11,12,"2,0,1,12"
2238041723,145,11,12,"1,2,0,22"
2238834370,145,11,24,"9,3,1,32"
2238044161,145,11,24,"9,3,1,10"
2238837726,145,11,24,"9,3,10,1"
2238847378,145,11,24,"1,3,0,6"
2238850614,145,11,5,"0,2,1,4"
2238060629,145,11,5,"2,0,1,4"
2238061991,145,11,5,"2,0,1,4"
2238854324,145,11,5,"3,1,0,2"
2238064347,145,11,5,"3,1,9,34"
2238065587,145,11,5,"2,0,3,20"
2238066993,145,11,5,"9,3,10,1"
2238860438,145,11,5,"2,0,1,26"
2238070255,145,11,5,"2,0,1,18"
2238071147,145,11,5,"1,2,0,22"
2238072087,145,11,5,"2,0,1,18"
2238864418,145,11,5,"2,1,0,26"
2238865486,145,11,5,"1,3,9,2"
2238077767,145,11,5,"2,0,18,26"
2238078897,145,11,5,"2,0,26,18"
2238871300,145,11,5,"2,0,1,26"
2238081347,145,11,5,"2,0,1,26"
2238082467,145,11,5,"0,2,1,3"
2238874726,145,11,5,"3,1,9,0"
2238084929,145,11,5,"1,3,9,10"
3261925919,146,11,15,"0,2,1,16"
3161131379,146,11,15,"1,2,0,4"
3162950672,146,11,15,"1,3,12,9"
3166217513,146,11,15,"1,0,2,3"
3166846500,146,11,15,"3,1,9,10"
227041054,147,7,0,"3,9,10,1"
1154357718,147,7,1,"2,0,1,22"
2939232431,147,9,11,"3,1,9,10"
7860713186,148,7,6,"3,2,20,0"
9636118074,148,7,6,"2,26,18,20"
10359390804,149,9,12,"1,10,3,9"
13966175733,150,3,3,"1,3,0,2"
13966181063,150,3,3,"2,20,0,26"
13943022342,150,3,3,"2,27,26,0"
4021612879,151,9,23,"52,53,9,1"
5276372377,151,11,0,"1,3,35,12"
8479913871,152,2,1,"3,1,6,11"
8492389873,152,2,3,"2,1,0,27"
7002968723,153,6,1,"1,2,0,4"
7002969363,153,6,1,"7,2,1,6"
7002969891,153,6,1,"3,1,7,6"
7002970629,153,6,1,"3,1,15,7"
7002971025,153,6,1,"0,6,11,2"
7002971369,153,6,1,"3,1,9,0"
6856856864,153,6,1,"1,2,0,7"
7002972385,153,6,1,"2,0,1,4"
7002972889,153,6,1,"2,0,1,4"
6856858724,153,6,1,"1,2,0,4"
7002974157,153,6,1,"1,0,2,4"
6856859734,153,6,1,"1,3,0,2"
6856860152,153,6,1,"3,9,10,1"
7002975259,153,6,1,"3,1,10,9"
5236982716,154,10,1,"1,0,2,26"
5236392997,154,10,1,"2,0,18,28"
5236985782,154,10,1,"2,0,1,18"
5239980470,154,10,1,"49,0,2,18"
5239981198,154,10,1,"0,2,1,25"
5239982122,154,10,1,"2,1,0,4"
5239384903,154,10,1,"1,0,2,12"
5239984316,154,10,1,"2,0,25,4"
5248432652,154,10,14,"2,0,20,11"
5247830399,154,10,14,"3,11,6,7"
5248435752,154,10,26,"2,7,0,6"
5247833395,154,10,26,"3,9,1,11"
5247834019,154,10,26,"3,11,25,6"
5247834523,154,10,26,"2,0,11,7"
5262319413,154,10,6,"3,10,9,52"
5262928544,154,10,6,"3,38,51,20"
11446649884,155,11,16,"3,9,10,1"
11446792313,155,11,16,"9,3,10,1"
11449749423,155,11,12,"1,10,3,2"
8455055667,156,5,3,"1,3,10,9"
8453726128,156,5,3,"9,3,1,17"
8453726360,156,5,3,"3,9,10,1"
8452634571,156,5,3,"3,9,1,17"
8452634717,156,5,3,"3,9,17,1"
8453726860,156,5,3,"3,9,1,17"
8453727020,156,5,3,"3,9,1,17"
8452635289,156,5,3,"9,3,15,1"
8453727240,156,5,3,"0,2,1,27"
8452635673,156,5,3,"2,0,26,18"
8452635767,156,5,3,"3,9,1,17"
8452635915,156,5,3,"1,3,0,2"
8452636173,156,5,3,"9,3,10,1"
8452636339,156,5,3,"9,3,1,10"
8453728436,156,5,3,"3,1,9,10"
8453728700,156,5,3,"9,3,10,1"
8453728946,156,5,3,"9,3,1,10"
8453729210,156,5,3,"9,3,10,1"
8452637733,156,5,3,"9,3,1,17"
8453729728,156,5,3,"1,3,9,10"
8453729936,156,5,3,"9,3,10,1"
8453730228,156,5,3,"3,1,9,15"
8453730390,156,5,3,"3,9,1,17"
8453730562,156,5,3,"3,9,1,17"
8453730790,156,5,3,"3,9,1,17"
8453730928,156,5,3,"1,3,0,2"
8453731122,156,5,3,"3,1,9,0"
8453731378,156,5,3,"1,2,0,25"
8452639821,156,5,3,"1,3,9,0"
8456096020,156,5,3,"3,9,1,10"
8455000147,156,5,3,"3,1,9,10"
8455000009,156,5,3,"26,2,0,20"
8456095562,156,5,3,"1,3,18,10"
8454999841,156,5,3,"1,2,0,3"
8452641007,156,5,3,"10,3,1,9"
8452641169,156,5,3,"9,3,10,15"
8455103177,156,5,3,"9,3,10,1"
8453733180,156,5,3,"9,3,15,1"
7976315764,156,8,4,"3,11,6,7"
7976436029,156,8,4,"3,1,9,17"
7976438824,156,8,4,"3,9,1,10"
7976436587,156,8,4,"3,1,9,17"
7976316008,156,8,4,"1,3,13,12"
8473790888,156,8,4,"3,9,1,17"
7976313148,156,8,4,"3,1,0,9"
7976311081,156,8,4,"3,1,9,15"
7976420055,156,8,4,"9,3,1,15"
7976422906,156,8,4,"3,9,1,15"
7976420807,156,8,4,"9,3,1,17"
7976423606,156,8,4,"9,3,15,1"
7976421359,156,8,4,"3,9,1,17"
7976421763,156,8,4,"3,9,1,17"
7976424562,156,8,4,"3,1,9,15"
7979506223,156,8,4,"3,1,2,0"
7720246558,157,8,6,"3,1,10,22"
7720245118,157,8,6,"3,1,25,10"
2424446470,158,3,15,"0,1,2,3"
6997064322,159,3,12,"1,2,0,3"
9676838688,160,9,2,"1,0,2,3"
234682761,161,8,2,"1,3,10,9"
234682795,161,8,2,"2,1,0,4"
234682994,161,8,1,"0,2,1,27"
4198158514,162,6,22,"1,10,3,2"
4203025021,162,6,11,"1,10,3,9"
4203025445,162,6,11,"1,22,2,0"
4203025979,162,6,11,"2,0,1,4"
4203783266,162,6,11,"3,10,1,9"
4203783984,162,6,11,"3,1,10,9"
4203027967,162,6,11,"3,10,1,9"
4203028589,162,6,11,"1,2,0,22"
4203785888,162,6,11,"1,3,0,2"
4203786984,162,6,11,"3,1,0,2"
4203030953,162,6,11,"3,9,1,10"
4203031539,162,6,11,"1,2,0,12"
4205835051,162,6,22,"1,3,10,35"
8722836258,162,2,22,"1,10,9,3"
8721716179,162,2,0,"2,0,1,25"
8721740047,162,2,0,"1,3,9,10"
8721740193,162,2,0,"9,3,10,1"
8721740379,162,2,0,"3,10,1,9"
8722863792,162,2,12,"10,1,3,9"
8722864010,162,2,12,"3,1,10,9"
8567266101,162,2,12,"3,9,10,1"
8721767373,162,2,12,"1,10,3,9"
8721767567,162,2,12,"1,9,3,10"
8722887840,162,2,12,"9,3,10,1"
8722887696,162,2,12,"9,3,1,10"
8721767963,162,2,12,"1,10,9,3"
8722888222,162,2,12,"9,3,1,10"
8722888470,162,2,12,"3,1,9,36"
8721768549,162,2,12,"3,9,1,17"
8722888814,162,2,12,"3,9,1,10"
8722888942,162,2,12,"3,9,10,1"
8721768973,162,2,12,"3,1,9,10"
8730228237,162,2,11,"3,10,9,1"
8731348670,162,2,11,"1,3,2,22"
8730228903,162,2,11,"1,2,0,12"
8733662261,162,2,12,"1,3,10,2"
8733663289,162,2,12,"3,1,10,9"
8575496833,162,2,1,"1,2,0,10"
8737259223,162,2,1,"2,0,1,4"
8738377672,162,2,1,"2,0,1,25"
8737259575,162,2,1,"1,2,0,4"
8737259717,162,2,1,"2,0,1,4"
8737260105,162,2,1,"2,0,1,3"
8738378542,162,2,1,"0,2,1,11"
8737260461,162,2,1,"0,2,3,6"
8737260637,162,2,1,"0,2,1,4"
8738379060,162,2,1,"2,1,0,12"
8738379292,162,2,1,"1,2,0,4"
8737261145,162,2,1,"1,3,0,2"
8737261283,162,2,1,"3,9,1,10"
8738379662,162,2,1,"0,2,1,4"
8738379888,162,2,1,"2,0,1,4"
8737261747,162,2,1,"1,3,0,9"
8737261881,162,2,1,"1,2,0,3"
8738380302,162,2,1,"2,1,0,4"
8738380560,162,2,1,"1,0,3,2"
8737273405,162,2,1,"3,9,1,10"
8738391126,162,2,1,"3,9,1,10"
8737273643,162,2,1,"1,3,9,10"
8737273793,162,2,1,"9,3,1,10"
8738392526,162,2,1,"1,0,2,35"
8738392798,162,2,1,"1,0,2,25"
8738393128,162,2,1,"0,2,1,25"
8737274937,162,2,1,"2,0,1,11"
8737275163,162,2,1,"1,0,2,22"
8738393788,162,2,1,"3,11,0,6"
8737275603,162,2,1,"0,2,11,6"
8737275959,162,2,1,"3,1,0,11"
8737276203,162,2,1,"0,2,25,11"
8738394862,162,2,1,"0,2,1,11"
8738395090,162,2,1,"0,1,2,25"
8738395432,162,2,1,"2,0,11,6"
8738395692,162,2,1,"0,2,6,7"
8737347199,162,2,22,"3,10,1,9"
8737347787,162,2,22,"1,3,10,9"
8737348707,162,2,22,"1,3,10,9"
8740962578,162,2,12,"1,10,3,22"
8583825825,162,2,2,"1,3,9,22"
8743988622,162,2,2,"1,2,0,22"
8585032428,162,2,2,"3,9,10,1"
8743988786,162,2,2,"3,1,10,9"
8743988900,162,2,2,"3,9,10,1"
8742872009,162,2,11,"1,3,13,12"
8742872185,162,2,11,"3,1,9,15"
8743989362,162,2,11,"3,1,15,0"
8742872433,162,2,11,"1,3,0,2"
8742872565,162,2,11,"3,1,15,10"
8742872697,162,2,11,"1,3,15,12"
8764876548,162,2,22,"3,9,1,10"
8814528548,162,2,0,"1,3,10,9"
8814529242,162,2,0,"3,10,1,9"
8803945267,162,2,0,"3,9,10,1"
8814531256,162,2,0,"3,24,10,9"
8814530240,162,2,0,"9,3,10,1"
9121795783,162,3,12,"9,10,3,1"
9121796623,162,3,12,"9,3,1,10"
9124020190,162,3,12,"9,3,1,10"
9124020922,162,3,12,"3,9,10,1"
9124021850,162,3,12,"9,3,10,1"
8690145851,162,3,12,"1,3,9,10"
9195264737,162,3,12,"1,12,13,0"
9198051140,162,3,12,"1,3,0,2"
9198051594,162,3,12,"1,0,2,4"
9198052044,162,3,12,"1,3,9,10"
9195266603,162,3,12,"3,1,9,22"
2790958479,163,7,15,"3,9,1,17"
2791537579,163,7,15,"3,9,1,10"
2791542229,163,7,15,"10,3,9,1"
2791544803,163,7,15,"1,2,0,27"
2791548967,163,7,15,"1,2,0,12"
2792725173,164,6,1,"2,0,11,6"
2792725881,164,6,1,"2,0,4,1"
2793577608,164,6,1,"3,9,1,10"
2792726981,164,6,1,"1,3,7,2"
6005150656,165,7,12,"1,3,10,9"
4423370209,166,2,16,"1,0,2,18"
10117501804,167,8,3,"1,3,9,5"
10117509114,167,8,3,"2,0,1,27"
10117609496,167,8,3,"2,0,27,26"
10117570285,167,8,3,"1,2,0,26"
10117574275,167,8,3,"0,1,2,15"
10117623926,167,8,3,"2,0,27,26"
10117696853,167,8,12,"1,3,10,9"
10117711423,167,8,0,"1,3,10,2"
9194233283,168,5,15,"3,9,1,10"
9265700406,168,5,15,"3,9,1,10"
9197026404,168,5,15,"1,3,13,12"
9262925853,168,5,15,"1,3,13,12"
9194238427,168,5,15,"3,1,9,33"
9262928601,168,5,15,"3,1,9,33"
9197023026,168,5,15,"1,3,9,33"
9262922063,168,5,15,"1,3,9,33"
9143820520,168,5,15,"1,3,0,2"
9143815662,168,5,15,"3,33,2,0"
9258327219,168,5,15,"3,33,2,0"
2069765403,169,10,12,"10,9,3,1"
2070559568,169,10,12,"3,10,1,9"
2070560548,169,10,12,"3,1,9,10"
2070569972,169,10,0,"3,9,1,10"
2070570886,169,10,0,"3,9,10,1"
2069778611,169,10,0,"1,3,10,9"
2978325050,170,9,1,"3,1,10,9"
2980043732,170,9,21,"3,7,6,1"
2982819840,170,9,21,"1,3,10,2"
2982892914,170,9,21,"3,10,1,9"
2985542022,170,9,3,"2,0,26,11"
2985542994,170,9,3,"3,9,15,1"
2984687275,170,9,16,"3,1,10,9"
2985554412,170,9,16,"1,10,3,9"
2984806329,170,9,16,"1,3,9,5"
2987166122,170,9,3,"1,0,3,9"
2987167392,170,9,3,"1,0,3,2"
2992201954,170,10,3,"1,10,9,3"
8059607976,171,9,20,"1,0,3,61"
8059696474,171,9,20,"1,3,5,0"
8059609588,171,9,20,"1,3,9,35"
8059694246,171,9,20,"3,1,9,10"
8059691214,171,9,20,"1,3,5,58"
8059689293,171,9,20,"3,1,5,58"
8059612829,171,9,20,"1,3,22,0"
8059682862,171,9,20,"1,3,5,9"
8059680431,171,9,20,"3,1,9,5"
8059685690,171,9,20,"3,1,9,35"
8059674053,171,9,20,"1,3,9,0"
8059614678,171,9,20,"1,0,5,2"
8059676581,171,9,20,"1,3,9,10"
8059667803,171,9,20,"1,3,9,55"
9561579102,172,7,6,"1,2,0,12"
9558776327,172,7,6,"1,2,0,4"
9561578986,172,7,6,"1,3,52,9"
9561578762,172,7,6,"3,9,10,1"
9558787659,172,7,6,"1,2,0,26"
9558787425,172,7,6,"1,0,2,26"
9561578264,172,7,6,"1,0,2,26"
9561578022,172,7,6,"3,28,23,21"
9558786825,172,7,6,"3,28,49,23"
9561577544,172,7,6,"3,28,23,18"
9558786481,172,7,6,"3,20,28,23"
9561577172,172,7,6,"3,9,1,10"
9558786015,172,7,6,"3,1,10,9"
9561576752,172,7,6,"3,27,9,10"
9561576544,172,7,6,"1,3,27,10"
9561576354,172,7,6,"3,9,1,10"
9558785205,172,7,6,"3,25,20,11"
9558784787,172,7,6,"3,20,11,1"
9558784543,172,7,6,"3,1,9,10"
9558784295,172,7,6,"3,2,0,1"
9561574978,172,7,6,"3,20,2,28"
9558783749,172,7,6,"2,1,0,3"
9558783535,172,7,6,"2,1,3,0"
9561574114,172,7,6,"3,0,2,11"
9561573894,172,7,6,"3,9,1,10"
9558782889,172,7,6,"3,2,1,20"
9561573466,172,7,6,"2,1,0,25"
9558782473,172,7,6,"3,1,9,10"
9561573046,172,7,6,"3,10,9,20"
9558782059,172,7,6,"3,1,11,0"
9558781859,172,7,6,"3,6,7,11"
9561572470,172,7,6,"1,2,3,25"
9558781541,172,7,6,"3,9,10,1"
9561572206,172,7,6,"3,9,1,10"
9558781177,172,7,6,"2,11,20,6"
9561571838,172,7,6,"2,3,1,0"
9558780795,172,7,6,"3,1,10,2"
9561571388,172,7,6,"3,1,23,28"
9558780309,172,7,6,"3,1,9,10"
9561570880,172,7,6,"3,10,9,23"
9558779915,172,7,6,"3,10,20,9"
9561570108,172,7,6,"3,0,1,18"
9558779081,172,7,6,"0,2,18,3"
9561569630,172,7,6,"0,2,3,18"
9558778503,172,7,6,"3,0,21,18"
9561569118,172,7,6,"3,20,2,0"
9561568862,172,7,6,"3,2,20,0"
9558777719,172,7,6,"3,20,2,0"
9558777469,172,7,6,"3,20,2,0"
9558776087,172,7,6,"3,2,1,0"
9558995695,172,7,6,"2,0,3,20"
9561787662,172,7,6,"2,0,3,20"
9561788076,172,7,6,"2,0,3,18"
9558995961,172,7,6,"2,0,3,1"
9561789052,172,7,6,"3,0,2,1"
9558998277,172,7,6,"2,0,18,3"
9561787344,172,7,6,"2,0,3,1"
9558994929,172,7,6,"2,3,0,20"
9561785706,172,7,6,"3,0,2,1"
9558995345,172,7,6,"3,2,0,18"
9558993179,172,7,6,"2,0,20,1"
9558993449,172,7,6,"2,0,20,38"
9561783992,172,7,6,"2,0,1,20"
9558993805,172,7,6,"2,0,20,1"
9558994199,172,7,6,"2,0,20,26"
9561784302,172,7,6,"2,0,20,1"
9561753958,172,7,6,"20,3,2,0"
9561783610,172,7,6,"3,20,2,38"
9558992935,172,7,6,"20,3,2,0"
9558991677,172,7,6,"3,20,10,9"
9561782564,172,7,6,"3,20,2,10"
9561783190,172,7,6,"3,20,2,0"
9561782792,172,7,6,"3,20,10,2"
9561782932,172,7,6,"3,20,10,9"
9558990703,172,7,6,"3,1,0,2"
9558991051,172,7,6,"3,1,0,2"
9561780440,172,7,6,"3,0,2,1"
9561780710,172,7,6,"3,0,2,20"
9561780450,172,7,6,"3,0,2,20"
9558989855,172,7,6,"3,1,0,2"
9561781382,172,7,6,"3,1,0,2"
9561780090,172,7,6,"3,2,20,0"
9558988255,172,7,6,"3,10,9,1"
9561779720,172,7,6,"3,10,9,1"
9561778586,172,7,6,"3,9,10,1"
9561779054,172,7,6,"3,10,9,1"
9561778150,172,7,6,"3,9,10,1"
5542970157,173,0,17,"9,3,1,10"
5543550928,173,0,17,"9,3,1,10"
5542962937,173,0,17,"9,3,1,10"
4936181316,173,4,1,"2,0,1,4"
4936181804,173,4,1,"3,11,7,6"
4935592901,173,4,1,"0,1,2,3"
4935593315,173,4,1,"0,2,25,11"
4936183214,173,4,1,"3,7,6,0"
4936183654,173,4,1,"3,1,0,25"
4935594707,173,4,1,"3,1,9,10"
9802995653,174,8,1,"2,0,1,4"
9802909595,174,8,1,"2,0,1,4"
9802907835,174,8,1,"2,0,11,6"
9802941226,174,8,1,"2,0,11,6"
9802903355,174,8,1,"2,0,25,11"
9802925474,174,8,1,"11,6,2,0"
9802921634,174,8,1,"2,0,1,4"
9802931646,174,8,1,"2,0,1,4"
9802917974,174,8,1,"1,2,0,4"
9802915194,174,8,1,"1,2,0,4"
9802907654,174,8,1,"0,25,11,1"
9802916056,174,8,1,"2,0,25,26"
9802878285,174,8,1,"2,0,25,4"
4531538594,175,3,12,"1,3,9,10"
4530907073,175,3,12,"1,3,2,22"
4531539614,175,3,12,"1,3,0,2"
4530910287,175,3,12,"9,3,10,1"
4531562458,175,3,12,"9,3,1,10"
3030350415,176,10,20,"3,9,1,17"
3283890405,176,1,20,"3,9,1,34"
3640613679,176,5,20,"3,9,1,10"
3704661858,176,6,20,"3,9,1,10"
3716718178,176,6,16,"3,9,1,17"
3719767270,176,6,16,"3,9,34,1"
3855953886,176,7,0,"3,9,1,10"
3855176241,176,7,0,"3,9,10,1"
3855396683,176,7,0,"3,1,25,11"
3861955615,176,7,16,"3,9,1,10"
3928497809,176,8,20,"3,1,9,10"
4043382020,176,9,4,"3,1,9,17"
4203312096,176,11,16,"1,0,2,27"
4202554343,176,11,16,"1,2,0,22"
4203313816,176,11,16,"1,2,0,22"
4202555459,176,11,16,"1,22,3,0"
4202556005,176,11,16,"1,3,0,22"
4202556387,176,11,16,"1,2,0,27"
4203316024,176,11,16,"1,3,0,9"
4202557815,176,11,16,"3,1,0,8"
4202558151,176,11,16,"1,0,2,3"
4203317822,176,11,16,"9,3,1,10"
4203318190,176,11,16,"9,3,10,1"
4203318614,176,11,16,"3,9,1,33"
4203319176,176,11,16,"3,1,9,17"
4202628582,176,11,16,"3,1,9,14"
4202560559,176,11,16,"3,9,1,10"
4202561311,176,11,16,"1,3,0,7"
4203330616,176,11,22,"1,3,9,10"
4202572281,176,11,22,"1,2,0,12"
4203331862,176,11,22,"1,12,13,2"
4202574325,176,11,22,"1,2,0,10"
4202574661,176,11,0,"1,3,10,9"
4203333884,176,11,0,"9,10,3,1"
4202575741,176,11,0,"3,9,10,1"
4202576973,176,11,0,"1,3,10,22"
4202577499,176,11,0,"1,10,3,9"
4203336740,176,11,0,"1,10,3,2"
4203341806,176,11,0,"9,3,10,1"
4221417909,176,11,3,"9,3,10,1"
4391688422,176,1,16,"3,9,1,10"
4428960458,176,2,15,"1,0,2,4"
4492765193,176,3,15,"3,20,7,6"
4657968915,176,5,0,"1,3,9,14"
4807542755,176,6,12,"3,1,9,10"
4807543001,176,6,12,"3,1,10,9"
4807543287,176,6,12,"9,3,10,1"
4808165238,176,6,12,"3,9,10,34"
4808165562,176,6,12,"3,9,1,10"
4808165814,176,6,12,"3,9,1,10"
4808166040,176,6,12,"1,3,22,12"
4808166352,176,6,12,"3,9,1,10"
4808166626,176,6,12,"1,3,0,2"
4807545101,176,6,12,"3,1,9,10"
4808167128,176,6,12,"1,3,22,0"
4808167416,176,6,12,"3,1,0,9"
4807550635,176,6,12,"1,3,22,9"
4808172738,176,6,12,"6,7,3,11"
4808172998,176,6,12,"3,9,1,10"
4807551539,176,6,12,"3,9,1,10"
4807551867,176,6,12,"1,3,9,10"
4807552177,176,6,12,"3,9,1,10"
4807552457,176,6,12,"3,9,1,10"
4807552813,176,6,12,"3,1,9,10"
4808174718,176,6,12,"3,1,10,9"
4826817733,176,6,12,"1,3,10,12"
4826818361,176,6,12,"3,1,9,10"
4826821151,176,6,0,"3,9,1,10"
4825728458,176,6,0,"3,1,9,10"
4826821719,176,6,0,"1,3,12,19"
5152418473,176,10,14,"3,10,9,1"
5153451180,176,10,4,"3,1,9,10"
5153634174,176,10,4,"0,1,2,3"
5153032533,176,10,4,"3,9,1,17"
5153044155,176,10,4,"1,3,9,10"
5168246257,176,10,16,"1,3,9,0"
5329895005,176,0,20,"1,3,9,17"
6279272762,176,9,16,"3,9,1,10"
6283163749,176,9,16,"1,3,10,2"
6283737944,176,9,22,"3,1,10,9"
6422252417,176,10,0,"3,9,1,10"
6423413253,176,10,0,"9,3,1,10"
6445679165,176,11,3,"1,3,10,22"
6445749595,176,11,3,"1,10,3,2"
6445885157,176,11,3,"3,9,10,1"
6445926063,176,11,3,"10,3,1,9"
6457829333,176,11,16,"1,0,2,3"
6486673105,176,11,20,"9,3,1,0"
6486718667,176,11,20,"3,9,1,10"
6486844973,176,11,20,"3,1,9,0"
6486852341,176,11,20,"3,9,10,1"
6486884879,176,11,20,"3,9,10,1"
6489648845,176,11,0,"3,1,9,17"
6489833365,176,11,0,"3,9,1,10"
6541986887,176,11,16,"3,9,10,1"
6586979479,176,11,20,"3,9,1,0"
6600281365,176,11,20,"9,3,10,1"
6639225721,176,0,16,"3,1,0,2"
6645267543,176,0,16,"3,1,9,0"
6805060921,176,1,16,"3,9,1,10"
6840428296,176,2,16,"3,9,10,15"
6846116764,176,2,0,"9,3,10,1"
6995711801,176,2,16,"3,1,9,10"
6873844208,176,2,16,"3,9,10,1"
7072506321,176,3,16,"3,9,1,10"
7308678300,176,5,20,"3,1,9,17"
7163707211,176,5,20,"3,9,10,1"
7464648848,176,5,16,"3,1,9,10"
5179083262,177,9,12,"3,9,1,10"
5179085228,177,9,12,"1,3,10,9"
5179087322,177,9,12,"1,3,10,9"
5179089158,177,9,12,"1,3,22,10"
5387131663,177,9,2,"3,1,9,10"
5387133275,177,9,2,"1,3,24,0"
5387738344,177,9,2,"3,1,9,10"
5387136159,177,9,2,"3,9,1,10"
5387137451,177,9,2,"1,3,0,2"
5387742070,177,9,2,"3,1,9,10"
5387743348,177,9,2,"3,9,10,1"
5387141389,177,9,2,"3,9,10,1"
5387142785,177,9,2,"9,3,10,1"
5387747104,177,9,2,"9,3,10,1"
5387144869,177,9,2,"3,9,10,1"
5387146187,177,9,2,"3,9,34,10"
5387750368,177,9,2,"3,9,34,1"
5387148167,177,9,2,"3,9,1,17"
5387149305,177,9,2,"9,3,1,10"
5387150811,177,9,2,"1,3,0,2"
5387152205,177,9,2,"3,1,10,9"
5387756946,177,9,2,"1,3,10,22"
5387155175,177,9,2,"3,1,10,9"
5387759196,177,9,2,"1,3,0,35"
5387760262,177,9,2,"9,3,10,17"
5387761386,177,9,2,"3,9,1,10"
5387159403,177,9,2,"3,9,10,1"
5387160287,177,9,2,"9,1,3,10"
5387764824,177,9,2,"3,9,1,10"
5387162649,177,9,2,"9,3,10,1"
5387164061,177,9,2,"3,9,1,10"
5387768690,177,9,2,"3,1,9,10"
5387166515,177,9,2,"3,9,1,10"
5387770936,177,9,2,"9,3,1,17"
5387772164,177,9,2,"0,1,2,26"
5387170205,177,9,2,"3,1,9,0"
5387774502,177,9,2,"3,1,9,22"
5387172275,177,9,2,"9,1,3,43"
5387776516,177,9,2,"3,9,1,10"
5387778480,177,9,2,"9,3,10,1"
5387176265,177,9,2,"9,1,3,10"
5387196193,177,9,3,"1,9,3,10"
5387801618,177,9,3,"3,9,10,1"
5387802648,177,9,3,"9,1,3,10"
5387199785,177,9,3,"9,3,10,1"
5387201035,177,9,3,"3,1,10,9"
5387202265,177,9,3,"10,3,1,9"
5387808152,177,9,3,"3,9,10,1"
5387809282,177,9,3,"10,9,3,1"
5387206417,177,9,3,"3,9,10,1"
5387207727,177,9,3,"9,3,1,10"
5387813462,177,9,3,"10,9,3,1"
5387815076,177,9,3,"10,9,3,1"
5387212055,177,9,3,"3,9,10,1"
5387817858,177,9,3,"3,9,10,1"
5387214801,177,9,3,"3,9,1,10"
5387215901,177,9,3,"3,9,1,10"
5387217247,177,9,3,"3,9,1,10"
5387822466,177,9,3,"3,9,1,14"
5387219291,177,9,3,"3,9,10,1"
5387220631,177,9,3,"3,10,9,1"
5387826342,177,9,3,"1,3,10,9"
5387828056,177,9,3,"3,1,10,9"
5387829842,177,9,3,"1,3,10,9"
5387226873,177,9,3,"9,10,3,1"
5387228077,177,9,3,"9,3,10,1"
5387833660,177,9,3,"9,3,1,10"
5387834702,177,9,3,"9,1,10,3"
5387231473,177,9,3,"10,9,3,1"
5387232779,177,9,3,"3,9,10,1"
5387233821,177,9,3,"3,9,1,10"
5387839406,177,9,3,"9,10,3,1"
5387236651,177,9,3,"9,10,3,1"
5387238681,177,9,3,"3,1,10,9"
5387240187,177,9,3,"9,3,10,1"
5387241885,177,9,3,"9,3,1,10"
5387243381,177,9,3,"3,9,1,10"
5387244507,177,9,3,"3,9,1,10"
5387245503,177,9,3,"1,2,10,3"
5387246687,177,9,3,"1,2,22,10"
5387247947,177,9,3,"1,3,2,10"
5387249389,177,9,3,"3,1,9,10"
5387854718,177,9,3,"3,1,9,10"
5387252037,177,9,3,"1,9,3,10"
5387253317,177,9,3,"9,3,1,10"
5387858904,177,9,16,"1,2,0,3"
5387255767,177,9,16,"1,2,0,10"
5387257059,177,9,16,"10,3,9,1"
5387258641,177,9,16,"1,3,10,9"
5387260103,177,9,16,"3,1,10,9"
5387866258,177,9,16,"1,2,3,10"
5387867542,177,9,16,"3,9,10,1"
5387264491,177,9,16,"3,1,9,10"
5464867435,177,9,9,"1,0,3,7"
5464869655,177,9,9,"3,9,1,60"
5465470996,177,9,9,"3,1,6,7"
5464874195,177,9,9,"0,2,1,4"
5465474150,177,9,9,"1,0,2,11"
5464877269,177,9,9,"3,1,9,10"
5464879307,177,9,9,"9,3,10,1"
5464880993,177,9,9,"1,0,2,4"
5465481368,177,9,9,"2,0,1,4"
5465482666,177,9,9,"1,0,2,3"
5464886193,177,9,9,"3,9,1,10"
5465485670,177,9,9,"1,2,0,4"
5464889837,177,9,9,"1,2,0,4"
5465489010,177,9,9,"1,0,2,31"
5464892605,177,9,9,"1,0,2,31"
5465492644,177,9,9,"1,0,3,2"
5464897347,177,9,9,"3,9,1,33"
5465497266,177,9,9,"1,2,0,31"
5464901773,177,9,9,"1,3,9,2"
5465501206,177,9,9,"1,3,10,9"
5465502946,177,9,9,"3,9,1,33"
5464906861,177,9,9,"1,0,3,2"
5464908663,177,9,9,"1,2,0,4"
5465508926,177,9,9,"1,0,2,4"
5464912867,177,9,9,"1,3,9,10"
5464915433,177,9,9,"1,3,0,2"
5465515590,177,9,9,"1,3,0,6"
5464919849,177,9,9,"0,2,1,6"
5464922853,177,9,9,"0,1,2,7"
5465522494,177,9,9,"3,1,9,32"
5465550792,177,9,9,"1,0,3,25"
5465552250,177,9,9,"1,3,9,10"
5465554182,177,9,9,"1,3,0,2"
5465556128,177,9,9,"3,1,9,10"
5464960231,177,9,9,"3,6,0,7"
5464961875,177,9,9,"3,0,1,2"
5465562596,177,9,9,"2,0,1,25"
5464965253,177,9,9,"1,2,0,7"
5464967555,177,9,9,"2,0,1,4"
5465567660,177,9,9,"1,0,2,31"
5464971017,177,9,9,"1,0,2,6"
5464980351,177,9,14,"2,0,4,26"
5465580966,177,9,14,"1,0,2,7"
5465582862,177,9,14,"2,0,7,6"
5465584672,177,9,14,"2,1,0,22"
5465587442,177,9,14,"3,1,0,7"
5465590010,177,9,14,"1,0,2,25"
5464992821,177,9,14,"1,3,0,6"
10743010783,178,9,1,"7,6,3,8"
10742711315,178,9,1,"2,0,6,7"
10742718855,178,9,3,"3,1,10,9"
3129336076,179,9,6,"3,2,0,20"
3129338810,179,9,6,"3,11,6,1"
3129340440,179,9,6,"2,0,1,7"
3128513887,179,9,6,"3,20,29,2"
3129345618,179,9,6,"3,9,10,16"
3129347880,179,9,6,"3,9,1,15"
3131296635,179,9,6,"3,9,23,1"
3131298529,179,9,6,"3,9,10,1"
10078702165,180,9,16,"3,1,15,9"
10079436196,180,9,1,"0,2,1,11"
9221089636,181,5,1,"2,0,1,4"
8663360669,182,9,1,"1,0,2,31"
8663360205,182,9,1,"3,7,1,6"
8664459292,182,9,1,"7,6,3,11"
8663361011,182,9,1,"2,0,20,11"
8664459820,182,9,1,"3,1,7,6"
5101924664,183,9,1,"2,0,26,20"
5101924760,183,9,1,"2,0,1,4"
5101924898,183,9,1,"2,0,11,6"
5101330689,183,9,1,"1,0,3,2"
5101925262,183,9,1,"2,0,1,31"
5101331017,183,9,1,"2,0,1,4"
5101331135,183,9,1,"2,0,4,11"
5101331249,183,9,1,"0,2,1,25"
5101331365,183,9,1,"1,0,2,3"
5101331571,183,9,1,"3,1,0,2"
5101331739,183,9,1,"3,11,1,6"
5101331861,183,9,1,"2,0,1,25"
5101926364,183,9,1,"3,10,1,9"
5101332287,183,9,1,"1,3,9,43"
5101926750,183,9,1,"0,2,1,6"
5101332807,183,9,1,"3,33,1,9"
5101928960,183,9,9,"3,1,9,10"
5101929126,183,9,9,"0,2,1,4"
5101929326,183,9,9,"2,1,0,4"
5101335041,183,9,9,"1,0,2,31"
5101929562,183,9,9,"2,0,1,31"
5101335199,183,9,9,"1,2,0,31"
5101335359,183,9,9,"0,2,1,6"
5101929936,183,9,9,"3,1,9,10"
5101930122,183,9,9,"3,49,1,0"
5101930268,183,9,9,"2,0,1,4"
5101930414,183,9,9,"2,0,1,4"
5101930518,183,9,9,"3,1,9,10"
5101930676,183,9,9,"2,1,0,7"
5101930816,183,9,9,"1,2,0,4"
5101931360,183,9,2,"1,0,2,5"
5101337107,183,9,2,"1,3,0,2"
5101931700,183,9,2,"2,1,0,22"
5101337347,183,9,3,"1,2,10,0"
5101337511,183,9,3,"2,1,0,22"
5101337613,183,9,3,"2,1,0,22"
5101337731,183,9,3,"2,0,1,26"
5101337841,183,9,3,"1,3,2,10"
5101932432,183,9,3,"2,1,0,26"
5101932568,183,9,3,"1,2,10,3"
4821922383,184,3,7,"10,9,3,1"
4822540112,184,3,7,"3,1,10,9"
4821922457,184,3,7,"3,9,1,10"
8062213126,185,9,5,"1,2,10,0"
