8636126004,0,3,0,"0,2,4,1"
7909379802,1,9,2,"0,2,3,4"
7909378764,1,9,2,"2,5,6,7"
7909378182,1,9,2,"5,2,6,4"
7909377748,1,9,2,"5,6,2,33"
7909377308,1,9,2,"0,2,1,6"
7909376910,1,9,2,"2,4,0,3"
7909376692,1,9,2,"6,5,16,33"
7909376086,1,9,2,"5,6,33,7"
7909375574,1,9,2,"2,0,1,3"
7909375086,1,9,2,"0,2,1,3"
7909374538,1,9,2,"0,2,13,8"
7909371670,1,9,3,"2,5,6,17"
7909371090,1,9,3,"13,8,0,22"
7909370428,1,9,3,"17,16,0,47"
7909369918,1,9,3,"2,5,6,7"
7909368464,1,9,3,"0,2,1,41"
7909368106,1,9,3,"2,5,17,6"
7909367508,1,10,4,"2,0,3,1"
7909367024,1,9,4,"2,5,6,21"
7909366560,1,9,4,"0,1,2,9"
7909365596,1,9,4,"2,0,5,13"
7909365056,1,9,5,"2,6,5,7"
7909364570,1,9,5,"6,5,2,7"
7909364258,1,9,5,"2,5,6,7"
7909363810,1,9,6,"2,5,6,33"
7909363454,1,9,6,"6,5,2,7"
7909401588,1,9,0,"5,2,6,4"
7909401274,1,9,0,"6,5,2,7"
7909400786,1,9,0,"6,5,2,7"
7909400390,1,9,1,"5,6,2,7"
7909399934,1,9,1,"6,5,2,7"
7909399322,1,9,1,"0,2,1,15"
7909398878,1,9,1,"5,6,2,17"
7909398280,1,9,0,"17,5,6,16"
7909397330,1,9,7,"6,2,5,46"
7909396800,1,10,4,"2,0,6,5"
7909391322,1,9,8,"2,5,0,6"
7909390842,1,9,8,"2,0,1,15"
7909389152,1,9,4,"5,6,2,10"
7909388218,1,9,9,"6,5,2,7"
9306374973,1,10,4,"2,5,6,21"
9309159068,1,10,4,"5,2,6,17"
9306372619,1,10,4,"5,0,2,6"
9309154604,1,10,2,"2,5,6,7"
9306367191,1,10,2,"2,6,5,0"
9306365391,1,10,2,"0,2,46,1"
9309149360,1,10,2,"2,5,6,4"
9309147720,1,10,2,"0,2,18,46"
9306360445,1,10,2,"2,0,6,27"
9306354099,1,10,4,"2,5,6,4"
9309125388,1,10,10,"6,5,2,33"
9309123714,1,10,10,"2,6,5,33"
6338782949,2,9,10,"6,5,2,33"
6339536304,2,9,5,"2,6,5,4"
6339536516,2,9,5,"2,6,4,5"
5389825796,3,11,10,"5,6,2,33"
5389221469,3,11,10,"17,5,6,16"
5389221499,3,11,10,"5,6,17,16"
5389825900,3,11,10,"17,2,6,5"
5389221567,3,11,10,"2,17,5,0"
5389221609,3,11,10,"5,17,6,16"
5389221643,3,11,10,"17,5,6,7"
5389221693,3,11,10,"6,5,2,7"
5389826088,3,11,10,"0,2,32,15"
5391757989,3,11,5,"2,5,6,7"
5392358294,3,11,5,"5,2,6,17"
5391758121,3,11,5,"2,5,6,7"
5391758151,3,11,5,"2,5,6,7"
5391758173,3,11,5,"2,5,6,4"
5760941831,4,2,3,"17,5,6,2"
5761488200,4,2,3,"2,0,6,1"
5761489648,4,2,3,"2,5,6,7"
5761497454,4,2,3,"2,6,5,20"
5761499014,4,2,7,"2,6,5,8"
5760955597,4,2,7,"2,5,6,10"
5761503704,4,2,2,"5,6,2,7"
5760960145,4,2,2,"5,6,16,17"
11609416596,5,11,2,"2,5,6,4"
12352443994,5,11,2,"2,4,21,5"
12406721723,5,11,1,"2,0,15,4"
12352160763,5,11,1,"0,2,1,9"
3279655790,6,9,3,"2,5,6,17"
3279634770,6,9,3,"2,0,1,4"
3278840357,6,9,2,"5,2,6,4"
3279649052,6,9,2,"6,2,5,33"
327682858,7,8,5,"2,6,5,4"
327683278,7,8,5,"6,5,2,17"
327683722,7,8,5,"2,5,6,7"
327684194,7,8,5,"2,5,6,7"
7171038427,8,1,2,"0,2,6,14"
12604657264,9,1,3,"0,2,1,3"
12604667914,9,1,3,"2,5,6,7"
12604354693,9,1,2,"6,5,2,7"
12604272775,9,1,2,"2,5,6,4"
12604280005,9,1,2,"2,5,6,4"
12604724504,9,1,2,"2,5,6,7"
2071287142,10,8,2,"2,6,5,10"
2071287528,10,8,2,"0,2,1,14"
2071288020,10,8,2,"0,1,2,3"
2070494091,10,8,2,"0,2,1,17"
2070494507,10,8,2,"0,2,1,27"
2071289442,10,8,2,"0,2,1,3"
2071289892,10,8,2,"0,2,1,3"
2070496145,10,8,2,"0,2,1,6"
2071291108,10,8,2,"0,6,29,9"
2071291548,10,8,2,"0,2,1,3"
2071291990,10,8,2,"0,1,2,3"
2070498003,10,8,2,"0,2,1,3"
2070498435,10,8,2,"0,1,2,3"
2070498849,10,8,2,"0,2,1,46"
2070499355,10,8,2,"2,0,6,3"
2071294268,10,8,2,"0,2,1,6"
2071294712,10,8,2,"0,1,2,3"
2070500677,10,8,2,"0,1,2,3"
2071295444,10,8,2,"2,0,10,3"
2071295982,10,8,2,"0,1,2,3"
2071296646,10,8,2,"0,14,2,3"
2070502829,10,8,2,"0,2,1,3"
2070503141,10,8,2,"2,5,6,7"
2070503835,10,8,2,"0,1,2,3"
2071298920,10,8,2,"0,1,2,9"
2070505815,10,8,2,"2,6,5,4"
2070506221,10,8,2,"2,5,6,4"
2071300992,10,8,2,"12,6,5,28"
2070507039,10,8,2,"5,6,29,0"
2071301844,10,8,2,"0,1,2,9"
2070507601,10,8,2,"0,5,6,29"
2070508119,10,8,2,"0,1,2,3"
2071303052,10,8,2,"2,0,5,6"
2070509059,10,8,2,"2,5,6,7"
2071303684,10,8,2,"2,5,6,4"
2070509719,10,8,2,"2,6,5,4"
2070510161,10,8,2,"2,5,6,7"
2070510573,10,8,2,"2,6,5,4"
2071305316,10,8,2,"2,6,5,7"
2070511597,10,8,2,"2,5,6,4"
2070512005,10,8,2,"2,0,6,15"
2071306846,10,8,2,"0,8,16,22"
2071307288,10,8,2,"5,6,16,33"
2071307592,10,8,2,"0,2,1,3"
2071308010,10,8,2,"0,1,3,2"
2070514405,10,8,2,"0,2,1,3"
2071308990,10,8,2,"2,5,6,4"
2071309408,10,8,2,"5,2,6,4"
2071309642,10,8,2,"2,0,1,4"
2121924293,10,11,0,"0,2,5,8"
2122703068,10,11,0,"0,1,2,3"
2121928791,10,11,0,"2,6,5,17"
2122707368,10,11,0,"2,0,1,4"
2121932321,10,11,0,"2,0,1,3"
2121935183,10,11,1,"2,0,4,32"
2122712530,10,11,1,"0,1,2,9"
2121937109,10,11,1,"2,6,5,4"
2121939465,10,11,1,"5,6,2,7"
2122717130,10,11,1,"6,5,2,21"
2121943103,10,11,1,"0,2,4,1"
2122720804,10,11,1,"2,5,6,7"
2121945655,10,11,1,"0,1,2,3"
2121947975,10,11,1,"2,0,6,15"
2121950261,10,11,1,"2,6,5,4"
2121952289,10,11,1,"2,6,5,4"
2122729680,10,11,1,"5,6,2,4"
2122730776,10,11,1,"5,6,2,4"
2121955385,10,11,1,"0,2,1,6"
2122733888,10,11,1,"6,5,2,4"
2121958527,10,11,0,"2,5,6,4"
2122736830,10,11,0,"5,6,2,4"
2121961767,10,11,0,"0,2,1,9"
2122740954,10,11,0,"0,2,1,3"
2122743644,10,11,0,"6,5,2,9"
2121967523,10,11,1,"17,2,6,5"
2122746084,10,11,0,"5,6,7,2"
2121971025,10,11,0,"5,2,6,17"
2122749460,10,11,0,"5,2,6,7"
2122750560,10,11,0,"2,0,14,6"
3028694441,11,10,5,"5,6,2,9"
4122101127,12,10,3,"5,6,13,2"
4122880882,12,10,3,"2,0,6,10"
4122123215,12,10,3,"17,5,16,6"
4122132523,12,10,3,"0,2,5,6"
4122143737,12,10,3,"2,6,5,0"
4122930896,12,10,3,"2,0,1,18"
4122936956,12,10,3,"2,5,14,6"
4122171615,12,10,3,"2,5,6,7"
4122190421,12,10,3,"0,9,2,6"
4122986866,12,10,3,"2,5,6,7"
4122299457,12,10,2,"2,5,6,7"
4122307847,12,10,2,"6,5,2,13"
2157430441,13,11,9,"5,2,6,26"
2659616523,13,6,0,"6,5,2,7"
2663690454,13,6,1,"2,0,1,15"
3718188270,13,6,1,"2,0,6,32"
2661309464,13,6,1,"2,4,0,6"
2663690468,13,6,1,"2,6,5,4"
2663690498,13,6,0,"2,5,6,7"
2663690492,13,6,1,"2,0,1,15"
8414817267,13,0,2,"0,2,13,5"
8414842617,13,0,2,"5,6,33,2"
9072653232,13,0,2,"5,6,2,4"
9079422859,13,0,2,"5,2,6,4"
3285360959,14,4,2,"2,6,5,7"
3285371379,14,4,4,"6,5,2,33"
3285389437,14,4,4,"2,0,1,6"
6226184636,15,9,3,"2,0,6,4"
6225665417,15,9,3,"5,6,17,7"
6225665887,15,9,3,"2,0,1,32"
6226186298,15,9,3,"2,6,5,7"
6226186604,15,9,3,"5,6,17,16"
3350423827,16,10,9,"5,17,6,16"
3350235631,16,10,5,"2,5,6,10"
3350422771,16,10,9,"13,8,16,5"
3351242760,16,10,2,"2,5,6,0"
3351250372,16,10,9,"2,6,5,28"
4450689927,17,2,5,"2,5,6,7"
4451464248,17,2,5,"2,6,5,7"
4450694281,17,2,5,"2,6,5,7"
4450695839,17,2,5,"2,5,6,7"
4450697817,17,2,5,"2,6,5,4"
4450699473,17,2,5,"2,6,5,7"
4450703635,17,2,5,"2,6,4,5"
4450706573,17,2,5,"2,4,6,0"
4450709919,17,2,5,"2,0,1,6"
4451486144,17,2,5,"2,4,1,0"
4450716237,17,2,5,"2,0,5,4"
4450717437,17,2,5,"2,5,6,4"
4450719215,17,2,5,"2,1,14,0"
4451492894,17,2,5,"2,1,14,0"
4450723003,17,2,5,"5,6,13,8"
4451497678,17,2,5,"2,0,1,6"
4451499546,17,2,5,"2,6,5,4"
4451501302,17,2,5,"2,6,5,0"
4450730901,17,2,5,"2,6,5,4"
4451503746,17,2,5,"2,6,4,5"
4451509098,17,2,5,"2,6,5,4"
4451512650,17,2,5,"6,5,2,8"
4450743269,17,2,5,"2,6,4,0"
4451515840,17,2,5,"1,2,0,38"
4451517340,17,2,5,"2,6,5,7"
4450747215,17,2,5,"2,6,4,5"
4451521478,17,2,5,"2,6,5,37"
4450756889,17,2,5,"6,2,5,4"
4450762657,17,2,5,"2,6,5,0"
4451537720,17,2,5,"2,0,1,3"
4450767421,17,2,5,"2,6,5,0"
4451543154,17,2,5,"2,6,5,7"
4450772193,17,2,5,"2,6,5,7"
4450773125,17,2,5,"2,6,5,7"
4451546640,17,2,5,"2,0,6,5"
4451547702,17,2,5,"2,6,5,7"
4451548902,17,2,5,"2,6,5,4"
4451550376,17,2,5,"5,6,16,17"
4451551568,17,2,5,"2,6,5,4"
4450780013,17,2,5,"2,6,5,7"
4451554380,17,2,5,"2,0,6,5"
4450783411,17,2,5,"6,5,2,7"
4451557496,17,2,5,"2,6,5,4"
4450787183,17,2,5,"2,6,5,4"
4450788349,17,2,5,"2,0,1,4"
4451563460,17,2,5,"2,6,5,4"
4451566138,17,2,5,"2,6,5,7"
4450796337,17,2,5,"0,1,2,3"
4451570886,17,2,5,"5,6,2,7"
4450800511,17,2,5,"5,6,2,33"
4450802375,17,2,5,"2,6,4,5"
4450805685,17,2,5,"2,6,5,4"
4451580386,17,2,5,"2,5,6,7"
4450808541,17,2,5,"2,4,0,1"
4451582448,17,2,5,"2,0,1,4"
4450811035,17,2,5,"2,4,6,5"
4450812701,17,2,5,"2,6,4,5"
4451588160,17,2,5,"2,6,4,5"
4450914995,17,2,5,"2,1,4,0"
4450915895,17,2,5,"2,5,6,7"
4450828779,17,2,5,"2,5,6,7"
4451603064,17,2,5,"2,0,13,3"
4451604896,17,2,5,"0,2,3,1"
4451606088,17,2,5,"2,5,6,7"
4451607930,17,2,5,"5,2,6,17"
4450837155,17,2,5,"5,2,6,17"
4451611264,17,2,5,"5,2,6,17"
4450840563,17,2,5,"6,16,5,29"
4450872091,17,2,5,"5,6,2,7"
4450873483,17,2,5,"5,2,6,7"
4450875171,17,2,5,"5,6,2,7"
4450878169,17,2,5,"2,5,6,7"
4451651864,17,2,5,"2,5,6,7"
4451653506,17,2,5,"2,5,6,7"
4451655070,17,2,5,"2,6,5,4"
4450884455,17,2,5,"2,6,5,7"
4451657608,17,2,5,"5,2,6,7"
4450887099,17,2,5,"2,5,6,0"
4450888681,17,2,5,"2,5,6,7"
4450890233,17,2,5,"2,0,3,1"
4451663592,17,2,5,"2,0,3,5"
4450892981,17,2,5,"2,0,6,5"
4450893927,17,2,5,"5,2,6,13"
4451667206,17,2,5,"2,3,5,0"
4450895827,17,2,5,"5,2,6,26"
4450896681,17,2,5,"2,5,6,4"
4450897383,17,2,5,"2,5,6,4"
4451670632,17,2,5,"1,0,2,3"
4451414496,17,2,5,"2,0,1,3"
4770436219,17,6,12,"1,0,3,2"
4770436671,17,6,12,"1,0,2,3"
4770436955,17,6,12,"2,10,50,0"
4771073670,17,6,12,"2,5,3,6"
4770437419,17,6,12,"2,5,3,10"
4771074166,17,6,12,"5,2,6,10"
4770437767,17,6,12,"5,2,6,33"
4770437931,17,6,12,"2,5,6,10"
4771074722,17,6,12,"2,0,5,3"
4770438353,17,6,12,"2,5,3,10"
4770434265,17,6,12,"2,10,5,11"
4830222342,17,6,1,"5,2,6,7"
4830223370,17,6,1,"5,6,2,17"
4829612803,17,6,1,"17,6,5,2"
4830225412,17,6,1,"2,6,5,15"
4829614699,17,6,1,"5,6,2,17"
4829615995,17,6,1,"5,2,6,7"
4829616933,17,6,1,"5,6,2,4"
4829617815,17,6,1,"5,17,6,2"
4829619259,17,6,1,"17,5,6,2"
4829620079,17,6,1,"5,2,6,4"
4830232728,17,6,1,"5,6,17,2"
4830233226,17,6,1,"17,5,2,6"
4829623143,17,6,1,"0,2,8,13"
4830235906,17,6,1,"2,5,6,17"
4829624739,17,6,1,"5,2,6,7"
4829625761,17,6,1,"2,6,5,0"
4829626909,17,6,1,"0,2,1,6"
4830239532,17,6,1,"2,0,1,6"
4830241836,17,6,1,"5,6,2,7"
4830243510,17,6,1,"2,6,5,24"
4829633267,17,6,1,"5,6,16,8"
4830245622,17,6,1,"6,2,5,7"
4830246150,17,6,1,"6,2,5,24"
4829635955,17,6,1,"6,5,17,16"
4830248962,17,6,1,"6,5,2,7"
4830250178,17,6,1,"6,5,2,24"
4830252294,17,6,1,"0,2,1,15"
4830253326,17,6,1,"6,5,2,24"
4829642489,17,6,1,"5,6,2,7"
4830255296,17,6,1,"6,5,2,7"
4829644419,17,6,1,"5,2,6,17"
4829645385,17,6,1,"6,17,5,16"
4830259192,17,6,1,"17,13,8,16"
4829648711,17,6,1,"17,5,6,16"
4829649627,17,6,1,"17,5,6,47"
4829650107,17,6,1,"2,5,6,17"
4830262494,17,6,0,"2,5,6,17"
4829651539,17,6,1,"5,6,2,26"
4830263532,17,6,1,"2,5,6,4"
4829652565,17,6,1,"2,5,6,4"
4829652891,17,6,1,"5,6,2,4"
4830265150,17,6,1,"2,6,5,17"
4829653971,17,6,1,"17,5,6,16"
4830266522,17,6,0,"17,2,5,6"
4830267232,17,6,0,"6,5,2,7"
4830267832,17,6,0,"6,5,7,26"
4829656895,17,6,1,"6,5,2,17"
4830269638,17,6,1,"2,6,5,15"
4830270330,17,6,1,"5,2,6,7"
4829659173,17,6,1,"2,5,6,7"
4829659983,17,6,1,"2,5,6,7"
4830272568,17,6,1,"5,2,6,7"
4829661169,17,6,1,"5,2,6,7"
4830274754,17,6,1,"5,6,2,26"
4830276024,17,6,1,"5,6,2,7"
4830277092,17,6,1,"0,2,1,3"
4829665621,17,6,1,"6,5,26,7"
4829666029,17,6,1,"2,6,5,4"
4830278736,17,6,1,"6,5,9,2"
4830279128,17,6,1,"6,5,2,7"
4830279806,17,6,0,"2,6,5,7"
4830280474,17,6,0,"6,5,2,8"
4829668939,17,6,0,"2,0,6,17"
4829669697,17,6,0,"2,6,5,4"
4829670393,17,6,0,"0,16,17,8"
4830283298,17,6,0,"6,5,25,9"
4829671547,17,6,0,"2,6,5,7"
4829672451,17,6,0,"6,2,5,7"
4829673203,17,6,0,"2,0,1,6"
4830285856,17,6,0,"2,0,6,1"
4829674435,17,6,0,"2,0,1,3"
4829675157,17,6,0,"2,6,5,7"
4829675633,17,6,0,"2,6,0,13"
4830288428,17,6,0,"5,6,17,2"
4829676619,17,6,0,"17,5,6,16"
4829677381,17,6,0,"5,6,2,17"
4830290760,17,6,0,"2,6,5,17"
4830291646,17,6,0,"5,6,2,7"
4829680493,17,6,0,"5,6,2,16"
4830293424,17,6,0,"6,5,17,2"
4829681831,17,6,0,"2,6,5,0"
4830295072,17,6,0,"2,0,1,15"
4830295864,17,6,0,"2,0,6,15"
4829683927,17,6,0,"2,6,0,13"
4830296968,17,6,0,"0,2,1,4"
4829685323,17,6,1,"0,1,2,4"
4830298200,17,6,1,"2,5,6,7"
4829686571,17,6,1,"5,2,6,7"
4830299352,17,6,1,"2,5,6,4"
4829687847,17,6,1,"2,5,6,7"
4829688723,17,6,1,"2,5,6,7"
4829689613,17,6,1,"5,2,6,7"
4829690457,17,6,1,"2,5,6,7"
4829691061,17,6,1,"6,5,25,24"
4830304356,17,6,1,"2,6,5,7"
4829692767,17,6,1,"5,6,2,4"
4829693623,17,6,1,"6,5,2,7"
4829694591,17,6,1,"6,2,5,7"
4830307482,17,6,1,"5,6,2,4"
4830308524,17,6,1,"6,2,5,7"
4829697471,17,6,1,"2,0,4,1"
4829698691,17,6,1,"1,0,2,3"
4830311832,17,6,1,"2,0,6,5"
4829699985,17,6,1,"2,5,6,4"
4829701017,17,6,1,"2,6,5,0"
4829702143,17,6,1,"2,6,5,15"
4829702967,17,6,1,"5,6,8,13"
4829704737,17,6,1,"2,6,17,5"
4829760391,17,6,2,"2,0,3,1"
4829760657,17,6,2,"2,5,6,41"
4830373638,17,6,2,"2,5,6,7"
4830373744,17,6,2,"0,2,1,27"
4830373826,17,6,2,"5,6,2,33"
4829825733,17,6,12,"5,6,7,2"
4830437566,17,6,12,"1,0,2,40"
5128453232,17,9,5,"2,5,0,4"
5127848767,17,9,5,"2,5,4,3"
5128455132,17,9,5,"0,2,1,3"
5128456248,17,9,5,"5,2,6,13"
5128456778,17,9,5,"2,5,4,6"
5127852041,17,9,5,"2,5,6,26"
5128457792,17,9,5,"2,5,6,4"
5128458386,17,9,5,"2,5,6,4"
5128458812,17,9,5,"0,2,3,5"
5127854233,17,9,5,"2,5,4,0"
5127854689,17,9,5,"2,5,6,4"
5127855493,17,9,5,"2,0,5,3"
5128461240,17,9,5,"2,5,4,3"
5128461818,17,9,5,"2,5,4,0"
5128462576,17,9,5,"2,5,0,3"
5127858439,17,9,5,"2,0,3,5"
3256290756,18,0,11,"0,2,1,3"
3256210012,18,0,11,"0,2,1,6"
3255551851,18,0,11,"0,1,2,63"
3247364625,18,0,11,"5,8,13,16"
3256212082,18,0,11,"0,1,3,29"
3247418269,18,0,11,"0,1,2,3"
4571938920,19,3,3,"2,6,5,0"
4571303239,19,3,3,"2,0,6,16"
4571953268,19,3,2,"2,6,4,5"
4571318027,19,3,2,"6,5,33,29"
5736099352,20,3,10,"17,5,6,2"
5735550065,20,3,10,"6,5,2,7"
5736100960,20,3,10,"1,0,2,3"
5725546308,20,3,2,"2,0,1,51"
5725547268,20,3,2,"0,2,1,3"
5725083569,20,3,2,"2,5,6,4"
5725084493,20,3,2,"2,0,1,6"
5725085281,20,3,2,"6,5,2,17"
5725086017,20,3,2,"2,5,6,4"
5725086747,20,3,2,"5,2,6,4"
5724991893,20,3,2,"2,5,6,10"
5725549326,20,3,2,"2,0,4,3"
5724994059,20,3,2,"0,2,6,9"
5735563067,20,3,3,"2,5,17,6"
5735564029,20,3,3,"0,1,2,36"
5735565119,20,3,3,"0,2,32,1"
5735565935,20,3,3,"0,2,1,3"
5736117194,20,3,3,"2,0,1,3"
5736118162,20,3,3,"0,2,1,16"
5735569047,20,3,3,"0,2,9,1"
5736119922,20,3,3,"5,17,2,6"
5735570713,20,3,3,"6,5,2,13"
5736121776,20,3,3,"2,0,1,3"
5735572763,20,3,3,"0,1,2,9"
5735573573,20,3,3,"0,1,2,9"
5735574277,20,3,3,"5,6,2,7"
5735575213,20,3,3,"2,0,1,3"
8444960395,21,10,2,"2,6,5,21"
8444960677,21,10,2,"2,5,6,4"
8444960977,21,10,2,"2,5,6,4"
8444961261,21,10,2,"2,5,6,4"
8446051152,21,10,2,"2,5,6,7"
8446051448,21,10,2,"2,5,6,4"
8444962193,21,10,2,"2,5,6,7"
8444962579,21,10,2,"2,5,6,4"
8444962901,21,10,2,"2,5,6,4"
8446052882,21,10,2,"2,5,6,4"
8444963575,21,10,2,"2,6,5,0"
8444964003,21,10,2,"2,5,6,4"
8446053982,21,10,2,"2,6,5,7"
8444964609,21,10,2,"2,6,5,9"
8444965027,21,10,2,"0,2,1,3"
8444965511,21,10,2,"2,6,5,0"
8446055504,21,10,2,"2,5,6,7"
8444966195,21,10,2,"2,1,0,4"
8446056178,21,10,2,"2,0,1,3"
8446056564,21,10,2,"2,6,5,0"
8446056914,21,10,2,"2,5,6,7"
8444967825,21,10,2,"2,5,6,4"
8444968123,21,10,2,"0,1,2,36"
8446060670,21,10,7,"2,0,3,5"
8446061260,21,10,7,"0,2,1,27"
8444971989,21,10,7,"2,5,6,26"
8444972449,21,10,7,"0,2,1,3"
8444973067,21,10,7,"2,0,6,5"
8446063422,21,10,7,"0,2,3,1"
8444974027,21,10,7,"0,1,2,3"
8444974779,21,10,7,"2,0,1,3"
8446065136,21,10,7,"0,2,1,3"
8444975817,21,10,7,"0,1,2,3"
8446066074,21,10,7,"2,0,6,27"
8446066484,21,10,7,"0,2,1,3"
8444977197,21,10,7,"2,6,0,5"
8444977501,21,10,7,"2,6,0,5"
8446067900,21,10,7,"2,0,6,5"
8446068254,21,10,7,"2,6,5,7"
8444978811,21,10,7,"2,0,1,3"
8446069032,21,10,7,"0,1,3,14"
8444980597,21,10,7,"2,0,5,6"
8446070836,21,10,7,"0,2,1,3"
8446100864,21,10,3,"2,5,17,6"
8446101242,21,10,3,"2,6,0,17"
8446101656,21,10,3,"17,5,6,2"
8446101992,21,10,3,"2,5,6,0"
8445012537,21,10,3,"0,1,2,3"
8446102990,21,10,3,"5,17,6,2"
8446103432,21,10,3,"2,5,6,7"
8446104276,21,10,3,"6,5,2,17"
8446104778,21,10,3,"2,0,1,21"
8445015093,21,10,3,"2,0,1,3"
8445015469,21,10,3,"2,0,1,6"
8446105862,21,10,3,"0,2,6,9"
8445016255,21,10,3,"5,2,6,17"
8445016653,21,10,3,"5,17,2,6"
8445017079,21,10,3,"2,5,6,4"
8446107654,21,10,3,"5,6,2,7"
8446108272,21,10,3,"17,5,6,16"
8445018895,21,10,3,"2,0,1,6"
8445019393,21,10,3,"2,0,1,4"
8446109818,21,10,3,"2,0,1,4"
8445029245,21,10,3,"2,0,6,32"
8446119732,21,10,3,"2,0,1,6"
8446120196,21,10,3,"5,6,2,17"
8446120648,21,10,3,"5,2,6,7"
8445031443,21,10,3,"2,5,6,10"
8445031907,21,10,3,"2,5,6,7"
8445032323,21,10,3,"2,5,6,7"
8445032603,21,10,3,"2,5,6,17"
8445032895,21,10,3,"2,5,6,7"
8445036621,21,10,3,"2,0,1,9"
8446126690,21,10,3,"2,0,1,4"
8445037293,21,10,3,"1,0,2,3"
8446127386,21,10,3,"2,0,6,32"
8446127680,21,10,3,"2,0,1,9"
8445038283,21,10,3,"2,0,1,3"
8446128690,21,10,3,"0,1,2,3"
8446129252,21,10,3,"2,0,1,3"
8445039753,21,10,3,"0,1,2,3"
8446129912,21,10,3,"6,5,2,17"
8446130150,21,10,3,"6,5,2,17"
8445040627,21,10,3,"6,5,2,7"
8445040939,21,10,3,"0,2,24,15"
8445041337,21,10,3,"1,2,0,3"
8445041707,21,10,3,"2,0,1,4"
8446131890,21,10,3,"2,0,1,3"
8445042243,21,10,3,"2,0,1,4"
8445042855,21,10,3,"5,2,6,7"
8445043389,21,10,3,"0,2,1,3"
8445043941,21,10,3,"8,16,13,5"
8446137046,21,10,2,"2,5,6,7"
8446137910,21,10,2,"2,0,5,1"
8445048503,21,10,2,"2,5,6,33"
9605901743,22,7,5,"2,5,6,7"
9597779105,22,7,9,"5,6,2,26"
9600572298,22,7,9,"6,5,2,16"
9600567726,22,7,9,"5,6,2,33"
5274437151,23,11,8,"0,2,1,4"
5275083402,23,11,5,"2,6,5,7"
6114668207,24,5,6,"0,1,3,2"
6115214770,24,5,6,"0,1,2,3"
6115215202,24,5,6,"1,0,2,3"
6115213106,24,5,6,"0,1,2,3"
6114669375,24,5,6,"0,1,2,3"
6115215620,24,5,6,"0,1,2,3"
6115216132,24,5,6,"2,0,1,3"
6351815604,24,5,8,"6,5,2,13"
6351074547,24,5,3,"2,6,5,7"
6351075439,24,5,3,"0,2,1,14"
6351076405,24,5,3,"2,5,6,17"
6351077295,24,5,3,"0,1,2,3"
6351822164,24,5,3,"2,0,1,3"
6351078821,24,5,3,"0,2,1,36"
6351079141,24,5,3,"29,33,5,3"
6351079971,24,5,3,"2,0,6,5"
6351824426,24,5,3,"2,0,1,3"
7553324976,25,5,5,"2,5,6,7"
7553327904,25,5,5,"5,6,13,7"
7553320812,25,5,5,"0,2,1,3"
7559438454,25,5,2,"0,1,2,3"
7559435172,25,5,2,"2,6,5,4"
7565306828,25,5,2,"2,0,1,6"
7565311070,25,5,2,"2,0,1,30"
7565313928,25,5,2,"2,0,1,4"
3260423818,26,0,11,"6,5,16,8"
3259591709,26,0,11,"0,25,24,6"
3259592001,26,0,11,"0,6,5,29"
3259592591,26,0,11,"0,16,8,29"
3259615499,26,0,11,"5,6,2,17"
3260449814,26,0,11,"2,5,6,4"
3259619167,26,0,11,"5,6,7,2"
3259622667,26,0,11,"13,8,29,6"
3259624661,26,0,11,"13,8,6,5"
3260459110,26,0,11,"13,8,6,5"
3259628749,26,0,11,"0,16,29,8"
3408482267,26,2,0,"6,2,5,17"
3409291920,26,2,1,"6,2,5,7"
3409294634,26,2,1,"5,6,2,7"
3409368630,26,2,1,"2,6,5,4"
3409293422,26,2,1,"0,2,24,15"
3409380042,26,2,1,"5,6,2,4"
3408487031,26,2,1,"2,5,6,7"
3409297758,26,2,0,"6,5,4,2"
3408491635,26,2,0,"6,0,24,5"
3409301930,26,2,0,"6,5,7,9"
3408495031,26,2,0,"2,0,6,4"
3409397732,26,2,0,"2,6,5,7"
3408496545,26,2,0,"2,6,5,7"
3409444714,26,2,0,"2,6,5,7"
3408640057,26,2,0,"0,1,9,2"
3409306822,26,2,0,"2,0,6,36"
3408500759,26,2,0,"17,5,6,16"
3409415220,26,2,0,"6,5,7,9"
3409311468,26,2,1,"6,5,2,8"
3408503193,26,2,0,"5,9,6,34"
3408656903,26,2,1,"6,5,17,7"
3409315860,26,2,0,"5,6,2,7"
3408509551,26,2,0,"2,5,6,4"
3408545765,26,2,0,"2,6,5,17"
3409357946,26,2,1,"2,15,32,24"
3408550041,26,2,1,"0,2,1,36"
3408551905,26,2,1,"0,9,34,25"
3408553639,26,2,1,"0,2,1,9"
3409364792,26,2,1,"2,0,4,6"
3409366902,26,2,1,"2,6,5,7"
3409378444,26,2,0,"2,6,0,4"
3408572407,26,2,0,"0,2,1,32"
3408574887,26,2,0,"0,2,4,1"
3409387136,26,2,0,"0,2,32,15"
3409388992,26,2,0,"2,6,4,5"
3408581063,26,2,0,"1,0,2,15"
3408583073,26,2,0,"0,2,1,54"
5271429923,27,11,8,"0,1,2,3"
5271436291,27,11,8,"0,1,3,2"
5301689614,27,11,5,"5,2,6,4"
5301695786,27,11,5,"2,5,6,4"
7473849648,28,5,7,"0,2,1,3"
7473856948,28,5,7,"0,2,1,3"
7473862152,28,5,7,"0,2,3,1"
7473867966,28,5,7,"0,1,3,2"
7473873748,28,5,7,"0,2,46,3"
3570513016,29,4,15,"2,0,4,6"
3569711265,29,4,15,"2,0,13,8"
3569715553,29,4,15,"2,5,6,21"
3570556340,29,4,15,"2,6,5,0"
3569739099,29,4,15,"2,1,0,3"
3570609912,29,4,6,"2,0,1,5"
3570545308,29,4,6,"0,1,2,3"
3570541490,29,4,6,"1,3,0,2"
3842461097,30,2,3,"0,2,42,43"
3843248172,30,2,3,"5,6,17,2"
3842463041,30,2,3,"0,1,2,9"
3842464589,30,2,2,"2,5,6,4"
3842466973,30,2,2,"0,2,3,1"
3843259052,30,2,2,"2,0,3,5"
3843260762,30,2,2,"2,5,6,4"
409851063,31,2,16,"2,5,6,7"
3789356576,31,7,2,"2,5,6,21"
3793743963,31,7,2,"5,2,6,26"
3794920039,31,7,2,"5,2,6,7"
3788874627,31,7,2,"5,2,6,26"
3797569610,31,7,2,"5,2,6,7"
5604836834,32,3,8,"2,0,6,13"
5604254387,32,3,8,"0,2,1,4"
5604840410,32,3,8,"0,2,1,3"
5604841990,32,3,8,"2,0,1,3"
5604843294,32,3,8,"2,0,6,32"
5604260445,32,3,8,"5,6,2,7"
5604270973,32,3,8,"2,0,6,5"
5604857366,32,3,8,"2,5,6,7"
5604846954,32,3,8,"2,5,6,7"
5604848670,32,3,8,"5,6,0,2"
5604850476,32,3,8,"2,16,0,17"
5604267415,32,3,8,"6,5,2,7"
5604269161,32,3,8,"2,5,6,7"
6815866163,32,10,0,"2,3,4,0"
6815866715,32,10,0,"2,3,0,1"
11124162225,33,7,13,"2,6,4,0"
11124168625,33,7,13,"2,6,5,7"
11124311794,33,7,15,"6,5,2,7"
5510706680,34,2,5,"5,2,6,17"
5510707122,34,2,9,"6,5,2,26"
5522245313,35,2,1,"0,2,1,3"
5522254353,35,2,1,"0,2,15,1"
5522259887,35,2,1,"2,5,13,8"
5522263999,35,2,1,"2,13,0,8"
5522863188,35,2,1,"2,4,6,0"
5522276237,35,2,1,"2,0,1,3"
5522869144,35,2,1,"0,2,1,3"
5522873258,35,2,1,"2,5,6,7"
5522877478,35,2,1,"2,4,0,6"
5522884108,35,2,1,"2,5,6,0"
5522887858,35,2,1,"5,6,2,0"
5522891934,35,2,1,"0,1,2,14"
5522896156,35,2,1,"0,1,2,3"
5522899630,35,2,1,"6,2,5,7"
5522312587,35,2,1,"2,6,5,4"
5522315969,35,2,1,"5,6,2,4"
5522323269,35,2,1,"1,0,2,3"
5522917562,35,2,1,"0,1,2,3"
5522921466,35,2,1,"1,0,2,3"
5522925400,35,2,1,"0,1,9,2"
5522929700,35,2,1,"0,1,9,49"
5522934560,35,2,1,"0,1,2,3"
5522347499,35,2,1,"0,2,1,3"
5522351613,35,2,1,"2,5,6,15"
5522948410,35,2,1,"5,6,2,12"
5522358685,35,2,1,"5,6,2,33"
5522953636,35,2,1,"2,5,6,15"
5522368577,35,2,1,"5,6,2,33"
5522963024,35,2,1,"5,6,33,17"
5522969650,35,2,1,"5,6,2,33"
5522972062,35,2,1,"5,6,2,13"
6464169997,35,11,6,"29,33,5,6"
6464176057,35,11,6,"5,6,33,9"
6464182503,35,11,6,"0,29,6,5"
6464187233,35,11,6,"0,9,2,5"
6464199137,35,11,6,"0,1,2,9"
6464202567,35,11,6,"5,6,9,0"
6464209065,35,11,6,"0,1,2,3"
6464217161,35,11,6,"0,1,2,39"
6464228855,35,11,6,"0,2,1,6"
6464235099,35,11,6,"0,2,1,15"
6464249631,35,11,6,"0,2,1,3"
6464256031,35,11,6,"0,2,13,46"
7844967192,36,5,3,"2,0,1,15"
7844967722,36,5,0,"6,5,9,7"
7844968260,36,5,1,"6,5,2,7"
7844968768,36,5,1,"5,6,2,7"
7453410244,37,10,3,"5,2,6,7"
7453410612,37,10,3,"2,0,1,6"
7453410784,37,10,2,"2,5,6,4"
7453410730,37,10,2,"2,5,4,6"
7453411458,37,10,2,"2,6,4,5"
7453412172,37,10,2,"0,1,2,3"
7453413434,37,10,2,"2,0,4,10"
1357450936,38,8,8,"13,8,16,0"
1356560581,38,8,8,"5,6,2,17"
1356561169,38,8,8,"5,6,2,7"
1357452632,38,8,8,"0,13,8,2"
1357453004,38,8,8,"0,2,4,13"
1357453422,38,8,8,"0,2,51,6"
1356563043,38,8,8,"5,6,2,10"
1356563689,38,8,8,"5,6,2,7"
1357455118,38,8,8,"13,8,5,17"
1357455692,38,8,8,"6,5,2,7"
1356565315,38,8,8,"6,5,2,7"
1357456774,38,8,8,"0,2,1,14"
1357457350,38,8,8,"5,6,2,17"
1357457928,38,8,8,"2,6,5,7"
1356567829,38,8,8,"2,6,5,0"
1357459218,38,8,8,"0,2,1,3"
1357459880,38,8,8,"6,5,2,13"
1357460536,38,8,8,"2,0,6,5"
1356570457,38,8,8,"2,5,6,7"
1357461730,38,8,8,"0,2,1,3"
1356571677,38,8,8,"5,6,2,7"
1356572197,38,8,8,"2,6,5,0"
1356572749,38,8,8,"2,0,1,3"
1357464090,38,8,8,"2,1,0,3"
1357464654,38,8,8,"2,5,6,4"
1356574501,38,8,8,"5,17,6,2"
1357466044,38,8,8,"5,6,17,2"
1356575623,38,8,5,"5,6,17,2"
1357467166,38,8,5,"5,6,2,17"
1356576665,38,8,5,"17,5,6,2"
1356577257,38,8,5,"6,2,5,7"
1357468802,38,8,5,"2,5,6,7"
1357469550,38,8,5,"5,6,13,8"
1357470040,38,8,5,"2,6,4,5"
1356579645,38,8,5,"2,0,4,1"
1357471220,38,8,5,"5,6,33,2"
1356870935,38,8,3,"2,0,1,3"
1356871695,38,8,3,"2,5,6,17"
1357761584,38,8,3,"2,6,5,32"
1356872939,38,8,3,"17,5,2,6"
1356873703,38,8,3,"2,5,6,17"
1357763848,38,8,3,"2,0,1,30"
1356875311,38,8,3,"2,0,1,21"
2586516498,39,5,5,"2,6,5,21"
2626411363,39,5,0,"5,6,2,7"
2862460797,40,4,8,"2,0,1,6"
2906477521,40,7,11,"0,2,13,3"
3407666357,40,1,13,"2,5,4,6"
3354045408,40,2,14,"0,1,2,3"
5233619627,41,11,3,"5,6,8,2"
5234212434,41,11,3,"2,6,5,0"
2254049575,42,1,6,"0,2,1,3"
2498978998,42,4,12,"0,2,1,3"
2745583131,42,7,16,"0,1,2,3"
2746387494,42,7,16,"0,2,1,3"
2746419958,42,7,16,"0,2,1,3"
2745584437,42,7,16,"2,6,5,0"
2746420938,42,7,16,"0,1,2,3"
2746421474,42,7,16,"2,0,1,30"
2746422220,42,7,16,"2,0,5,6"
2746423052,42,7,16,"2,6,5,0"
2745589999,42,7,16,"0,2,20,29"
2745590627,42,7,16,"0,2,32,15"
2745591571,42,7,16,"2,6,5,32"
4324288540,43,5,9,"2,5,6,26"
4578410771,44,2,3,"0,2,1,3"
4584202857,44,2,8,"5,6,2,7"
4584917996,44,2,8,"6,5,2,26"
4461786976,44,2,8,"5,6,2,17"
4461786982,44,2,8,"6,5,2,26"
4753368483,44,5,0,"6,2,5,4"
4753368485,44,5,0,"5,6,2,8"
4754093202,44,5,0,"2,6,5,4"
4754093214,44,5,0,"0,1,2,4"
4754093244,44,5,1,"2,6,5,4"
4754093248,44,5,1,"0,9,1,2"
5238303810,45,11,16,"2,0,10,1"
5237711147,45,11,16,"0,2,6,1"
5238308612,45,11,16,"2,0,1,46"
5238310212,45,11,16,"0,2,1,3"
5238311906,45,11,16,"0,1,2,3"
5237718321,45,11,16,"2,6,0,5"
5237721811,45,11,0,"0,2,4,1"
5238318848,45,11,0,"0,2,1,4"
5237725437,45,11,0,"2,0,1,14"
5237727883,45,11,0,"0,2,1,3"
5237731655,45,11,0,"2,4,6,0"
5238329038,45,11,0,"6,5,24,9"
5238331244,45,11,0,"2,5,6,7"
5238333214,45,11,0,"0,2,1,4"
5237739663,45,11,0,"2,6,4,0"
5238336926,45,11,0,"0,2,1,38"
5238339066,45,11,0,"0,9,1,49"
5238341364,45,11,0,"17,2,6,5"
5237746947,45,11,0,"0,2,1,4"
5238344766,45,11,0,"0,2,1,4"
5237751663,45,11,0,"6,5,8,13"
5241624150,45,11,5,"2,6,5,0"
5241625336,45,11,5,"2,5,6,7"
7402017936,46,8,3,"2,6,5,32"
7402017362,46,8,3,"2,0,1,3"
7402016616,46,8,3,"2,0,1,3"
7402015656,46,8,3,"2,6,5,7"
7402014844,46,8,3,"5,6,17,16"
7402013728,46,8,2,"2,5,6,4"
6831114872,47,1,2,"2,6,5,12"
6977242477,47,1,2,"2,5,6,4"
167797662,48,5,8,"5,2,6,7"
169575490,48,5,1,"2,0,6,5"
169575565,48,5,1,"2,6,10,0"
1466714377,49,8,10,"2,17,0,5"
1466773589,49,8,10,"0,1,2,9"
1472591908,49,8,5,"2,6,5,7"
1472595690,49,8,1,"0,6,16,17"
1471745491,49,8,0,"2,6,5,13"
1472596752,49,8,0,"6,5,2,7"
1472595348,49,8,1,"6,5,2,7"
1471747495,49,8,1,"2,0,1,6"
1471746683,49,8,1,"2,0,15,24"
5208096074,50,10,4,"2,5,6,12"
5207495861,50,10,4,"2,5,6,12"
5207496071,50,10,1,"17,5,6,16"
5207498823,50,10,1,"6,2,0,52"
5207498687,50,10,1,"2,6,5,7"
5207497485,50,10,1,"6,2,5,7"
5208095550,50,10,1,"0,2,1,15"
5207497947,50,10,1,"6,5,2,9"
5207497341,50,10,1,"0,2,6,15"
5207494339,50,10,1,"2,0,6,15"
5208093738,50,10,1,"0,6,2,1"
5208092130,50,10,1,"0,2,1,32"
5207496211,50,10,9,"5,17,6,7"
5207495535,50,10,9,"6,5,17,16"
6941847396,51,2,5,"2,5,6,7"
7087920169,51,2,5,"2,6,5,7"
7087920353,51,2,5,"2,6,5,7"
7087920585,51,2,5,"2,6,5,10"
7087920841,51,2,5,"5,2,6,7"
6941848544,51,2,5,"5,6,12,13"
6941848778,51,2,5,"5,2,6,7"
7087924969,51,2,18,"5,6,2,7"
7087925215,51,2,18,"2,5,6,3"
7091334205,51,2,9,"5,17,6,16"
7091333497,51,2,9,"6,5,2,17"
7091332355,51,2,9,"6,2,5,28"
6945264168,51,2,9,"2,1,0,6"
6945264594,51,2,9,"2,0,6,1"
6945263788,51,2,9,"2,5,6,1"
6945264810,51,2,9,"6,5,2,12"
7091333937,51,2,9,"5,6,2,17"
7091334551,51,2,9,"5,6,17,16"
6945266510,51,2,9,"5,6,33,7"
7099534523,51,2,2,"2,6,5,4"
7099534621,51,2,2,"2,6,5,7"
7099534759,51,2,2,"5,2,6,4"
6953464926,51,2,2,"2,5,6,7"
6953465260,51,2,10,"5,6,2,7"
7099535535,51,2,10,"2,6,5,10"
6953465676,51,2,10,"5,6,17,2"
6953465778,51,2,10,"17,5,6,2"
7099535955,51,2,10,"1,0,2,62"
7099536147,51,2,10,"6,5,2,7"
7099539521,51,2,3,"5,2,6,33"
7099539599,51,2,3,"2,3,0,5"
6953469804,51,2,3,"2,0,1,30"
6953470076,51,2,7,"0,2,3,5"
7098387601,51,2,1,"1,2,0,35"
7098387737,51,2,1,"2,6,5,7"
6952316286,51,2,0,"2,6,5,7"
6952316178,51,2,0,"2,5,6,21"
7098388043,51,2,0,"0,2,1,3"
7098388139,51,2,0,"5,17,6,16"
7098388237,51,2,0,"5,17,6,2"
7098388671,51,2,0,"2,5,6,4"
12807102504,52,1,2,"2,0,6,1"
12809241514,52,1,2,"2,5,6,33"
12809360345,52,1,2,"2,6,21,5"
6264249900,53,9,1,"6,5,2,4"
6264252480,53,9,1,"5,6,2,4"
6263732207,53,9,1,"0,2,1,4"
6263752361,53,9,5,"2,5,6,7"
6263757281,53,9,5,"2,6,5,7"
6405270323,54,10,12,"6,5,17,2"
6405298841,54,10,8,"0,2,1,3"
6405303605,54,10,8,"2,6,5,7"
6405309501,54,10,8,"2,0,6,5"
6405314743,54,10,8,"0,6,9,2"
6405319761,54,10,8,"0,2,1,3"
6405323881,54,10,8,"2,6,5,7"
6405329455,54,10,8,"0,1,2,3"
6405334207,54,10,8,"0,2,1,9"
6405339903,54,10,8,"0,2,1,3"
6405345639,54,10,8,"2,0,3,4"
6405350761,54,10,8,"6,0,2,4"
6405356901,54,10,8,"2,0,10,50"
6405364025,54,10,8,"0,2,1,9"
6405371207,54,10,8,"2,0,1,36"
6405377365,54,10,8,"0,2,1,3"
6405382585,54,10,8,"0,1,2,3"
6405387417,54,10,8,"2,5,6,7"
6405392569,54,10,8,"5,2,6,7"
6405397653,54,10,8,"2,6,5,8"
6405403541,54,10,8,"3,1,0,14"
6405571459,54,10,4,"2,6,5,7"
6405579651,54,10,4,"2,5,6,33"
6405585405,54,10,4,"5,6,12,2"
6405591861,54,10,4,"5,6,12,2"
6405598309,54,10,4,"0,6,1,23"
6413179355,54,10,3,"5,6,2,17"
6413209087,54,10,3,"2,0,1,10"
6416083245,54,10,3,"0,2,1,3"
6416118083,54,10,3,"2,0,1,32"
6416164137,54,10,3,"2,0,1,3"
6416188319,54,10,3,"2,5,6,7"
6416210513,54,10,3,"0,2,1,3"
6416228559,54,10,3,"2,0,6,4"
6416275935,54,10,3,"5,2,6,7"
6416284587,54,10,3,"2,0,6,4"
6416307701,54,10,3,"5,6,2,17"
6416358893,54,10,3,"5,17,6,2"
6431702835,54,10,14,"5,6,2,7"
6431711373,54,10,14,"2,6,5,21"
6431726637,54,10,14,"2,6,5,7"
6431736039,54,10,14,"2,6,5,7"
6431763635,54,10,14,"5,2,6,17"
6435924385,54,10,11,"0,2,1,3"
6436027825,54,10,11,"2,6,5,0"
6436047197,54,10,11,"0,2,1,8"
6436072169,54,10,11,"16,17,8,13"
6436138661,54,10,13,"5,2,6,17"
6436162033,54,10,13,"2,5,6,7"
6436182247,54,10,13,"2,32,0,6"
6436207967,54,10,13,"2,0,1,3"
6436271071,54,10,13,"0,2,6,15"
6436289167,54,10,13,"0,2,1,60"
6436331799,54,10,13,"2,6,0,5"
6436338439,54,10,13,"2,0,1,3"
6436350553,54,10,13,"0,1,2,3"
6436452901,54,10,13,"5,6,2,13"
6436487773,54,10,15,"2,5,6,7"
6436516117,54,10,15,"2,6,21,4"
6436553319,54,10,15,"2,6,5,21"
6436566757,54,10,15,"2,6,5,21"
6436586575,54,10,15,"2,0,1,4"
6440998229,54,10,0,"5,17,6,2"
8371920192,55,11,7,"2,5,6,7"
8371920572,55,11,7,"6,2,5,0"
8370854273,55,11,5,"2,4,5,6"
8371923174,55,11,5,"2,0,4,1"
3090020561,56,10,13,"13,5,2,8"
3090861950,56,10,13,"5,17,16,13"
3090022315,56,10,13,"0,2,1,17"
3090863106,56,10,13,"0,1,16,29"
3090023537,56,10,13,"2,5,6,21"
3090023661,56,10,13,"0,1,2,3"
3090864182,56,10,13,"2,5,6,21"
3090864528,56,10,13,"2,0,1,15"
5202529547,57,3,5,"5,6,7,9"
4556989299,57,3,0,"6,2,0,17"
4557620804,57,3,0,"5,6,17,2"
4556991331,57,3,1,"2,6,5,9"
4557622744,57,3,1,"2,0,1,4"
4557623580,57,3,1,"2,0,1,21"
4556993423,57,3,1,"2,0,1,4"
4556994183,57,3,1,"2,6,0,32"
4557625358,57,3,1,"2,5,6,4"
4557626044,57,3,1,"2,0,6,4"
3345748474,58,1,1,"2,0,1,6"
3344913749,58,1,1,"0,2,6,5"
6819881204,59,1,2,"2,5,6,7"
6966003833,59,1,2,"0,2,1,4"
6285146966,59,1,3,"2,17,5,6"
6285140378,59,1,2,"2,5,6,33"
6110512581,59,1,2,"2,5,6,0"
6285141928,59,1,2,"5,6,29,33"
6281798390,59,1,2,"2,4,5,6"
6281797044,59,1,2,"0,8,16,13"
6943503445,60,1,2,"6,2,5,0"
6943503971,60,1,2,"0,2,6,5"
6797389336,60,1,7,"0,2,6,5"
6943504719,60,1,7,"0,2,1,3"
6797390058,60,1,7,"0,2,1,3"
6943505551,60,1,7,"0,1,2,3"
3083636184,61,9,7,"0,2,3,1"
3083639108,61,9,7,"0,2,13,8"
3083629352,61,9,7,"2,3,0,18"
3083642904,61,9,7,"0,1,2,46"
3083647372,61,9,7,"0,2,1,3"
3083659580,61,9,7,"0,3,18,1"
3082827101,61,9,7,"0,2,3,1"
3083669980,61,9,7,"0,2,1,3"
1091021089,62,6,8,"5,6,2,7"
1091881330,62,6,8,"2,0,1,3"
1091878728,62,6,8,"0,2,1,14"
1091876392,62,6,8,"17,2,6,16"
1091875860,62,6,8,"2,5,6,17"
1091010975,62,6,8,"2,17,6,0"
1091008451,62,6,8,"5,6,2,17"
1091868180,62,6,8,"2,0,6,5"
1091003089,62,6,8,"0,2,6,5"
1091000587,62,6,8,"2,6,5,17"
1091860374,62,6,8,"2,0,1,15"
1090995269,62,6,8,"2,0,1,3"
1091855280,62,6,8,"17,5,2,13"
1091852344,62,6,8,"17,13,0,5"
1090986667,62,6,8,"17,2,6,5"
1089881603,62,6,4,"2,5,6,12"
1089875917,62,6,4,"0,1,2,3"
1090736602,62,6,4,"0,2,1,3"
1090733500,62,6,4,"5,6,2,56"
1090742286,62,6,4,"2,5,6,21"
1090196013,62,6,6,"10,39,50,5"
1091063638,62,6,6,"39,10,50,5"
1092457320,62,6,6,"6,5,2,17"
1091592631,62,6,6,"2,0,6,5"
1091590011,62,6,6,"17,0,16,2"
1092449506,62,6,6,"0,1,2,3"
1091584293,62,6,6,"1,0,3,2"
1092831872,62,6,6,"2,1,0,4"
1091576593,62,6,6,"1,2,0,6"
1092437426,62,6,6,"0,1,2,3"
1091572411,62,6,6,"1,2,0,3"
1092432580,62,6,6,"2,1,0,3"
1092429402,62,6,6,"0,2,1,3"
1091561361,62,6,6,"0,1,2,36"
1091564073,62,6,6,"1,0,3,2"
1091558105,62,6,6,"0,1,2,3"
1091555569,62,6,6,"1,3,0,2"
1091553111,62,6,6,"0,1,2,3"
1091550439,62,6,6,"0,1,2,3"
1092410770,62,6,6,"0,2,1,14"
1091546417,62,6,6,"1,0,3,2"
1092406586,62,6,6,"0,1,2,3"
1091541971,62,6,6,"0,1,2,3"
1092402352,62,6,6,"0,1,2,3"
1092398888,62,6,6,"0,2,1,3"
1091535979,62,6,6,"0,1,2,58"
1091535535,62,6,6,"1,0,3,2"
1083484811,62,6,9,"2,0,1,3"
1084346600,62,6,9,"6,5,2,7"
1084304322,62,6,9,"5,17,6,16"
1084349382,62,6,9,"2,5,6,7"
1084352634,62,6,9,"6,5,2,7"
1084355602,62,6,9,"2,6,5,7"
1084308756,62,6,9,"17,16,5,8"
1083498935,62,6,9,"5,6,2,7"
1084361364,62,6,9,"2,6,5,26"
1083435175,62,6,9,"2,5,6,7"
1083452847,62,6,9,"17,5,6,16"
1084315234,62,6,9,"5,17,6,16"
1083457007,62,6,9,"2,6,17,5"
1084322876,62,6,9,"2,6,5,17"
1083457779,62,6,9,"2,6,5,7"
1083467529,62,6,9,"8,16,5,6"
1084329862,62,6,9,"17,5,6,16"
1084298234,62,6,9,"5,6,7,16"
1083477915,62,6,9,"2,6,5,7"
1083482105,62,6,9,"5,6,17,16"
1084301862,62,6,9,"17,5,6,16"
1083475653,62,6,9,"13,8,17,16"
1084291464,62,6,9,"13,8,16,17"
1083437337,62,7,9,"5,6,17,16"
1083460857,62,7,9,"6,5,17,16"
2148810452,62,11,9,"0,14,17,2"
2148810450,62,11,9,"2,0,5,6"
2148802982,62,11,9,"6,5,16,17"
2148802978,62,11,9,"0,1,3,2"
5253925465,63,10,4,"2,5,6,21"
5255272454,63,10,4,"2,0,1,3"
5254661581,63,10,4,"2,0,3,5"
5255274570,63,10,4,"0,2,3,1"
5254663271,63,10,4,"2,5,6,21"
5254663873,63,10,4,"0,2,3,1"
5259006302,63,10,4,"0,2,1,45"
5259005860,63,10,4,"0,2,1,45"
5259005246,63,10,4,"0,1,2,3"
5259004844,63,10,4,"0,14,1,2"
5258397033,63,10,4,"0,2,1,3"
5258396565,63,10,4,"0,2,1,41"
5264607088,63,10,9,"5,6,2,26"
5269810408,63,10,9,"0,29,3,16"
5271708743,63,10,3,"0,1,2,36"
5271708143,63,10,3,"0,1,2,36"
5271709425,63,10,3,"2,17,0,5"
5274179250,63,10,3,"2,0,1,15"
5274179916,63,10,3,"0,1,2,3"
5273573379,63,10,3,"0,2,32,1"
5274181052,63,10,3,"0,1,14,9"
5280932322,63,10,2,"0,1,2,36"
5280931916,63,10,2,"2,6,5,4"
5280329441,63,10,2,"0,1,2,3"
5281415852,63,10,2,"2,6,5,4"
5280798015,63,10,2,"0,1,29,3"
5281398668,63,10,2,"0,2,1,3"
5281399534,63,10,2,"2,0,1,4"
5280814435,63,10,2,"2,5,6,4"
5281065293,63,10,10,"0,13,2,8"
5281667030,63,10,10,"2,0,1,6"
5281666586,63,10,10,"2,0,3,1"
5281065707,63,10,10,"2,0,5,6"
5283140751,63,10,10,"0,2,3,5"
5307802626,63,10,0,"5,2,6,4"
5307802280,63,10,0,"0,2,1,4"
5307801730,63,10,0,"0,2,32,1"
8644641599,64,3,2,"2,6,5,4"
13088710105,65,2,6,"2,5,6,13"
13088763715,65,2,5,"2,5,6,7"
13088968863,65,2,5,"2,6,5,7"
5414313754,66,0,0,"0,1,2,15"
5419493503,66,0,19,"0,1,2,3"
5420113308,66,0,19,"2,1,0,4"
5419523435,66,0,19,"1,0,2,3"
5529754609,66,0,19,"2,0,1,15"
5530377966,66,0,19,"1,0,2,59"
5529808431,66,0,19,"0,2,6,14"
5544372386,66,0,2,"5,6,2,29"
8410894872,67,11,7,"2,6,5,11"
8409793607,67,11,7,"2,5,6,4"
8409786597,67,11,7,"2,5,6,21"
8410498741,67,11,2,"2,5,6,43"
8411565688,67,11,2,"2,5,6,4"
8410461839,67,11,2,"2,5,4,6"
8411546858,67,11,2,"2,5,4,6"
8411575832,67,11,2,"2,5,6,7"
8410359223,67,11,2,"0,1,2,3"
8411538036,67,11,2,"5,2,6,4"
8410434343,67,11,2,"2,5,6,4"
8410412195,67,11,2,"2,0,4,6"
8411492228,67,11,2,"2,6,4,5"
8410302771,67,11,2,"5,6,2,7"
8411388014,67,11,2,"5,6,2,13"
8411463088,67,11,2,"2,5,6,4"
8410320775,67,11,2,"2,5,21,6"
8411438702,67,11,2,"5,2,6,4"
8410349953,67,11,2,"0,1,9,49"
8410327983,67,11,2,"2,5,6,4"
8410334007,67,11,2,"2,5,6,4"
8410227023,67,11,2,"2,5,6,4"
8410266893,67,11,2,"0,2,1,3"
8410251089,67,11,2,"2,0,1,3"
8410241921,67,11,2,"2,5,6,7"
8410234041,67,11,2,"2,5,6,7"
8410220125,67,11,2,"6,5,2,4"
8411307942,67,11,2,"2,6,0,52"
8410187667,67,11,2,"2,5,6,4"
8411290638,67,11,2,"2,5,6,7"
8411274926,67,11,2,"2,5,6,0"
8410172213,67,11,2,"2,0,1,3"
8411249732,67,11,2,"0,2,1,3"
8409389133,67,11,3,"2,5,6,7"
8410446886,67,11,3,"5,6,2,17"
8410477766,67,11,3,"2,4,0,6"
8410467114,67,11,3,"2,6,5,9"
8409360049,67,11,3,"2,0,4,21"
8409341521,67,11,3,"2,5,6,17"
8410429628,67,11,3,"5,2,6,17"
8409397781,67,11,3,"2,5,6,17"
8410419608,67,11,3,"2,0,1,21"
8410407890,67,11,3,"2,0,1,3"
8409299343,67,11,3,"2,0,6,21"
8410378314,67,11,3,"0,2,1,32"
8409274743,67,11,3,"2,0,1,4"
8409262263,67,11,3,"2,0,1,4"
8410350338,67,11,3,"0,2,1,3"
8409241659,67,11,3,"0,2,1,15"
8410330676,67,11,3,"2,0,6,1"
8409223189,67,11,3,"0,2,1,3"
8410278716,67,11,3,"5,6,2,17"
8410304946,67,11,3,"0,2,1,3"
8409172423,67,11,3,"17,5,6,2"
8409162205,67,11,3,"17,5,6,16"
8409150691,67,11,3,"2,5,6,4"
8410237106,67,11,3,"17,5,6,2"
8409130089,67,11,3,"0,8,16,22"
8410214910,67,11,3,"5,17,0,29"
8408994523,67,11,3,"5,6,2,7"
8408986039,67,11,3,"5,2,6,17"
8410072878,67,11,3,"2,0,1,30"
8410064086,67,11,3,"2,0,1,32"
8410053316,67,11,3,"0,2,1,15"
8408948589,67,11,3,"0,2,32,1"
8410008012,67,11,3,"2,0,1,6"
8410027632,67,11,3,"2,0,1,4"
8410017726,67,11,3,"2,0,1,4"
8410002616,67,11,3,"5,2,6,7"
8408898617,67,11,3,"6,2,5,7"
8409907310,67,11,3,"0,1,2,36"
8409867310,67,11,3,"1,0,2,36"
8409959932,67,11,3,"2,0,1,3"
8409952830,67,11,3,"2,0,1,4"
8409918258,67,11,3,"0,2,1,4"
8409896948,67,11,3,"0,1,2,57"
8413218288,67,11,5,"2,5,6,7"
8413212948,67,11,5,"2,6,5,4"
8413203534,67,11,5,"2,5,6,9"
8412099061,67,11,5,"2,5,6,4"
8412108415,67,11,5,"2,6,5,7"
8412089783,67,11,5,"2,0,1,5"
4897862718,68,1,6,"3,0,2,5"
3819948065,68,4,17,"6,5,2,16"
5479175660,68,0,13,"2,0,1,15"
5537478647,68,0,13,"8,13,16,22"
5411169046,68,0,13,"5,6,2,7"
5410506819,68,0,13,"5,33,6,2"
5885674468,68,0,15,"2,5,6,4"
5885676692,68,0,15,"2,5,6,4"
5885678536,68,0,15,"5,6,2,7"
5870526963,68,0,15,"2,6,5,21"
5583366038,68,3,5,"2,3,5,0"
6241759864,68,8,16,"0,2,3,1"
6210815360,68,8,16,"0,2,1,3"
3413590819,69,3,12,"2,6,5,4"
4575171495,69,3,8,"2,0,6,5"
4575966620,69,3,8,"0,2,14,18"
4575174023,69,3,8,"0,14,2,1"
4575810740,69,3,8,"0,2,14,8"
4885975708,69,7,8,"0,14,18,2"
4887319170,69,7,8,"0,18,14,2"
4886717573,69,7,8,"0,14,2,3"
4890061328,69,7,8,"6,5,2,0"
1177612441,70,1,12,"2,0,26,5"
900822505,70,1,2,"5,6,2,26"
2927178665,71,8,3,"2,0,1,6"
2927181929,71,8,3,"0,29,5,34"
2928040658,71,8,3,"0,1,2,3"
2927186195,71,8,3,"2,5,6,17"
2932665608,71,8,7,"0,2,1,27"
2932666820,71,8,7,"2,0,11,10"
379444839,72,7,2,"2,6,5,4"
379446778,72,7,2,"2,5,4,6"
379448490,72,7,2,"0,2,1,3"
379450111,72,7,2,"0,1,2,3"
379458653,72,7,3,"2,6,17,5"
379460535,72,7,3,"2,6,0,5"
379462175,72,7,3,"2,6,17,5"
379463629,72,7,3,"2,5,6,7"
379464515,72,7,3,"2,0,1,4"
379466247,72,7,3,"0,2,1,3"
379468199,72,7,3,"0,2,1,9"
5676646979,73,3,1,"2,5,6,7"
2096735293,74,8,10,"0,16,6,8"
2097513114,74,8,10,"5,6,16,17"
2097513878,74,8,10,"17,5,6,16"
2097514518,74,8,10,"5,6,16,33"
2096738439,74,8,10,"17,0,19,16"
2097556990,74,8,13,"5,6,2,17"
2096780399,74,8,13,"2,0,1,15"
2096781663,74,8,13,"2,0,1,6"
2096782857,74,8,13,"6,5,2,33"
2097564784,74,8,5,"5,2,6,7"
2097565472,74,8,5,"2,5,6,7"
2097566676,74,8,5,"5,2,6,7"
6254346545,75,10,5,"0,14,2,1"
6255043174,75,10,5,"2,5,4,6"
6258220875,75,10,3,"5,2,6,7"
6258244963,75,10,0,"5,6,2,7"
9713630068,75,11,5,"2,5,6,4"
13650515155,76,9,13,"5,6,2,17"
13650528843,76,9,13,"5,2,0,6"
13650859014,76,9,13,"5,6,17,7"
13651066745,76,9,5,"0,2,6,8"
13651418944,76,9,5,"5,6,2,17"
13651063925,76,9,5,"2,5,6,14"
13651063255,76,9,5,"2,5,6,7"
13652863414,76,9,4,"0,1,2,45"
13652517315,76,9,4,"2,0,1,44"
13652861554,76,9,4,"0,1,2,3"
13652514785,76,9,4,"0,2,1,14"
13653630155,76,9,4,"2,5,6,21"
13652858934,76,9,4,"2,6,5,21"
13652269474,76,9,9,"5,6,17,16"
13651940123,76,9,9,"6,2,5,28"
13654244144,76,9,9,"17,5,6,16"
13647587923,76,9,0,"5,6,2,13"
13647914244,76,9,0,"2,6,5,0"
13647891904,76,9,0,"2,6,5,0"
13653883713,76,9,0,"0,1,2,3"
8615637079,77,3,5,"2,5,4,6"
139358816,78,3,15,"2,5,6,7"
139358818,78,3,15,"2,21,5,6"
139358819,78,3,15,"2,6,5,21"
139358820,78,3,15,"0,2,1,3"
139360404,78,3,13,"0,2,6,16"
139360406,78,3,13,"2,5,6,17"
141354322,78,3,3,"2,0,1,6"
139365162,78,3,0,"5,2,6,4"
139365163,78,3,0,"2,0,6,4"
139365164,78,3,0,"2,0,1,6"
139365166,78,3,0,"5,6,2,24"
139365169,78,3,1,"2,5,6,7"
8611204949,79,2,2,"5,2,6,7"
8612314028,79,2,10,"5,6,7,17"
1416940337,80,8,9,"2,0,3,5"
1417817790,80,8,9,"0,1,2,3"
1416937383,80,8,9,"2,5,6,7"
1350499673,80,8,5,"2,6,5,7"
4005028111,81,9,3,"2,0,4,6"
4005031061,81,9,3,"2,0,4,1"
4005034725,81,9,3,"2,0,6,1"
4005037959,81,9,3,"0,1,2,4"
4005806636,81,9,3,"0,9,1,15"
4005045693,81,9,3,"6,5,2,7"
4005813268,81,9,3,"0,29,5,6"
4005053711,81,9,3,"2,0,6,1"
4005820862,81,9,3,"2,6,5,8"
4005826500,81,9,3,"5,2,6,17"
4005871916,81,9,2,"0,2,6,5"
7060141803,82,2,10,"2,6,5,0"
6914057894,82,2,10,"2,5,6,7"
7060142837,82,2,10,"0,2,1,10"
7060143519,82,2,10,"2,5,6,4"
7060143931,82,2,10,"2,6,5,11"
7060144379,82,2,10,"2,6,0,21"
6914060438,82,2,10,"2,5,6,17"
7060145265,82,2,10,"2,5,6,7"
6914061344,82,2,10,"2,0,1,3"
7060146397,82,2,10,"2,17,6,5"
6914062396,82,2,10,"6,2,5,16"
7060147201,82,2,10,"2,5,6,7"
7060147681,82,2,10,"2,0,5,6"
6914065412,82,2,4,"0,5,2,6"
6914066286,82,2,4,"2,5,6,33"
7060151293,82,2,4,"2,5,6,7"
6914068200,82,2,0,"5,6,17,2"
7060152855,82,2,0,"5,6,2,7"
7060153381,82,2,0,"2,0,15,32"
6914069472,82,2,1,"0,1,2,15"
6914069812,82,2,1,"2,5,6,4"
7060154463,82,2,1,"2,0,1,4"
6914070560,82,2,1,"0,2,1,15"
6914071356,82,2,1,"2,4,15,32"
6914071750,82,2,1,"6,5,2,7"
7060156491,82,2,1,"0,2,6,9"
6914072512,82,2,1,"2,6,4,5"
7060163601,82,2,5,"5,2,6,4"
7060163965,82,2,5,"2,5,6,4"
6914079990,82,2,5,"2,3,0,1"
3545098959,83,2,16,"0,2,1,3"
3545908676,83,2,16,"2,1,0,3"
3545910708,83,2,16,"1,0,2,3"
3545912846,83,2,16,"2,0,1,3"
3545914768,83,2,16,"5,2,6,7"
3545916820,83,2,16,"2,6,5,7"
3545918902,83,2,16,"2,6,5,7"
3545920704,83,2,16,"2,0,1,6"
3545114909,83,2,16,"5,6,2,7"
3545925036,83,2,16,"2,5,6,7"
3545119145,83,2,16,"2,5,6,7"
3545929180,83,2,16,"0,1,2,46"
3545123209,83,2,16,"2,0,1,4"
3545933398,83,2,16,"2,6,5,7"
3545127529,83,2,16,"6,5,2,17"
3545938336,83,2,16,"2,6,0,21"
3545133049,83,2,16,"2,0,1,21"
3545943874,83,2,16,"0,1,3,2"
3545946180,83,2,16,"2,0,3,1"
3545139289,83,2,16,"0,1,9,34"
3545777940,83,2,16,"2,6,5,21"
3544973187,83,2,16,"2,6,5,7"
3544974863,83,2,16,"2,6,5,7"
3545783078,83,2,16,"2,0,6,5"
3544978315,83,2,16,"2,0,6,15"
3544980113,83,2,16,"2,6,5,7"
3544981917,83,2,16,"2,6,5,7"
3545789748,83,2,16,"2,6,5,7"
3545791586,83,2,16,"2,6,0,5"
3545793178,83,2,16,"0,1,3,2"
3545795010,83,2,16,"0,2,1,3"
3545796810,83,2,16,"0,2,1,3"
3544992335,83,2,16,"5,2,6,7"
3545800340,83,2,16,"5,6,2,7"
3544995591,83,2,16,"0,3,1,2"
3545803532,83,2,16,"2,0,3,1"
3545805324,83,2,16,"0,2,1,3"
3545806912,83,2,16,"0,3,1,2"
3545002067,83,2,16,"6,2,5,7"
3545003735,83,2,16,"2,0,5,3"
3545005499,83,2,16,"2,0,1,3"
3545009743,83,2,16,"2,0,1,3"
3545011631,83,2,16,"2,0,1,3"
3545013403,83,2,16,"2,0,1,48"
3545015079,83,2,16,"0,2,1,3"
3545823568,83,2,16,"2,0,1,3"
3545018983,83,2,16,"0,1,2,3"
3545020991,83,2,16,"2,5,6,0"
3545829290,83,2,16,"0,1,2,3"
3545949204,83,2,16,"2,6,5,21"
3545951298,83,2,16,"2,6,5,4"
3545953350,83,2,16,"2,5,6,7"
3545955394,83,2,16,"2,6,5,7"
3545831286,83,2,16,"5,6,2,7"
3545833320,83,2,16,"5,6,2,7"
3545957486,83,2,16,"2,0,6,5"
3545959660,83,2,16,"2,0,1,15"
3545034439,83,2,16,"0,2,1,3"
3545036057,83,2,16,"0,2,1,3"
5640053276,84,7,3,"2,0,3,1"
5816113216,84,7,5,"2,5,6,17"
4166097247,85,11,2,"2,5,6,7"
4166859814,85,11,2,"2,0,1,3"
4166102053,85,11,2,"0,2,1,3"
4166104667,85,11,2,"0,2,1,3"
4166107197,85,11,2,"0,2,1,3"
4166111939,85,11,2,"2,6,5,0"
4166874166,85,11,2,"0,2,1,3"
4166120419,85,11,2,"2,0,1,6"
4166881212,85,11,2,"2,6,5,0"
4166125865,85,11,2,"5,2,6,7"
4166887236,85,11,2,"5,6,2,33"
4166889152,85,11,2,"5,6,2,33"
57947809,86,9,19,"1,0,2,3"
8479458343,87,0,2,"2,5,6,7"
8480550008,87,0,2,"5,2,6,4"
8479458101,87,0,2,"5,2,6,4"
8479458743,87,0,2,"2,5,6,4"
8479444591,87,0,2,"0,2,3,5"
8480546682,87,0,10,"0,1,2,9"
8480539780,87,0,10,"2,0,17,1"
8480539344,87,0,6,"2,5,6,7"
8480559012,87,0,0,"2,6,0,5"
8482544696,87,0,0,"6,5,13,8"
8479467715,87,0,1,"2,0,1,6"
8480552186,87,0,1,"2,6,5,7"
8480553088,87,0,1,"6,5,2,4"
8480557880,87,0,1,"0,2,1,3"
8480561598,87,0,1,"0,2,1,4"
3132487813,88,9,0,"0,2,1,3"
429804977,89,2,5,"2,5,6,10"
8410918392,90,0,3,"2,0,6,5"
8410918442,90,0,3,"2,5,6,17"
6983709757,91,2,14,"0,2,1,3"
8559136563,91,2,7,"0,1,3,2"
8827661194,91,2,5,"2,5,6,0"
10201296996,91,2,5,"2,5,6,0"
8560721845,91,2,5,"6,12,55,0"
10201314186,91,2,5,"5,29,0,6"
8592875066,91,2,5,"0,1,13,2"
8586203258,91,2,5,"2,5,6,11"
11620489615,92,7,3,"2,0,6,4"
5751043163,93,4,0,"5,6,17,2"
5750853813,93,4,0,"2,0,1,4"
5751443512,93,4,5,"2,0,14,1"
5750919869,93,4,3,"2,0,1,6"
5781956573,93,4,6,"2,0,6,10"
5781963827,93,4,2,"2,6,5,0"
5781997497,93,4,2,"0,2,3,1"
5782006129,93,4,2,"0,2,3,1"
105588926,94,1,5,"2,5,6,4"
104318749,94,1,5,"5,6,2,7"
104319179,94,1,5,"2,5,6,4"
187986174,94,6,0,"6,5,2,7"
187986190,94,6,0,"0,1,2,3"
187984804,94,6,0,"2,0,1,4"
187984997,94,6,0,"2,6,0,5"
187985009,94,6,0,"2,5,6,7"
187985034,94,6,0,"6,5,17,16"
187985674,94,6,0,"5,2,17,6"
187985647,94,6,0,"5,2,17,6"
187985693,94,6,0,"5,17,2,6"
187984886,94,6,0,"17,2,6,0"
187984826,94,6,0,"2,0,15,32"
187984851,94,6,0,"2,0,15,6"
187984981,94,6,0,"2,6,5,24"
187984963,94,6,0,"0,2,1,15"
187985631,94,6,0,"5,6,2,13"
187985057,94,6,0,"0,2,1,3"
187985703,94,6,0,"5,6,2,7"
187985726,94,6,0,"2,6,5,4"
187985158,94,6,0,"2,0,6,4"
187985136,94,6,0,"2,0,1,4"
187985531,94,6,0,"2,5,6,7"
187985109,94,6,0,"0,1,2,32"
187985200,94,6,0,"0,2,1,3"
187985224,94,6,0,"0,2,1,3"
187985601,94,6,0,"2,6,4,5"
187985554,94,6,0,"2,6,4,5"
187985072,94,6,0,"0,2,15,1"
187985331,94,6,0,"0,2,1,3"
187985488,94,6,0,"6,17,5,7"
6044423668,95,6,9,"5,6,16,17"
6047949478,95,6,0,"2,6,5,0"
6047399393,95,6,0,"2,6,5,0"
6047401795,95,6,0,"13,8,0,2"
6047403453,95,6,0,"6,5,2,4"
6047404953,95,6,0,"6,5,2,4"
6047959256,95,6,0,"6,2,5,13"
6047408533,95,6,0,"2,6,5,10"
6047962934,95,6,0,"0,2,6,5"
6047412781,95,6,0,"0,2,1,3"
6047966894,95,6,0,"0,2,1,14"
6047416247,95,6,0,"0,1,2,3"
6047419267,95,6,0,"0,2,24,15"
6047974138,95,6,0,"0,1,2,3"
6047423435,95,6,0,"2,0,1,32"
6047978306,95,6,0,"2,0,1,3"
6047428257,95,6,0,"2,0,1,15"
6047430315,95,6,0,"0,2,3,1"
6047431985,95,6,0,"2,6,5,4"
6047986358,95,6,0,"2,6,5,15"
6047438383,95,6,0,"2,6,5,7"
6047993950,95,6,0,"0,2,1,3"
6047443777,95,6,0,"0,2,1,3"
6047446091,95,6,0,"6,5,9,7"
6047449447,95,6,0,"6,5,25,31"
6047453191,95,6,0,"6,5,25,24"
6048009072,95,6,0,"2,0,4,1"
6048013250,95,6,0,"2,0,6,15"
6047464421,95,6,0,"0,2,1,3"
6048019518,95,6,0,"2,6,17,5"
6047469023,95,6,0,"2,6,4,5"
6048025222,95,6,0,"0,2,1,32"
6048028830,95,6,0,"0,1,2,3"
6047478549,95,6,0,"1,0,3,2"
6048035184,95,6,0,"0,1,2,3"
6048038380,95,6,0,"0,2,1,14"
6048042564,95,6,0,"0,2,14,1"
6047492709,95,6,0,"17,0,19,20"
6048048772,95,6,0,"17,0,20,56"
6048052238,95,6,0,"17,0,20,5"
6047502219,95,6,0,"17,0,19,20"
6047505655,95,6,0,"0,1,2,3"
6048060804,95,6,0,"2,6,5,4"
6048063494,95,6,0,"0,6,24,25"
7666049102,96,8,15,"5,2,6,13"
7666050314,96,8,15,"2,5,6,4"
7666051950,96,8,15,"2,0,6,1"
7666053734,96,8,15,"0,9,2,34"
7666055602,96,8,15,"0,6,24,25"
7666057338,96,8,15,"2,5,6,4"
7666060504,96,8,13,"0,2,4,1"
7666062628,96,8,13,"0,29,1,3"
7666065478,96,8,13,"0,1,2,15"
7666067342,96,8,13,"2,5,6,21"
7666101934,96,8,5,"2,5,6,4"
6186422906,96,8,7,"6,2,5,0"
7666082496,96,8,7,"0,2,1,3"
7666083698,96,8,7,"0,1,3,2"
7666085988,96,8,7,"0,1,3,2"
7666087672,96,8,7,"0,1,2,3"
7666089662,96,8,7,"0,2,14,3"
7666097270,96,8,2,"2,5,4,6"
6186434542,96,8,2,"6,5,2,33"
7666092384,96,8,2,"2,4,6,5"
7666099922,96,8,2,"2,5,6,26"
7666093384,96,8,2,"6,5,16,8"
6185919423,96,8,2,"0,2,14,1"
7666094372,96,8,2,"5,6,2,7"
7666096124,96,8,2,"2,5,4,6"
6133216113,96,8,9,"5,6,2,26"
6215092624,96,8,0,"2,6,5,13"
6215098222,96,8,0,"5,6,2,4"
6214588663,96,8,0,"6,5,2,26"
6214595533,96,8,0,"0,1,9,24"
6214600645,96,8,0,"0,1,2,4"
6214606905,96,8,0,"2,0,6,41"
8566194412,97,1,4,"2,0,12,1"
8565102507,97,1,4,"0,2,1,14"
8566200384,97,1,4,"2,0,1,44"
8565105993,97,1,4,"0,2,1,4"
8565107963,97,1,4,"0,1,2,3"
8566205856,97,1,4,"0,1,14,2"
8566209588,97,1,4,"0,2,1,3"
8565116709,97,1,4,"2,0,6,5"
8565119885,97,1,4,"0,14,1,3"
8566221574,97,1,4,"0,2,14,1"
8566225714,97,1,16,"0,1,14,2"
8565132793,97,1,16,"0,1,2,3"
8565137987,97,1,16,"0,1,3,2"
8565143251,97,1,16,"0,1,2,3"
8566242756,97,1,16,"0,2,1,3"
8566256670,97,1,16,"0,1,14,3"
8565163117,97,1,16,"0,1,2,3"
8566262990,97,1,16,"0,2,1,14"
8566267858,97,1,16,"0,1,2,3"
8565174195,97,1,16,"0,2,3,1"
8565179671,97,1,16,"0,1,3,14"
8484023906,98,11,3,"2,5,6,17"
8482933143,98,11,3,"6,2,5,7"
8482934131,98,11,3,"0,2,1,4"
8484026730,98,11,3,"2,5,6,4"
8482936097,98,11,3,"2,5,17,6"
8484028658,98,11,2,"2,5,6,4"
6213449457,99,6,7,"0,2,3,1"
6213941270,99,6,2,"0,2,1,3"
6360823045,99,6,2,"0,2,3,6"
1321821769,100,6,3,"5,2,17,6"
1321829103,100,6,3,"2,5,6,17"
1322727920,100,6,3,"2,0,6,37"
1322668438,100,6,3,"17,5,6,29"
1321756919,100,6,3,"17,5,16,6"
1322675326,100,6,3,"0,6,2,5"
1322679572,100,6,3,"6,5,17,2"
1321767249,100,6,3,"17,0,16,5"
1321797973,100,6,3,"17,5,6,16"
1322697504,100,6,10,"17,5,6,16"
1321815093,100,6,10,"17,5,16,6"
1335286318,100,8,2,"5,2,6,4"
1335302824,100,8,2,"2,6,5,4"
1335291614,100,8,2,"2,5,6,4"
1334426505,100,8,2,"2,5,6,7"
1335298374,100,8,2,"0,2,1,3"
1335307610,100,8,2,"2,5,6,33"
1334430809,100,8,2,"5,6,2,33"
1335324854,100,8,2,"5,6,33,29"
1335245468,100,8,2,"6,5,33,2"
1335328878,100,8,15,"6,2,17,5"
1335332882,100,8,15,"5,6,2,7"
1334355407,100,8,15,"0,1,2,3"
1335337822,100,8,15,"2,5,6,21"
2240343346,101,10,3,"2,0,1,4"
2240338012,101,10,3,"2,0,6,4"
2239541691,101,10,3,"2,6,0,52"
2239567027,101,10,3,"0,6,17,5"
2239724569,101,10,3,"2,6,5,17"
2239727085,101,10,3,"2,0,1,14"
2240522532,101,10,3,"0,2,4,1"
2239735613,101,10,3,"0,14,1,3"
9088084271,102,0,5,"2,5,6,7"
9090303152,102,0,2,"5,2,6,4"
9090302916,102,0,2,"5,6,2,16"
9090302550,102,0,2,"2,5,6,4"
9090302352,102,0,2,"5,6,2,33"
9090302018,102,0,2,"5,6,33,2"
9090301652,102,0,2,"2,0,6,1"
9090300584,102,0,7,"2,5,6,7"
9088078331,102,0,7,"0,1,3,2"
9125820953,102,0,21,"5,6,16,17"
9147581072,102,0,9,"6,5,2,7"
9145357261,102,0,9,"0,2,1,9"
9757492195,103,11,16,"2,0,6,5"
9757261181,103,11,16,"2,6,5,7"
9757515714,103,11,16,"2,0,6,1"
8484058690,104,11,3,"2,0,6,32"
8482973541,104,11,3,"17,5,6,2"
8484072968,104,0,0,"2,5,6,4"
8482982957,104,0,0,"0,1,2,3"
8484077790,104,0,0,"0,2,3,1"
8482987617,104,0,1,"0,2,1,3"
163302441,105,3,3,"0,2,3,9"
163305121,105,3,9,"28,2,53,61"
163305122,105,3,9,"2,6,5,26"
163305123,105,3,9,"2,5,6,26"
241340554,105,5,13,"0,2,1,36"
241341470,105,5,13,"6,5,2,17"
2797065788,106,7,1,"2,0,6,1"
2796325987,106,7,1,"0,2,4,1"
2796380937,106,7,1,"0,1,2,14"
2798801367,106,7,1,"2,5,6,4"
3573184191,107,3,0,"5,2,6,7"
12981287354,108,1,3,"2,0,1,3"
13007748714,108,1,3,"2,0,6,1"
12758487303,108,1,3,"0,2,1,3"
12981010013,108,1,3,"2,5,6,7"
12830295813,108,1,2,"5,2,6,7"
12960033965,108,1,0,"0,2,1,3"
2124561916,109,7,10,"6,5,2,17"
2124570666,109,7,10,"6,5,2,17"
2124570756,109,7,10,"2,6,5,17"
2124561996,109,7,10,"2,6,5,12"
2123797695,109,7,10,"6,2,5,7"
2123789001,109,7,10,"2,6,5,7"
2123797785,109,7,10,"6,2,5,12"
2124562154,109,7,10,"2,6,12,5"
2123789207,109,7,10,"17,5,6,16"
2124571056,109,7,10,"17,5,6,16"
2124571140,109,7,10,"1,2,0,4"
2123789265,109,7,10,"1,0,2,3"
2124562424,109,7,17,"2,5,6,4"
2123798149,109,7,17,"2,5,6,4"
2123798237,109,7,17,"2,5,6,4"
2124562492,109,7,17,"2,5,6,4"
2124571390,109,7,17,"2,5,6,7"
2124562614,109,7,17,"2,5,6,7"
2123789609,109,7,17,"2,5,6,39"
2124571498,109,7,17,"2,5,6,39"
2124562780,109,7,17,"5,6,2,33"
2124571564,109,7,17,"5,6,2,33"
2124571664,109,7,17,"6,5,2,33"
2123789775,109,7,17,"6,5,2,33"
2123798687,109,7,17,"2,5,6,17"
2124562960,109,7,17,"2,5,6,17"
2123798777,109,7,17,"10,2,5,6"
2123789901,109,7,17,"10,2,5,39"
2124563122,109,7,17,"0,14,1,2"
2124571862,109,7,17,"0,14,1,44"
2124571940,109,7,17,"0,1,2,45"
2123790085,109,7,17,"0,1,2,45"
2123814133,109,7,17,"0,14,2,1"
2124580416,109,7,17,"0,2,14,6"
2124580480,109,7,17,"2,6,5,33"
2123814257,109,7,17,"2,6,5,33"
2123814357,109,7,17,"2,5,6,7"
2123807527,109,7,17,"2,5,6,7"
2123814437,109,7,17,"2,5,6,7"
2123807593,109,7,17,"2,5,6,7"
2123807675,109,7,17,"0,2,1,45"
2123814529,109,7,17,"0,2,1,45"
2124580812,109,7,8,"2,6,5,17"
2124587970,109,7,8,"6,5,2,17"
2124580912,109,7,8,"2,6,5,4"
2124588106,109,7,8,"2,6,5,4"
2124581028,109,7,8,"2,6,5,4"
2124588226,109,7,8,"2,6,5,4"
2124581122,109,7,8,"2,6,5,7"
2123808149,109,7,8,"2,6,5,7"
2124581292,109,7,8,"2,6,5,7"
2124581370,109,7,8,"2,6,5,7"
5722403122,110,3,12,"2,5,6,11"
5722408726,110,3,8,"5,6,2,7"
5721875151,110,3,2,"0,1,2,3"
5722447654,110,3,12,"1,0,2,3"
5722451708,110,3,14,"2,0,6,4"
5721898487,110,3,12,"0,2,14,6"
5722608626,110,4,0,"6,5,2,21"
2211269151,111,0,4,"2,5,6,7"
2212061050,111,0,4,"2,0,6,5"
2211269555,111,0,4,"2,0,1,44"
2211269759,111,0,4,"2,0,1,41"
2211269919,111,0,4,"2,6,5,33"
2211271233,111,0,13,"2,6,5,7"
2211271415,111,0,13,"2,0,6,1"
2211271653,111,0,13,"2,0,1,4"
87899635,112,11,13,"6,5,2,7"
87899782,112,11,13,"2,5,6,17"
87900055,112,11,13,"2,6,5,21"
87900126,112,11,13,"2,6,5,0"
87900282,112,11,13,"2,0,1,4"
87900332,112,11,13,"0,1,2,3"
87900377,112,11,13,"2,0,1,4"
87900435,112,11,13,"6,2,5,7"
87900478,112,11,13,"2,5,6,17"
87900523,112,11,13,"5,6,2,7"
87867753,112,11,9,"2,6,5,17"
87867841,112,11,9,"5,6,17,2"
87867943,112,11,9,"6,2,5,28"
87867957,112,11,9,"0,2,53,28"
91386936,112,11,13,"0,6,5,8"
88054591,112,11,3,"2,6,5,7"
88054632,112,11,3,"2,0,6,1"
88054767,112,11,3,"2,0,1,30"
88054816,112,11,3,"2,0,1,6"
88054838,112,11,3,"5,2,6,17"
88054873,112,11,3,"2,6,5,7"
88065283,112,11,3,"2,6,0,5"
88065347,112,11,3,"2,0,1,3"
88070891,112,11,3,"5,2,6,7"
88070933,112,11,3,"1,0,2,4"
88070987,112,11,3,"0,2,6,5"
88071021,112,11,3,"2,5,6,4"
88081329,112,11,3,"2,0,1,6"
88081427,112,11,3,"2,0,1,6"
88081465,112,11,3,"2,0,6,4"
88081527,112,11,3,"0,2,1,15"
88098427,112,11,2,"2,0,1,3"
88098474,112,11,2,"2,5,6,4"
88083325,112,11,2,"2,4,6,5"
88098523,112,11,2,"2,6,0,5"
88098676,112,11,2,"2,5,6,4"
88380783,112,11,2,"2,0,1,6"
88073188,112,11,2,"2,0,1,30"
88380813,112,11,2,"2,6,5,4"
87911908,112,11,2,"2,0,1,3"
88382387,112,11,10,"5,6,17,2"
88382476,112,11,10,"2,0,1,6"
88382511,112,11,10,"17,16,5,6"
340465704,112,11,2,"5,6,2,7"
340759178,112,11,0,"6,5,2,9"
338662156,112,11,0,"5,6,7,9"
338651217,112,11,0,"6,5,2,7"
366143893,112,11,0,"6,5,7,24"
339521007,112,11,0,"0,2,4,1"
349179315,112,11,0,"2,4,6,5"
338673746,112,11,0,"2,5,6,7"
353887728,112,11,0,"2,5,6,7"
349242232,112,11,0,"5,6,2,7"
344278903,112,11,0,"5,6,2,7"
340745657,112,11,0,"5,2,6,4"
3406435440,113,2,7,"0,2,1,27"
5824018571,113,5,2,"0,2,18,51"
5824019285,113,5,2,"0,1,60,2"
5824581542,113,5,2,"0,2,3,1"
5824582204,113,5,2,"3,0,1,2"
9217853292,114,6,13,"5,6,2,17"
9217871136,114,6,13,"13,8,16,22"
9231251364,114,6,3,"0,1,2,3"
9228520461,114,6,3,"2,0,1,4"
9231839408,114,6,13,"6,17,5,16"
9229196109,114,6,15,"5,2,6,17"
9229214767,114,6,15,"5,2,6,7"
9232014286,114,6,15,"2,0,1,3"
755975542,115,4,2,"5,6,2,4"
196946495,115,4,3,"0,2,1,6"
196947500,115,4,3,"2,0,1,3"
196948494,115,4,3,"2,0,6,1"
755981464,115,4,8,"2,6,5,7"
198767023,115,4,8,"2,6,0,17"
755127745,115,4,8,"2,6,17,0"
755128639,115,4,8,"2,0,1,36"
198768034,115,4,8,"2,0,1,36"
755129609,115,4,8,"2,0,1,3"
198769035,115,4,8,"0,2,1,3"
8045165995,116,8,10,"2,0,5,6"
8045168461,116,8,10,"2,5,6,0"
8045170815,116,8,10,"17,5,16,6"
8045173933,116,8,10,"5,16,6,8"
8045179147,116,8,10,"5,6,2,7"
2602294846,117,7,7,"2,5,6,4"
2114603546,117,0,0,"2,0,1,15"
2113827265,117,0,0,"5,6,2,7"
2113827589,117,0,0,"2,0,1,32"
2113827911,117,0,0,"6,5,24,7"
2114678234,117,4,16,"0,2,6,41"
2479938961,117,10,2,"0,2,1,3"
2479939429,117,10,2,"0,2,1,3"
2480752154,117,0,2,"0,1,2,3"
2636453778,117,4,2,"0,2,1,3"
2636454110,117,4,2,"0,2,46,10"
3021859002,117,8,14,"5,6,17,2"
3034701042,117,10,2,"0,2,1,3"
3033863885,117,10,2,"0,1,2,3"
3034702836,117,10,2,"0,2,1,3"
3033866553,117,10,2,"0,2,1,3"
3033867533,117,10,7,"0,2,1,3"
3034706872,117,10,7,"2,0,6,4"
3034707474,117,10,7,"0,1,2,44"
3033872115,117,10,7,"0,2,1,3"
3034714494,117,10,7,"0,2,1,41"
6633393777,117,0,2,"0,1,2,3"
3226869571,118,0,3,"17,5,6,2"
3226870857,118,0,3,"0,2,9,24"
3227726126,118,0,3,"2,0,6,1"
3227727672,118,0,3,"0,1,2,14"
3226877083,118,0,3,"2,0,1,6"
3227944076,118,0,3,"5,2,6,17"
3227944990,118,0,3,"2,0,1,10"
3227099013,118,0,3,"5,6,17,2"
3227953826,118,0,3,"17,6,2,5"
3230734604,118,0,3,"0,2,1,3"
3243385126,118,0,5,"2,5,6,4"
3242553497,118,0,5,"2,6,5,4"
3243388654,118,0,15,"2,0,1,6"
3243389216,118,0,15,"2,0,1,4"
3242648915,118,0,15,"2,5,6,7"
3242649823,118,0,15,"0,2,1,15"
3242650591,118,0,15,"6,2,5,12"
3242651251,118,0,15,"2,6,5,9"
3242652153,118,0,15,"2,5,6,21"
3242653959,118,0,15,"2,0,1,6"
3249906928,118,0,2,"2,5,6,9"
3249081631,118,0,2,"2,5,6,4"
3249910844,118,0,2,"0,1,2,44"
3249084377,118,0,2,"2,0,6,5"
3252689512,118,0,10,"17,5,6,2"
3252693014,118,0,10,"2,0,5,6"
3257638174,118,0,0,"2,5,6,4"
3256809451,118,0,0,"6,5,2,8"
3256810545,118,0,1,"0,2,1,4"
3256810879,118,0,1,"0,2,1,9"
3256811203,118,0,1,"5,2,6,4"
